500
1.767 1.37 1.0 1.18
46 652 756 4
60 1052 1267 4
98 272 485 1
98 603 990 1
43 1095 1211 4
91 453 701 3
38 1114 1202 4
25 870 939 4
65 52 228 3
91 1188 1502 2
100 1195 1493 3
68 689 833 1
15 1132 1184 2
56 427 596 4
24 1243 1326 1
14 395 442 1
20 185 226 1
99 115 384 5
58 39 252 3
44 939 1101 3
21 625 687 2
52 135 294 1
34 584 681 3
12 863 900 1
50 1244 1354 3
55 1229 1373 3
85 1153 1402 2
76 846 1053 1
89 1175 1457 5
44 844 934 3
59 10 202 3
30 1269 1385 5
86 56 297 3
80 1267 1491 1
16 563 626 5
31 1356 1473 2
23 100 150 5
71 1254 1505 3
46 191 288 3
80 812 1025 1
46 363 510 1
22 150 232 5
97 920 1116 5
22 268 327 4
55 388 606 5
22 702 770 4
92 1262 1483 5
77 687 940 1
53 702 819 4
29 767 874 2
70 337 503 3
69 1309 1482 1
16 1288 1334 2
70 332 481 4
10 430 459 4
75 1294 1537 1
60 163 348 5
94 387 706 2
29 643 735 5
37 1079 1168 3
95 1151 1420 3
32 344 435 1
66 1189 1325 2
50 386 568 1
80 295 601 4
80 345 645 4
29 544 621 1
44 583 729 3
81 246 557 1
32 20 134 5
17 490 524 1
43 1213 1358 3
17 943 995 3
76 452 695 4
53 970 1090 3
17 1082 1129 3
94 1241 1579 1
33 423 554 1
31 1137 1200 1
60 1125 1308 5
52 943 1081 2
48 1287 1467 5
61 290 474 1
70 229 400 1
14 1051 1095 1
64 40 190 3
79 230 484 3
51 1211 1337 2
79 482 715 4
63 519 669 1
63 717 924 1
40 1213 1330 5
13 1227 1268 2
26 1046 1146 3
33 442 513 2
34 195 329 2
79 765 1046 5
95 817 1019 5
84 650 965 3
72 23 185 5
25 968 1023 3
75 777 1076 2
73 398 599 2
35 791 912 1
56 315 497 5
12 401 431 1
40 850 981 2
90 252 528 1
33 571 671 4
57 504 668 5
11 525 549 2
62 643 885 3
46 1215 1325 3
51 1192 1355 2
46 653 762 1
63 516 695 3
67 181 414 2
86 873 1173 2
69 919 1069 4
54 372 540 2
48 518 629 2
56 684 865 3
67 1133 1303 5
16 425 483 1
97 588 877 2
90 45 292 4
56 1211 1360 3
47 330 447 2
77 258 542 4
46 1322 1437 2
48 351 513 4
67 1280 1527 2
71 1147 1422 3
38 681 799 1
35 1198 1291 4
63 568 769 1
47 209 384 4
93 510 791 1
22 448 518 3
49 1150 1307 4
24 23 84 1
82 123 314 3
29 155 226 4
83 806 1047 3
77 798 1036 5
39 1124 1203 1
37 95 214 1
51 1133 1268 2
41 423 530 4
48 479 661 4
11 825 865 2
70 1281 1427 5
66 375 594 2
45 156 254 4
50 1296 1419 4
32 841 911 1
44 527 674 1
44 539 696 3
27 351 417 4
86 178 465 3
52 248 403 3
37 979 1053 2
49 1051 1223 5
73 672 912 3
49 588 769 5
43 1064 1159 3
96 1220 1504 5
35 612 695 4
39 1025 1168 5
95 855 1063 1
26 596 683 3
92 1127 1441 2
62 1154 1354 3
93 1117 1336 2
69 563 802 2
18 56 98 5
19 436 488 5
61 935 1122 5
19 766 816 2
72 484 719 2
27 320 382 5
29 761 824 3
14 20 49 3
79 295 597 1
16 58 115 1
76 1336 1556 3
63 32 159 5
31 712 787 5
62 728 900 5
92 317 677 5
16 1147 1185 2
37 324 432 2
27 324 390 2
74 1021 1235 1
48 921 1021 3
81 171 476 2
94 1300 1490 3
62 719 951 3
85 1150 1331 2
39 10 106 2
61 415 626 1
36 935 1071 5
54 1149 1291 1
50 124 323 5
87 479 825 4
48 2 174 3
64 666 889 4
24 555 632 5
72 64 249 3
28 843 914 4
81 918 1115 4
76 683 882 1
55 160 327 4
62 1170 1415 3
59 268 468 1
40 735 830 4
60 842 1038 3
77 161 392 3
22 393 467 2
94 708 943 2
83 682 1006 4
49 1085 1216 4
50 997 1102 4
32 1227 1320 3
67 434 616 5
16 392 439 2
44 117 283 4
100 705 1051 3
29 187 248 5
52 627 811 3
98 222 569 2
30 987 1087 3
88 540 864 1
60 1071 1196 2
30 421 537 5
71 105 361 2
19 120 165 4
66 1207 1447 5
54 1003 1116 5
89 684 968 5
38 1358 1499 5
14 171 225 4
23 755 823 2
77 784 1078 5
89 670 893 1
71 864 1010 1
20 1114 1185 4
64 150 328 5
58 277 405 1
76 856 1065 2
84 1206 1456 1
34 454 582 1
25 198 270 4
49 195 315 4
52 112 280 5
57 363 540 2
60 288 430 2
62 1285 1524 1
77 992 1155 4
65 539 754 5
67 382 607 2
22 898 960 2
59 1015 1191 4
75 1194 1411 1
95 967 1213 4
38 208 299 3
80 664 956 3
39 881 966 3
15 1171 1208 4
37 1219 1348 4
61 49 261 3
38 352 468 4
79 124 409 5
53 765 897 4
23 569 619 3
80 762 952 3
46 554 683 4
80 370 601 1
32 465 530 2
18 445 493 1
56 278 406 4
90 284 631 1
46 829 960 5
31 223 335 1
39 896 1023 2
52 33 152 5
84 1167 1464 3
21 726 784 1
75 668 903 4
61 344 554 1
36 297 429 4
98 4 229 1
83 1024 1251 2
64 678 833 5
70 509 771 3
51 13 181 3
43 93 187 2
23 1342 1410 1
86 14 293 2
77 478 638 1
84 1180 1486 4
71 439 709 4
14 1051 1097 1
26 1149 1214 2
71 250 500 1
16 1171 1228 3
26 597 656 4
91 1320 1641 2
61 873 1050 5
20 911 975 2
65 19 276 1
24 472 536 4
14 1018 1072 3
99 838 1087 4
96 730 1043 3
87 567 898 4
22 561 645 1
90 1055 1271 2
79 186 402 3
44 754 863 1
29 272 384 5
28 111 222 4
20 1223 1302 2
60 635 833 1
12 1065 1095 3
68 325 578 1
55 341 517 3
71 807 1021 1
79 552 814 2
47 30 130 1
43 403 557 4
59 449 597 2
33 734 825 4
98 908 1257 3
35 162 289 1
29 1008 1076 2
43 1318 1415 4
49 632 812 5
89 833 1106 3
85 139 427 3
59 611 764 3
76 829 988 2
99 196 522 4
50 1308 1460 5
61 1167 1289 3
66 1006 1184 4
56 603 743 3
61 447 647 2
61 1082 1301 2
47 321 446 1
63 1213 1370 2
91 215 459 3
61 1364 1550 5
38 461 560 2
41 878 971 5
46 167 289 2
82 242 539 5
80 1223 1477 3
28 631 715 1
70 398 539 5
80 413 707 5
58 910 1071 3
65 517 715 4
73 189 441 3
46 337 506 3
95 355 658 3
37 707 849 1
32 352 463 4
26 341 393 4
10 925 948 2
46 338 517 1
94 630 844 1
86 1085 1392 4
18 571 626 1
28 818 904 4
13 799 841 1
70 690 867 4
88 352 537 4
52 1129 1250 5
26 723 793 1
59 433 597 1
70 1184 1429 1
69 828 989 5
24 1368 1460 1
19 1316 1358 5
75 705 968 5
20 1306 1347 1
55 1079 1221 2
81 356 668 3
63 35 211 4
82 1255 1560 3
54 1052 1236 3
82 1328 1607 4
64 908 1064 3
84 287 578 5
86 222 429 1
44 43 146 2
27 98 172 3
91 63 425 5
96 248 467 2
53 753 919 1
90 767 1104 3
65 870 1086 1
30 350 467 1
49 919 1074 2
63 173 380 3
47 520 681 5
90 264 562 3
22 256 308 2
50 681 794 3
43 794 956 2
23 1173 1220 3
92 1254 1448 4
34 85 156 4
49 420 558 4
91 329 532 3
53 1054 1212 5
64 61 256 2
12 1151 1182 3
55 699 816 1
26 358 433 5
69 919 1155 1
41 450 534 3
25 501 586 2
30 260 325 2
83 1040 1353 4
72 259 457 5
42 315 476 4
67 420 654 2
44 874 986 1
64 1127 1336 2
70 415 681 2
42 1169 1312 5
84 483 692 1
71 1210 1443 4
91 622 966 4
61 44 218 4
61 93 286 3
46 645 803 5
67 428 580 3
48 42 171 5
80 602 860 2
14 1304 1339 4
91 247 481 1
51 79 256 1
86 995 1338 5
59 42 175 2
70 45 202 1
76 447 710 4
29 227 290 1
23 235 302 5
17 1321 1365 3
39 1160 1308 5
60 1200 1342 4
14 130 173 2
28 562 633 2
86 340 670 1
67 30 182 3
84 527 835 4
100 76 420 5
60 1260 1437 1
51 41 216 2
21 1235 1287 1
62 89 264 3
47 495 671 3
44 0 93 1
13 86 130 2
91 321 558 5
41 1001 1110 2
74 124 293 3
65 813 1012 4
53 1320 1430 1
34 199 283 3
23 834 907 3
33 1274 1380 4
76 76 250 1
83 813 1101 5
16 918 974 1
68 314 542 5
46 646 824 3
95 551 842 5
33 182 289 2
40 1086 1181 5
20 415 458 1
55 1200 1379 1
43 563 720 1
26 1171 1247 4
48 1261 1425 2
47 1001 1115 2
76 982 1254 4
58 620 776 3
97 538 908 5
69 806 987 4
91 892 1096 4
59 698 929 5
12 1031 1066 4
64 1094 1287 2
67 190 379 2
69 1297 1527 1
14 770 798 4