400
1.406 1.0 1.703 1.101
37 986 1120 4
33 1048 1123 5
13 657 696 5
71 63 314 4
70 109 256 5
42 58 222 5
25 952 1024 5
44 420 566 5
73 51 297 2
18 80 129 3
41 359 500 2
19 601 653 1
28 462 538 5
40 1086 1237 1
11 270 300 2
96 739 1070 5
27 23 86 5
78 955 1147 3
61 314 534 3
56 314 528 4
39 247 352 3
93 92 364 2
33 558 678 1
40 678 833 4
69 8 195 2
27 774 858 4
59 162 335 4
47 172 300 2
23 807 867 3
72 404 556 2
76 202 453 5
84 320 654 1
40 998 1097 3
95 724 939 5
14 777 814 2
41 249 345 4
19 687 756 4
38 440 541 2
60 1015 1161 4
90 320 535 3
45 887 1008 1
22 537 615 2
62 983 1190 4
54 754 903 1
26 894 951 5
37 660 787 1
34 808 936 3
94 444 752 2
100 983 1300 4
51 581 770 5
50 776 961 2
35 488 607 5
12 632 660 1
45 970 1099 1
91 244 512 2
51 103 295 3
94 266 483 5
82 751 930 1
86 757 1020 1
14 820 854 3
41 73 159 2
91 590 898 4
42 281 402 3
65 736 939 5
24 292 355 5
55 508 705 5
100 1000 1327 2
39 439 590 2
56 1034 1182 2
43 450 591 3
95 684 1005 5
44 754 870 4
89 734 1028 2
13 779 810 5
42 275 390 5
25 594 692 2
77 467 753 2
59 297 525 1
95 121 311 3
72 716 916 2
93 591 819 5
39 619 735 2
11 498 537 4
45 168 305 3
63 213 346 4
67 879 1068 1
32 290 413 5
41 242 372 3
76 37 252 5
49 30 223 2
42 774 927 2
68 96 234 3
73 848 1025 3
75 457 723 4
43 906 1004 1
33 96 214 2
37 635 782 3
98 726 1024 1
78 785 980 2
32 793 871 4
61 113 254 2
42 785 878 1
27 88 167 4
80 23 314 2
30 1010 1126 3
91 9 355 3
13 919 954 3
96 508 739 2
96 92 339 4
95 1015 1331 4
43 845 960 2
52 964 1113 1
36 148 238 3
17 1022 1083 3
14 688 735 4
52 1059 1243 4
54 264 460 5
54 332 546 2
11 497 520 3
33 688 800 1
23 607 674 2
81 57 227 3
25 806 858 5
52 35 194 4
54 713 883 3
98 170 380 5
10 863 885 5
78 278 562 1
43 819 946 3
56 146 302 3
40 526 672 3
98 272 621 4
32 588 679 5
96 688 1047 2
37 881 997 5
37 952 1074 2
18 480 537 2
67 347 613 3
34 748 849 1
87 768 1113 5
83 547 823 1
92 1071 1384 4
28 96 195 2
99 360 578 4
88 791 1023 5
36 926 1004 5
43 617 757 2
85 361 561 4
72 137 301 3
85 251 507 1
33 633 704 4
98 351 664 1
16 158 216 4
92 56 262 2
94 115 462 2
74 1012 1227 1
20 402 444 1
15 991 1040 3
47 263 377 5
81 260 428 5
41 541 670 1
53 793 973 3
47 256 365 3
74 290 515 3
27 1042 1149 2
84 998 1267 4
17 753 796 5
90 1035 1366 4
34 137 219 3
54 609 813 2
84 1075 1320 2
44 582 710 1
43 610 754 1
93 607 901 2
54 651 767 5
99 237 460 5
77 1038 1224 5
23 746 806 5
27 924 1013 2
34 66 182 4
15 524 564 3
68 879 1115 4
51 8 208 2
65 128 277 5
27 250 355 2
88 310 555 4
65 970 1115 5
93 986 1218 2
26 720 813 5
26 687 754 3
36 783 910 5
98 1076 1302 1
13 958 999 3
18 238 285 1
95 218 501 3
73 963 1142 1
55 172 338 5
68 377 530 5
62 640 822 5
33 723 836 3
19 1007 1060 2
50 501 653 1
87 537 875 2
52 521 708 1
46 852 1035 3
25 999 1097 5
67 621 817 3
75 791 964 4
36 809 932 3
64 334 476 4
67 894 1073 5
16 140 180 3
89 560 809 2
87 294 598 5
39 518 610 2
91 889 1217 4
49 1054 1227 2
98 957 1172 2
44 453 599 2
98 665 1043 3
15 25 70 2
36 976 1082 5
31 797 906 3
59 306 496 2
73 564 851 5
36 54 181 2
13 302 350 1
97 767 1084 5
90 754 974 1
13 147 197 2
94 6 300 4
59 683 850 5
61 699 914 5
20 699 741 3
94 434 783 5
32 108 202 5
56 79 217 3
84 792 969 1
61 667 801 5
46 219 368 1
93 632 864 5
19 574 640 3
18 263 328 5
75 323 514 5
87 1084 1375 1
36 813 911 4
39 496 641 1
57 178 397 3
32 416 508 5
100 983 1334 1
58 304 530 4
11 296 334 5
87 622 950 2
49 909 1021 1
94 299 674 1
48 724 859 4
27 98 156 5
48 617 808 1
35 384 513 1
86 16 263 5
28 76 167 3
21 792 870 1
41 712 826 5
73 613 762 1
75 790 991 4
73 515 691 4
76 226 379 1
55 702 875 5
70 594 781 5
49 1085 1252 1
60 291 488 4
45 964 1118 4
40 729 868 3
23 992 1052 3
49 826 985 2
57 1062 1211 3
100 28 336 5
29 669 754 3
95 585 780 3
71 557 821 5
19 575 617 3
65 948 1092 5
40 699 797 5
78 241 516 5
47 594 703 1
21 857 919 2
82 416 619 1
45 524 650 1
77 133 384 2
23 121 210 5
14 564 617 1
15 139 197 3
62 42 179 5
10 363 392 1
91 1052 1391 5
11 515 550 2
40 675 821 2
40 154 287 3
68 775 959 2
74 912 1152 4
24 759 830 5
41 713 827 4
87 598 915 5
47 977 1102 2
95 177 416 2
34 520 633 4
57 349 526 1
92 647 972 3
76 229 459 4
43 563 719 4
87 1079 1375 4
87 582 904 4
10 1049 1086 3
19 871 928 4
49 253 421 3
69 707 858 3
94 180 383 4
18 205 246 4
82 329 505 5
22 886 954 5
13 366 415 1
87 971 1146 1
36 319 451 3
99 677 976 5
48 893 1001 1
37 303 382 3
15 712 750 1
62 725 938 4
58 158 278 2
23 622 669 3
94 878 1235 1
68 256 491 1
100 221 433 3
41 300 396 3
27 996 1099 2
38 317 405 2
20 622 666 4
78 585 792 4
87 79 379 1
53 409 607 5
65 779 977 2
70 92 286 1
36 666 797 4
46 474 637 2
72 1086 1317 3
30 162 225 2
88 1024 1222 4
75 140 356 5
16 608 654 4
22 1073 1142 5
69 54 234 5
72 581 799 4
33 251 341 3
88 714 910 1
47 568 741 2
37 46 143 1
93 1026 1313 2
54 553 661 1
96 800 1061 5
23 912 958 5
30 418 537 4
78 936 1247 2
36 827 932 1
96 1041 1393 3
21 355 417 3
35 312 399 5
59 188 372 1
16 163 208 2
92 83 398 5
61 543 697 2
54 903 1011 5
52 462 588 3
89 742 977 2
66 344 503 1
39 531 618 2
49 286 423 3
40 391 481 5
35 641 773 3
34 1087 1172 2
95 991 1350 1
78 698 968 4
73 489 731 3
86 637 947 3
42 421 555 1
22 485 545 2
42 159 243 3
83 672 993 2
71 239 460 1
79 900 1128 5
23 727 787 3
39 1088 1237 5
13 367 404 4
31 932 1004 4
64 534 789 5
60 13 227 1
86 408 588 4
53 804 945 2
33 777 846 4
63 576 753 1
86 139 335 1