150
1.0 1.307 1.686 1.482
89 351 635 3
28 106 189 2
20 275 320 4
48 9 180 3
98 385 637 4
57 395 538 1
72 112 290 5
61 376 583 2
100 25 314 4
88 317 616 4
22 313 400 4
72 355 620 2
48 29 209 4
85 264 553 4
57 295 517 4
18 37 99 5
76 171 432 4
76 278 446 4
33 142 208 3
96 412 635 3
88 87 436 2
42 416 531 4
45 229 324 1
76 236 420 5
20 85 126 1
19 85 158 1
11 196 218 2
42 184 332 4
47 131 258 5
68 216 454 2
29 134 242 2
16 14 63 2
64 366 519 1
82 397 634 4
67 293 508 4
22 406 483 2
43 84 176 2
63 312 482 5
42 312 423 1
74 115 332 3
69 264 458 5
60 6 200 4
25 1 72 3
96 193 395 1
89 410 728 2
26 58 131 4
16 143 185 5
23 66 148 4
36 221 322 2
60 310 472 2
40 231 332 4
66 395 611 5
12 62 91 5
22 318 392 5
85 91 416 3
95 414 793 1
50 92 233 5
37 99 215 1
23 214 277 4
73 262 542 4
53 350 535 5
99 152 526 1
34 74 182 2
66 356 520 2
26 195 284 2
92 263 468 4
78 247 408 3
66 416 562 2
89 387 643 5
58 158 276 2
88 178 459 4
68 290 469 4
71 357 540 1
69 150 365 5
28 78 156 1
38 340 421 4
98 346 603 1
84 92 266 1
98 7 263 4
21 411 460 2
92 271 618 5
96 330 590 2
82 113 340 1
16 368 431 5
49 336 490 5
28 266 332 5
11 145 169 4
94 291 537 5
63 364 505 1
37 398 495 1
69 122 309 5
80 327 616 4
25 214 287 4
23 321 404 2
40 411 530 3
51 395 582 3
38 344 487 5
80 156 370 1
32 18 85 5
55 53 244 2
37 361 490 5
82 398 590 2
83 5 325 5
100 305 507 5
81 373 616 4
38 50 172 3
16 273 331 5
12 100 130 3
52 383 501 2
72 155 394 4
81 196 507 3
40 95 217 2
63 21 177 2
43 23 180 5
22 35 120 5
66 317 463 3
78 13 280 3
65 120 376 3
20 90 130 3
48 411 546 4
11 292 334 5
84 350 589 3
18 161 219 1
77 384 661 2
72 171 391 5
97 88 291 2
55 272 464 1
78 73 332 1
52 232 398 3
67 20 186 3
44 18 159 1
60 323 541 1
85 286 488 3
24 183 263 3
47 332 441 1
53 333 443 4
48 11 169 2
22 411 495 2
32 267 389 5
53 269 465 1
95 279 598 2
63 177 338 2
81 130 302 1
44 135 304 5
91 127 475 4
26 244 330 3
98 414 768 5
57 248 464 3
25 405 479 5
15 358 391 2