450
1.476 1.819 1.0 1.628
29 310 379 4
75 1123 1359 1
85 1063 1393 3
66 547 708 4
27 423 522 2
67 12 198 4
16 136 180 4
47 63 220 3
37 585 691 2
88 640 823 3
88 974 1193 4
25 586 652 2
84 732 1066 1
60 834 988 2
63 1137 1310 5
38 1054 1191 2
58 1075 1255 4
96 1196 1476 2
73 466 668 5
42 1134 1231 4
27 951 1038 5
97 835 1169 5
16 351 388 1
51 909 1016 1
44 526 660 5
22 11 67 3
35 297 416 5
67 322 473 4
51 167 335 5
14 612 646 2
27 567 658 5
25 1134 1218 5
74 1124 1303 2
51 261 438 2
50 1028 1218 1
13 854 895 5
71 701 854 1
98 60 295 5
18 974 1041 5
93 853 1160 5
67 1219 1384 4
84 471 704 5
27 252 350 1
82 599 922 3
56 690 891 2
30 1131 1194 5
11 1210 1251 1
88 1027 1220 5
12 126 164 2
87 938 1140 2
74 189 371 1
73 354 637 5
62 207 360 1
73 521 768 5
88 245 488 1
94 1128 1316 2
56 1252 1453 4
51 1106 1221 2
97 153 369 1
41 58 214 4
52 941 1135 2
70 99 286 5
35 66 174 1
72 714 867 3
53 799 936 3
98 1128 1493 5
37 244 355 4
37 1084 1164 4
61 670 844 2
48 215 346 4
64 624 752 4
64 1 136 4
59 992 1110 3
37 315 420 2
86 103 407 4
78 769 1075 4
91 698 886 2
51 349 471 5
16 1039 1080 5
69 206 430 1
83 762 1082 5
78 637 809 4
88 1115 1461 4
70 961 1227 3
86 187 520 4
57 333 469 5
41 931 1081 2
85 1067 1353 5
89 940 1161 1
50 508 648 1
42 111 196 4
98 31 355 2
66 632 783 1
13 99 144 5
27 171 267 5
98 672 1022 2
66 351 547 1
50 241 406 4
56 154 286 5
15 821 879 3
46 584 744 2
33 716 782 1
82 141 401 1
46 953 1094 3
35 396 487 2
69 186 459 2
94 1104 1477 3
45 286 407 3
89 14 327 5
99 1245 1448 3
45 525 662 5
48 1250 1413 1
69 101 341 1
28 608 687 2
57 650 784 4
35 737 861 3
76 1164 1350 2
39 172 318 1
71 651 832 5
66 1082 1326 2
20 448 503 3
89 190 506 3
64 932 1084 4
40 579 730 5
82 662 858 2
61 169 402 4
75 426 676 2
55 1184 1391 3
54 340 553 3
44 925 1023 4
49 719 817 3
11 303 333 3
78 836 1063 4
95 472 809 3
32 613 724 4
68 647 833 2
93 816 1168 5
66 87 236 3
92 696 903 2
90 425 648 1
16 510 554 2
80 1013 1285 3
19 87 142 3
93 796 1167 3
77 282 544 4
83 280 515 1
89 55 329 5
68 954 1163 2
60 642 771 1
96 74 343 4
100 1243 1592 1
39 531 669 5
45 1188 1299 1
75 131 390 3
26 80 150 3
29 412 501 1
27 709 771 5
30 595 697 5
64 61 239 5
47 4 112 3
65 32 242 3
13 309 341 2
14 464 516 3
62 1178 1323 5
78 91 336 3
31 1122 1216 5
85 1060 1391 4
22 1036 1095 1
33 625 728 3
44 1221 1324 5
84 578 890 4
13 225 254 3
63 584 749 2
41 151 253 2
50 352 503 3
77 608 861 3
76 429 671 5
19 424 477 5
30 967 1045 4
83 599 816 3
12 753 788 2
14 282 329 5
88 963 1158 1
67 540 736 2
84 206 465 5
38 1042 1136 1
13 732 765 4
20 636 694 4
52 984 1103 3
38 166 314 4
65 809 1016 1
28 1100 1168 2
18 40 99 4
13 141 192 4
80 576 825 4
31 179 262 2
100 170 496 5
60 1039 1182 2
44 1158 1277 2
50 718 821 2
18 890 926 4
65 701 887 1
12 755 784 4
75 1182 1422 2
26 659 724 3
74 742 918 4
82 648 886 2
76 505 761 4
26 1134 1224 5
26 1018 1082 2
74 905 1054 3
32 1204 1301 5
31 336 439 2
51 1247 1393 2
84 184 380 5
73 206 468 4
22 950 1031 4
58 90 241 5
89 691 945 3
71 790 943 1
56 701 885 4
79 695 967 4
21 560 640 4
65 644 811 2
91 237 541 3
41 251 402 3
100 1068 1301 3
85 482 803 2
38 182 269 1
47 766 920 4
35 1116 1217 5
43 1077 1231 2
59 1257 1440 5
46 266 378 4
63 553 772 4
22 403 481 1
29 270 371 4
83 935 1251 4
28 242 331 3
40 610 698 3
82 346 652 2
86 1072 1306 2
80 872 1108 1
21 57 102 2
79 906 1161 3
82 22 340 4
46 952 1047 5
34 710 818 5
59 264 411 3
18 57 93 2
95 888 1141 3
31 576 652 1
11 742 768 2
87 997 1193 4
80 594 814 2
17 801 854 5
44 785 934 3
50 11 194 4
98 483 753 2
42 848 969 5
21 515 577 1
87 425 606 2
93 81 317 4
98 562 765 4
38 844 979 4
11 940 975 5
41 863 957 3
92 1220 1513 3
37 933 1065 4
71 1061 1261 2
23 379 470 5
89 340 627 4
55 1132 1293 5
28 1081 1166 1
31 459 539 4
39 305 405 5
35 1097 1170 3
64 466 603 1
20 180 252 2
31 653 741 5
75 37 304 3
38 749 849 3
32 1190 1271 5
83 508 790 5
100 32 247 4
13 276 314 2
76 1040 1213 5
92 545 897 1
75 73 350 5
72 217 485 1
11 777 815 5
98 1004 1359 4
94 931 1213 1
51 354 512 3
50 340 537 5
14 947 989 1
30 230 303 4
84 721 967 2
73 1044 1303 4
35 1062 1164 2
52 353 501 5
64 215 432 1
71 498 711 4
61 574 790 1
60 332 519 5
92 334 536 1
73 337 546 1
72 963 1123 3
86 523 825 5
88 205 549 4
89 549 830 2
50 747 871 4
19 1167 1216 1
81 214 463 2
99 1219 1428 3
90 304 509 1
82 494 796 1
55 1232 1351 2
90 62 333 5
91 1056 1318 1
41 283 369 1
68 354 569 2
13 28 56 2
61 141 275 1
37 621 732 1
70 143 362 4
15 337 382 5
59 1139 1345 5
63 1 140 1
95 929 1302 2
47 322 490 1
41 276 376 4
56 817 1035 3
24 1194 1284 2
90 313 663 2
57 638 809 4
87 1023 1291 3
57 1186 1335 3
20 252 314 3
18 30 86 3
13 462 503 5
27 159 260 5
67 548 739 5
60 388 530 2
34 1198 1332 2
20 1248 1296 5
81 816 1066 3
28 278 339 2
16 752 799 5
49 862 1044 2
46 809 973 4
36 29 108 3
22 685 731 3
29 181 284 2
92 581 801 4
18 461 498 2
58 1229 1397 1
27 712 810 3
28 934 1024 5
81 468 648 4
10 1174 1194 2
61 697 850 1
20 977 1053 5
28 769 861 2
59 189 411 5
92 566 832 4
13 178 224 5
81 1046 1324 4
60 1159 1321 2
12 400 439 5
100 960 1228 3
61 967 1191 1
56 1045 1168 2
63 978 1165 4
57 1185 1304 3
16 549 606 4
44 882 1055 5
95 1219 1487 1
47 949 1069 4
85 381 580 3
94 515 841 2
83 1010 1221 3
72 75 345 5
74 683 859 2
52 178 325 1
16 1221 1274 3
25 54 140 4
49 261 456 3
70 601 752 2
78 267 431 1
21 281 346 2
25 677 735 2
72 973 1119 4
50 969 1114 4
89 111 389 5
82 553 871 5
86 102 380 5
49 292 400 3
88 653 886 5
97 682 937 3
57 718 838 1
23 916 1007 5
28 756 815 5
54 836 1045 2
13 785 820 2
78 979 1202 5
21 1166 1231 4
71 262 525 2
29 226 330 4
25 589 685 2
36 1165 1268 2
62 631 868 3
51 791 994 2
81 1152 1365 3
61 924 1076 5
69 625 824 3
87 1207 1458 4
63 1183 1343 1
59 613 770 4
30 962 1034 3
90 863 1169 1
78 23 298 2
40 675 830 3
54 177 352 3
35 556 692 4
73 56 316 2
97 1252 1634 3
63 1041 1176 4
70 877 1066 5
48 1088 1264 4
10 1233 1272 3
67 344 529 4
15 1139 1192 2
25 813 901 3
90 809 1122 3
73 333 614 2
58 1247 1367 1
88 917 1220 4
69 259 439 4
51 1045 1192 4
41 454 568 3
100 1222 1608 4
88 530 770 4
74 944 1145 4
51 377 538 1
26 798 863 2
38 473 621 3
94 806 1128 3
49 246 389 4
15 1030 1080 2