100
1.427 1.473 1.0 1.406
88 43 362 4
68 188 340 5
25 139 198 1
36 89 180 1
35 4 117 1
12 83 125 4
40 161 260 1
78 168 404 2
59 67 252 3
81 212 429 3
29 15 96 5
34 223 312 5
47 264 394 2
81 137 303 5
27 174 248 4
80 78 307 4
79 138 314 3
36 141 256 1
63 166 417 1
48 261 405 2
50 232 392 2
33 243 369 1
21 24 67 2
55 101 216 3
91 248 432 2
28 200 259 2
56 191 377 3
16 127 171 4
48 20 123 3
50 0 169 3
54 36 197 3
49 67 202 4
72 57 324 2
10 130 155 2
47 105 216 4
81 200 484 2
52 242 354 5
81 240 483 2
10 195 219 3
40 84 183 1
35 104 235 1
80 107 306 3
64 80 256 2
33 236 367 1
29 259 346 2
16 97 136 5
26 256 355 1
78 226 472 3
82 256 544 2
53 23 146 3
95 69 396 4
70 225 412 5
49 199 326 3
99 150 386 4
40 16 129 1
41 247 361 5
51 241 406 1
24 60 121 3
46 251 393 2
85 82 280 2
71 88 279 3
92 103 440 5
10 98 129 2
15 70 123 4
72 112 386 1
38 65 182 4
72 259 536 1
92 127 357 2
48 108 262 3
42 206 317 3
69 256 481 3
34 252 368 4
48 58 202 5
52 239 360 3
72 163 391 3
87 98 280 4
14 10 63 1
30 60 133 2
22 84 135 4
22 54 105 4
22 176 234 2
79 39 331 2
80 22 194 5
41 43 147 3
88 181 504 2
64 16 146 4
89 6 209 2
27 162 223 1
24 56 132 5
99 230 622 2
49 189 298 4
96 250 488 3
67 113 318 4
99 180 426 5
35 120 209 2
99 23 291 1
93 234 562 2
37 156 233 1
18 143 188 3
54 151 264 4