250
1.486 1.0 1.413 1.378
26 559 658 1
35 342 459 3
30 72 181 4
55 311 529 2
15 236 283 3
70 329 526 1
39 397 507 4
38 433 510 4
97 631 876 5
96 522 858 4
76 648 846 1
50 647 832 1
28 33 118 1
28 573 629 2
30 661 746 5
12 144 182 1
67 542 754 2
24 428 494 5
88 90 317 2
11 285 321 3
12 157 186 2
92 652 992 2
67 591 857 2
27 444 528 2
95 338 618 4
65 555 796 4
99 623 983 3
42 337 502 3
63 516 687 2
15 460 511 2
24 109 190 3
46 550 688 3
36 547 674 2
66 46 298 1
55 641 839 2
27 632 687 5
38 412 548 3
39 97 192 1
20 83 162 3
100 115 341 3
54 27 241 4
15 342 389 3
17 668 710 3
97 121 462 4
80 605 818 4
94 273 580 2
83 257 467 4
67 71 277 3
34 85 192 4
87 421 682 4
99 637 967 1
56 425 580 1
42 331 470 2
86 507 716 5
27 328 412 1
94 676 1031 4
56 600 718 4
22 138 198 5
10 155 177 2
42 522 643 5
91 447 741 1
38 529 675 2
77 596 865 3
57 575 711 1
69 180 344 5
94 294 507 2
95 130 451 2
78 351 557 5
63 516 750 2
10 649 672 4
12 356 383 4
49 667 792 3
18 198 265 3
92 136 366 5
58 99 226 1
40 591 690 4
75 180 375 2
64 479 629 1
87 94 346 5
42 454 574 3
60 319 538 1
61 58 278 2
49 64 243 3
24 438 509 3
61 15 228 1
42 8 154 2
80 470 782 4
62 532 733 2
76 220 453 3
27 118 209 1
87 150 490 1
29 32 117 3
16 20 69 2
86 443 706 3
13 292 334 5
76 110 279 4
34 288 397 1
44 426 549 2
90 235 592 1
58 146 345 5
38 112 194 2
64 117 288 2
44 215 341 5
70 596 790 5
99 274 643 4
30 590 684 3
32 605 709 5
41 576 678 2
93 283 499 3
96 682 901 5
95 595 940 1
36 187 278 1
16 472 524 3
43 557 720 3
93 263 530 3
99 413 698 5
26 427 523 5
33 156 284 3
76 490 767 4
93 483 781 2
18 662 729 4
24 311 391 2
56 134 319 5
14 61 97 5
30 484 574 1
55 232 358 1
14 51 103 5
42 523 677 4
84 355 673 1
60 336 564 4
18 588 628 5
35 662 739 5
35 151 222 5
47 415 525 5
63 150 339 4
38 578 687 4
59 314 481 1
48 293 462 1
81 548 768 2
89 640 877 5
30 425 496 2
57 98 234 4
86 615 803 4
38 390 503 5
16 225 270 2
23 372 428 1
44 682 824 4
94 109 444 4
28 216 311 1
92 183 369 1
43 22 189 3
12 40 82 4
48 73 244 4
31 173 261 5
89 59 244 1
56 202 375 3
79 628 889 1
84 522 724 2
99 278 540 1
55 175 291 1
50 344 503 5
34 402 480 1
14 221 256 5
21 9 74 5
56 82 295 2
32 500 605 3
84 88 423 2
77 509 746 1
40 313 452 2
13 290 328 4
22 275 347 1
58 338 540 3
86 392 591 5
35 157 283 2
48 586 713 1
62 101 327 5
61 636 815 2
83 179 374 4
45 604 694 5
91 587 798 5
84 276 591 2
27 138 225 5
82 622 830 1
48 331 505 3
51 534 699 4
53 392 601 4
23 391 448 4
51 395 540 4
74 368 601 3
82 412 683 3
68 448 624 4
13 587 635 2
54 591 767 1
68 455 597 3
47 437 550 4
39 571 686 2
64 669 798 4
21 319 377 1
77 382 614 5
82 58 239 5
58 106 329 5
68 674 850 2
90 296 642 5
12 141 166 5
68 573 751 1
31 348 430 3
57 329 463 4
73 145 380 1
88 338 685 4
83 259 536 4
20 251 325 2
44 244 396 3
42 540 698 4
52 26 157 1
89 414 671 4
72 290 489 2
76 555 713 1
97 507 881 4
84 124 413 3
55 76 219 5
50 378 553 4
13 273 300 1
62 627 864 1
82 550 717 5
80 592 810 2
78 91 357 2
10 147 173 2
98 4 340 2
72 182 385 4
36 362 501 4
70 293 455 4
30 517 582 5
16 72 121 1
80 50 286 5
99 339 690 3
11 22 46 2
84 153 373 2
76 498 668 1
24 170 235 4
66 391 554 1
42 492 603 3
61 674 832 3
32 6 109 2
54 79 241 2
62 200 362 4
82 542 710 2
50 315 479 1
56 381 569 1
46 142 242 4
77 503 795 4