50
1.0 1.683 1.432 1.396
30 82 196 2
60 4 135 2
57 26 229 1
12 101 136 5
76 29 208 5
56 100 296 2
27 60 141 5
48 29 137 5
61 8 190 3
66 76 253 5
17 116 156 1
21 45 125 5
30 28 146 5
59 112 344 2
94 88 283 4
68 58 235 3
41 115 258 2
79 125 288 4
62 56 204 2
52 21 172 2
24 65 139 1
66 17 256 2
18 98 150 2
59 63 231 1
67 45 189 5
94 20 274 5
99 61 383 3
65 21 211 4
28 79 141 4
14 37 81 5
23 94 155 4
51 115 294 3
80 59 364 3
40 89 217 4
28 74 173 2
95 6 375 5
16 83 125 2
31 26 129 4
18 5 56 2
35 78 185 5
59 73 211 5
63 97 328 3
93 44 257 1
45 75 203 2
25 72 135 1
74 99 290 1
38 43 125 1
22 108 152 1
97 105 397 1
43 62 202 4