300
1.0 1.393 1.868 1.149
100 58 329 3
76 618 893 2
40 45 160 3
43 111 213 1
96 117 352 4
34 336 448 4
96 208 522 4
67 563 724 3
24 148 217 1
99 232 552 4
18 173 232 3
23 737 811 2
98 573 872 5
27 742 818 2
52 362 537 2
98 622 869 4
49 345 471 1
27 824 911 4
53 704 875 3
82 537 841 4
42 233 391 4
10 104 141 3
12 735 774 4
18 12 62 1
14 705 756 1
55 298 414 1
27 793 859 5
38 627 775 2
78 40 308 5
30 320 401 1
31 478 544 5
46 408 580 5
62 66 230 3
60 826 967 3
76 2 190 1
64 445 690 2
69 669 820 3
31 425 506 5
85 309 566 2
96 570 822 1
68 720 870 3
12 135 163 5
66 420 645 4
91 579 900 3
43 28 147 3
12 251 284 5
43 116 246 1
44 370 485 4
88 643 881 1
33 331 452 2
81 21 190 3
96 823 1117 2
43 111 210 1
74 134 333 5
18 795 865 5
42 771 867 1
40 676 823 5
60 825 999 4
76 452 673 5
83 354 683 4
40 484 629 2
55 727 859 3
24 179 265 4
56 607 781 1
57 284 454 3
33 293 372 1
69 572 792 2
51 176 311 3
51 392 495 3
12 448 472 5
27 263 358 4
73 695 899 1
90 572 815 1
40 722 810 2
54 215 384 2
30 224 339 3
20 608 654 5
50 562 741 2
67 800 1062 5
67 608 811 2
96 459 746 3
61 405 536 4
28 350 438 3
71 284 524 4
61 451 598 4
44 238 341 5
78 822 1100 2
48 726 870 2
62 498 739 5
88 722 1042 5
21 27 103 3
48 574 735 2
40 531 636 3
15 643 686 4
70 91 359 1
79 490 652 5
10 334 371 3
68 748 894 1
36 366 503 5
80 131 401 3
87 448 775 3
88 209 412 5
64 91 302 2
17 252 286 1
54 552 708 5
14 742 789 3
91 787 1005 5
29 216 325 1
100 240 561 3
48 334 522 4
85 581 891 5
63 389 638 2
15 374 432 3
28 372 471 5
27 174 241 5
93 326 579 5
50 411 523 3
41 150 271 2
79 824 1015 1
33 399 477 4
13 249 290 5
44 139 277 3
70 69 337 5
98 659 1001 5
63 32 255 2
20 708 777 5
91 613 898 4
100 365 763 3
73 647 859 3
94 563 902 3
48 682 867 5
65 713 908 3
50 253 434 2
42 604 701 3
45 728 892 5
11 24 52 1
78 793 989 5
39 93 174 4
10 277 312 4
34 206 307 1
22 472 549 3
41 367 489 1
31 805 869 5
64 292 445 2
88 386 596 5
68 116 285 2
22 810 881 3
17 164 208 2
23 764 833 1
68 247 385 1
18 817 876 5
47 646 788 4
87 780 979 4
50 732 905 4
83 485 814 5
76 24 179 4
65 796 967 2
70 398 665 3
49 140 268 1
11 22 54 2
78 532 813 5
20 81 144 5
78 147 313 3
57 633 792 2
73 768 966 5
65 177 359 5
81 3 202 5
87 323 514 5
60 150 335 4
99 671 1009 1
92 383 599 3
74 463 729 1
39 67 201 1
65 32 288 1
88 261 498 3
20 324 367 2
81 519 690 4
59 364 575 4
76 350 550 5
21 681 760 2
12 510 545 4
71 515 743 4
23 441 502 2
34 345 427 2
74 170 368 1
26 658 758 3
40 183 324 3
58 594 739 5
73 81 307 4
76 514 677 4
42 63 193 2
53 200 332 1
97 329 655 5
29 459 558 2
44 658 799 5
99 221 590 2
64 86 282 5
18 532 594 5
38 188 317 3
18 381 433 3
73 246 484 4
94 565 939 4
64 197 371 2
39 676 794 1
69 662 832 2
90 524 881 3
87 137 334 2
43 725 856 4
10 199 233 4
18 450 487 5
32 510 625 5
39 696 788 2
25 629 726 4
35 250 374 2
74 736 950 1
87 516 718 4
93 97 371 4
36 128 206 1
49 88 225 2
15 493 534 2
90 292 567 1
87 683 876 1
91 61 424 3
55 218 328 2
64 720 911 4
39 176 265 4
39 597 721 5
54 748 942 4
47 290 386 4
75 743 932 5
28 333 425 1
91 550 800 2
25 242 332 4
69 84 257 3
48 323 472 4
98 92 364 2
95 712 983 2
87 444 698 5
36 763 869 1
84 492 824 3
44 206 312 1
82 694 958 5
47 558 666 3
39 590 695 2
44 208 358 1
42 294 392 5
56 818 1015 1
53 419 526 3
88 195 508 1
30 317 436 3
79 692 989 1
74 135 304 5
16 334 388 5
48 536 696 4
53 251 360 4
100 518 818 3
77 219 470 4
52 491 610 4
13 710 751 5
19 332 406 5
67 579 785 1
44 563 684 3
97 664 883 4
80 587 904 4
60 253 400 1
78 610 921 5
37 354 494 1
30 792 866 4
78 113 303 5
22 251 334 5
79 798 1058 4
22 418 500 5
82 489 708 3
53 129 303 4
99 156 473 4
55 2 145 4
62 514 748 5
88 241 460 4
93 101 365 5
99 137 403 5
65 610 851 2
40 606 750 1
41 391 514 5
76 480 714 3
45 217 366 1
67 64 293 1
25 264 328 5
36 291 365 2
94 342 584 4
30 2 84 3
82 710 976 4
64 487 723 4
17 235 283 2
18 595 652 2
38 131 240 5
20 361 438 2
49 762 903 2
14 436 469 3
53 700 877 5
95 562 770 1