350
1.447 1.0 1.067 1.345
59 691 843 3
48 76 180 3
39 355 482 2
70 846 993 3
77 34 324 4
100 694 1069 3
41 579 723 4
86 449 779 3
22 12 58 1
16 667 721 3
49 108 239 4
97 93 319 1
31 35 114 1
77 131 293 4
59 215 401 3
95 159 411 2
85 283 602 2
39 332 410 4
47 193 346 3
64 654 792 1
69 930 1157 2
18 687 746 4
62 148 313 1
66 15 200 3
63 809 991 2
63 10 196 2
70 741 917 5
90 908 1208 3
43 199 312 4
80 316 489 5
85 707 1022 3
33 375 483 3
32 737 852 5
77 189 390 2
37 49 123 1
53 617 770 5
94 931 1298 1
60 904 1133 1
16 711 755 5
25 307 371 3
62 362 491 3
96 271 481 1
20 233 304 2
98 582 858 5
69 407 675 1
53 526 712 5
21 89 145 2
20 465 510 4
45 26 128 5
93 522 849 2
18 654 691 1
35 938 1037 1
28 272 337 4
24 290 374 3
95 663 939 3
29 777 838 1
58 61 203 2
48 1 141 4
94 386 667 4
38 25 164 1
29 156 260 1
64 701 921 1
31 212 328 3
14 1 49 5
70 811 1014 1
54 431 613 1
84 437 737 3
41 747 900 4
25 600 663 4
64 737 880 1
97 701 952 3
86 639 908 2
12 716 753 1
80 867 1064 1
46 591 740 5
74 228 498 3
24 140 193 2
59 512 747 1
22 3 62 5
15 846 894 5
25 281 367 1
50 960 1093 2
52 385 557 5
35 36 159 3
20 145 197 3
50 927 1114 1
32 88 201 3
41 546 661 2
71 32 299 3
88 40 352 1
76 223 455 4
37 680 816 4
73 636 811 1
94 123 481 2
58 646 820 3
87 598 788 3
62 267 419 5
33 522 645 2
14 834 881 2
65 167 374 3
68 320 578 5
73 507 682 4
67 442 607 2
66 161 333 5
66 603 739 2
24 843 901 2
45 947 1048 3
89 355 576 5
52 369 565 2
47 809 927 4
52 144 312 5
88 809 991 2
30 244 353 4
23 363 433 4
73 405 677 1
34 398 520 5
86 513 742 5
91 770 1095 4
83 758 1079 2
33 314 408 5
69 522 704 3
70 304 491 2
53 430 567 1
29 758 872 2
28 855 937 5
65 54 304 3
77 700 867 5
93 738 1014 2
59 585 703 3
10 673 706 4
58 37 242 3
81 293 569 5
15 239 269 4
39 113 235 3
81 545 711 1
24 208 263 3
68 835 1028 2
10 534 565 2
49 818 979 2
61 137 284 5
33 127 216 4
83 216 512 4
68 688 909 5
20 322 368 3
14 841 894 3
14 641 676 2
34 424 521 4
45 351 505 5
34 724 814 4
18 481 537 5
17 341 392 1
48 552 719 1
76 508 667 1
74 258 486 4
50 652 774 1
40 862 1010 4
24 631 683 3
72 509 754 4
62 835 996 5
56 949 1139 5
10 105 134 4
94 77 414 5
11 891 933 3
87 770 1028 1
42 117 236 4
46 917 1013 2
26 79 176 1
18 321 363 3
47 295 470 4
72 3 210 2
23 298 353 5
30 320 425 4
75 438 716 3
87 921 1146 5
37 649 723 4
58 544 718 2
37 633 775 3
82 686 947 4
64 885 1132 4
93 107 352 1
45 950 1108 5
61 696 936 4
17 500 539 5
23 232 279 5
69 305 539 3
21 887 940 5
88 156 442 4
35 327 408 4
24 942 1010 2
49 324 462 4
65 84 222 3
22 407 482 3
99 287 582 5
44 675 806 5
87 561 823 3
98 500 763 3
19 748 788 3
27 890 960 4
38 527 632 5
99 159 492 4
39 403 506 2
71 459 628 1
71 67 320 2
90 190 432 2
95 325 529 3
12 931 974 2
41 214 338 1
53 629 820 4
88 331 507 4
44 863 987 2
28 0 78 2
14 290 345 1
22 616 661 4
74 677 875 5
37 40 167 1
12 920 959 5
33 154 279 2
96 444 780 1
56 350 506 4
32 176 277 2
66 182 400 5
64 828 1043 3
64 468 707 4
21 258 301 5
42 794 951 4
10 75 96 4
61 4 139 3
89 396 659 2
70 502 699 4
87 84 400 4
70 211 420 4
59 787 963 3
23 551 641 3
61 523 681 5
78 437 709 3
51 709 892 1
28 414 510 1
80 119 407 3
98 955 1282 1
65 855 1103 2
59 63 276 1
54 547 682 4
88 541 732 5
59 875 1094 2
59 863 1038 5
32 117 196 2
45 0 158 3
51 783 976 2
64 404 645 2
79 287 500 1
46 89 244 5
59 147 352 5
96 52 420 3
21 474 528 3
70 595 756 2
97 191 455 1
28 265 375 3
17 12 48 1
100 596 812 3
67 127 267 4
54 651 843 5
27 677 784 1
100 939 1234 1
23 164 246 2
56 133 324 5
63 476 719 1
34 63 162 2
41 280 391 3
16 366 408 2
92 536 886 4
44 193 337 4
26 227 323 3
40 881 1023 4
30 427 513 3
18 139 186 4
90 572 893 5
51 903 1079 3
39 685 785 2
83 68 280 4
69 770 1004 2
55 363 516 3
20 661 716 2
55 819 1027 5
83 408 681 5
60 514 646 2
96 236 547 2
39 195 319 2
92 73 401 5
27 315 376 4
18 491 538 1
42 30 134 4
42 43 182 2
90 894 1180 4
12 460 495 1
75 636 893 2
96 147 358 1
79 906 1208 3
32 904 1030 5
77 64 365 5
20 437 479 2
68 142 293 2
70 399 669 4
80 327 560 2
46 287 457 2
84 757 1043 5
71 238 406 3
10 955 987 5
100 42 368 5
79 687 959 2
51 674 837 3
96 877 1237 5
39 169 301 1
87 494 725 4
66 335 587 1
61 201 417 5
51 873 1012 1
94 323 554 4
55 89 234 2
35 153 238 5
59 542 728 5
34 41 145 3
75 738 984 3
62 668 857 3
22 723 802 3
14 725 772 3
99 116 366 3
55 830 980 3
97 470 789 4
16 950 991 4
77 176 342 2
78 905 1179 4
83 497 741 3
55 516 710 2
58 81 205 4
60 707 834 3
84 663 865 5
80 11 232 3
61 274 417 5
72 87 244 5
75 33 237 1
81 44 317 5
87 614 892 4
98 236 547 1
64 813 1059 5
31 188 282 2
56 262 419 2
58 897 1060 2
24 555 649 1
76 879 1035 5
24 99 164 3