200
1.375 1.0 1.037 1.611
54 441 589 2
27 293 377 5
46 323 453 4
87 326 510 4
97 427 662 2
11 136 172 3
95 258 458 1
11 25 56 2
82 460 714 5
14 83 121 5
71 22 301 5
78 481 679 4
35 145 246 2
16 160 198 2
56 253 381 3
60 423 605 4
70 229 389 2
35 14 143 5
22 441 487 5
61 179 342 3
86 41 278 3
45 437 580 3
65 280 520 4
19 94 157 5
31 124 187 2
67 401 550 1
98 156 497 3
82 51 294 3
45 154 299 1
17 172 238 4
17 141 208 3
53 372 512 4
71 288 519 5
38 158 246 2
11 325 356 2
34 487 562 5
10 83 121 2
34 25 115 3
62 315 478 2
77 159 394 2
61 379 599 4
88 77 338 3
98 6 312 3
42 55 177 3
20 404 479 3
34 43 132 2
55 325 457 5
62 423 620 5
13 456 492 4
86 422 639 5
64 288 464 4
20 44 89 4
22 185 259 4
37 53 147 4
49 103 279 5
39 286 434 5
67 36 237 4
99 497 714 4
34 281 406 5
59 478 682 3
72 72 330 2
48 197 384 2
26 138 233 5
88 68 309 4
79 253 440 1
38 463 562 2
63 79 293 5
32 319 394 5
35 297 430 1
19 262 313 2
80 47 238 5
11 12 43 5
69 92 323 2
72 226 419 1
69 135 387 1
13 376 406 4
19 89 153 3
96 348 620 3
24 125 175 3
97 384 706 1
33 415 488 3
43 21 133 4
37 191 291 1
66 2 247 2
32 65 137 1
52 335 450 4
79 210 439 5
16 187 240 2
97 332 587 4
78 10 227 1
92 416 725 3
89 211 474 5
52 287 488 2
54 472 612 4
40 477 582 4
37 300 440 2
49 473 595 3
53 74 263 1
64 253 429 5
82 275 566 4
23 339 408 1
66 429 653 2
24 309 386 2
49 388 489 3
76 183 392 3
47 89 240 1
57 285 414 1
12 370 417 2
10 484 523 5
70 223 471 5
16 185 242 1
92 88 290 3
76 248 547 3
11 100 142 3
40 30 158 2
96 261 637 5
71 460 712 1
46 335 504 5
79 458 687 1
18 27 83 2
48 286 467 3
92 220 498 3
61 503 631 5
48 379 476 2
61 254 439 1
86 39 223 4
34 3 87 4
86 198 407 2
82 185 464 5
55 136 264 5
10 158 183 3
30 232 330 5
28 404 506 5
70 2 186 3
82 135 387 4
40 376 484 4
16 381 420 3
21 79 128 1
25 19 75 3
45 306 427 2
37 468 564 4
31 405 521 4
86 317 525 5
41 498 592 4
43 326 487 5
16 298 334 5
47 415 539 1
74 259 449 5
14 13 43 4
26 447 521 4
51 434 563 2
39 385 511 1
89 30 321 4
13 155 194 2
17 291 327 3
45 62 222 4
82 357 681 3
10 181 219 4
74 512 664 1
18 221 266 5
43 366 456 5
93 6 337 2
52 125 285 1
95 210 516 2
85 256 525 5
85 175 403 2
39 123 260 2
97 215 592 3
64 78 253 2
10 493 532 3
64 338 577 3
18 311 360 1
63 385 583 1
59 206 369 1
43 262 349 2
49 266 416 5
96 354 686 3
51 211 379 3
83 289 592 4
14 272 307 1
86 470 713 2
71 336 582 1
73 513 712 3
93 12 328 1
61 437 657 3
11 416 457 5
72 300 490 4
88 256 460 3
67 275 501 1
32 60 144 5
37 93 200 5
54 1 176 4
19 258 311 1
36 340 433 1
11 65 98 1
31 421 488 4
56 234 352 3
54 190 320 1
78 418 629 2
31 380 477 4