100
1.5714285714285714 1.0 1.6428571428571428 1.2857142857142858
20 330 621 15
15 102 120 25
47 338 388 69
17 164 301 64
11 190 296 70
45 233 346 72
37 66 432 59
20 209 346 98
37 360 653 68
34 146 442 74
30 56 430 93
39 245 595 54
25 272 537 98
24 92 228 19
12 188 310 87
42 359 491 50
11 206 364 92
38 350 484 47
42 297 542 9
47 2 276 63
40 0 98 83
45 244 369 57
27 275 491 3
16 188 336 4
20 147 516 46
19 116 404 39
24 312 445 82
39 82 175 47
21 194 272 25
17 187 371 14
33 0 176 17
13 197 246 54
48 68 256 10
32 182 264 2
30 329 497 76
16 60 171 10
15 316 606 97
16 160 190 79
17 0 116 91
33 92 142 91
39 167 272 23
45 300 406 45
15 146 504 87
15 285 467 90
47 161 441 50
25 269 396 36
32 144 191 42
10 34 228 34
18 195 425 44
29 17 366 50
46 54 302 52
36 135 180 88
40 289 627 52
15 262 357 55
42 90 248 63
42 245 468 75
26 296 358 39
21 97 424 33
14 299 557 51
22 273 395 64
41 83 417 8
22 142 364 71
13 205 493 80
32 37 385 46
11 55 140 68
31 62 146 56
25 75 309 56
10 31 224 67
30 80 202 76
10 58 119 11
31 11 144 67
15 82 138 93
12 281 588 22
10 87 433 51
36 130 333 63
41 351 680 37
36 206 579 9
42 238 433 41
34 15 89 74
14 51 364 24
24 230 483 64
28 29 259 1
25 96 160 58
29 261 349 17
44 154 319 6
26 27 379 91
10 169 444 83
13 364 408 19
32 76 313 47
19 0 312 46
25 182 454 30
23 201 360 7
19 252 349 26
20 368 506 3
41 64 244 7
40 216 319 94
49 326 638 58
27 278 583 69
15 236 482 35
46 238 533 73
