350
1.1764705882352942 1.1176470588235294 1.1764705882352942 1.0
18 1245 1829 3
20 812 900 94
28 817 853 30
38 282 1308 42
49 412 991 22
16 915 959 80
48 705 963 70
26 573 639 27
38 90 744 87
37 1130 1733 1
10 601 908 80
26 96 1076 33
31 175 400 18
39 56 749 17
19 1067 1593 30
47 896 2054 33
10 553 937 91
22 521 832 74
22 807 1105 67
21 565 1516 14
46 939 1976 58
12 1009 1230 16
42 1019 1532 89
38 1088 1594 11
42 700 959 35
17 144 175 55
43 730 1279 81
24 336 738 41
45 758 1106 80
14 1076 1156 95
22 33 1371 20
46 613 1399 18
13 941 2090 36
19 982 1298 71
14 128 1449 7
13 1164 1810 25
11 731 1220 19
16 541 1593 51
10 1080 2179 37
47 108 1331 6
22 86 267 66
11 1148 1879 21
43 369 1508 92
19 49 1103 60
46 255 453 50
10 135 596 28
26 919 1387 69
44 654 1230 50
15 324 1537 37
46 569 793 71
48 182 1262 32
17 693 1229 79
21 1083 1234 56
34 1246 2158 31
23 1081 1629 37
38 244 1236 94
49 177 269 43
45 168 930 64
19 192 379 1
22 282 1527 48
26 942 1344 73
32 203 1552 15
48 1108 1440 39
10 498 1152 34
33 981 1919 42
11 448 1068 76
17 1214 1999 43
12 82 385 69
42 185 583 78
27 85 1397 18
13 1229 1242 62
27 842 961 49
35 626 1864 22
26 508 1637 65
34 1072 1156 42
48 804 1457 35
47 415 557 43
11 1211 1238 42
13 1188 1451 62
17 682 997 2
21 1147 1231 15
33 1302 2244 7
11 968 1699 20
34 572 1079 11
14 432 1726 53
17 92 943 61
30 1117 1844 87
23 579 1319 56
46 754 1631 34
12 355 384 86
36 762 1244 12
16 1122 2093 96
40 221 1125 95
28 1285 1891 12
22 355 1509 87
36 242 1182 98
42 588 668 37
16 560 1335 26
11 518 1722 65
25 650 1551 72
19 291 1090 67
25 163 881 39
43 492 1787 94
41 1202 1871 73
23 429 525 6
49 1134 1759 44
49 483 977 40
23 1156 2162 40
38 880 1269 20
40 972 1718 11
28 314 586 19
33 61 779 24
12 860 1422 1
44 30 440 31
28 111 614 18
44 911 2015 31
13 104 1253 87
48 227 401 50
45 946 2139 67
11 280 295 83
39 547 1739 67
44 165 933 83
26 729 1757 83
15 622 666 79
23 979 1115 97
45 473 835 77
24 1261 1629 92
37 1228 1446 36
11 768 870 33
31 1036 1187 62
38 928 1641 51
49 378 1566 73
34 1163 1290 95
20 823 850 24
36 531 877 58
24 985 1502 35
37 315 694 16
33 883 2024 64
29 830 1389 9
40 772 1019 43
22 1198 1965 34
35 417 1138 79
12 329 511 91
30 634 1068 17
42 660 1443 54
44 456 1204 71
34 1007 1468 20
18 475 1122 5
40 1188 1779 62
11 688 1545 37
21 422 622 46
17 0 437 71
45 844 1083 39
34 584 1367 12
16 765 844 94
30 1003 2091 94
15 361 1044 88
22 61 1187 44
32 158 216 8
10 1047 1102 12
27 532 1659 94
29 985 1179 44
17 782 1008 78
39 890 1498 83
17 677 1839 16
18 640 1357 83
45 574 664 35
17 139 268 54
40 116 743 6
30 641 1393 60
18 879 1000 87
19 500 731 72
11 1164 1527 27
34 453 1731 44
13 931 978 79
49 1239 1288 22
46 892 1315 42
32 695 729 94
36 983 1600 53
44 1039 1282 61
44 935 2074 37
19 980 1393 33
40 771 1767 11
40 599 722 52
21 1225 1877 32
18 599 1172 18
43 714 973 7
17 169 318 7
22 1079 1807 92
31 978 1383 71
17 1138 1979 86
48 685 1919 10
17 558 1647 11
27 1241 1837 12
13 1125 1802 88
40 210 1527 67
21 214 993 3
32 348 791 88
48 148 942 66
13 1262 1537 50
28 1290 1601 25
29 1230 1597 31
23 1157 1737 21
33 764 1818 77
10 742 1910 47
41 20 893 61
12 741 1574 18
23 671 1347 54
30 472 1275 97
12 507 1401 44
16 220 449 16
41 818 1105 65
32 1056 1126 86
12 509 695 81
31 338 932 14
33 884 1865 51
11 214 992 6
20 1156 1891 16
16 337 1521 94
10 316 890 19
15 173 1497 66
14 190 882 96
29 1282 1339 34
39 1302 1491 78
14 683 1728 69
27 120 373 85
41 844 1822 7
42 778 1354 12
44 854 1520 40
16 720 1420 55
15 235 625 13
32 1038 2099 13
37 133 393 91
36 810 1336 8
49 338 1302 65
11 928 1847 4
43 370 430 63
47 1273 1507 44
25 1133 1567 27
28 88 1194 10
19 801 1185 26
18 415 910 72
18 1309 1535 14
44 849 1632 29
38 298 1176 82
18 363 790 2
22 906 971 30
11 1042 1867 72
10 480 1551 57
36 558 633 59
22 486 1715 99
35 811 1726 14
10 716 967 63
35 490 725 4
31 1054 2164 24
37 1282 2152 78
34 90 423 76
25 835 1584 24
26 334 595 96
12 1229 1317 90
22 445 779 59
33 874 1675 81
27 932 1454 71
25 833 1650 71
25 605 1187 60
23 237 1425 66
30 545 1759 48
22 588 909 64
16 1219 1887 41
14 1098 1924 36
44 239 298 9
49 288 1208 18
44 757 1221 45
40 2 179 14
38 919 1309 59
39 487 1422 30
20 610 1709 8
43 314 1461 45
46 877 1022 94
45 570 1329 91
27 551 1823 38
31 0 123 50
28 645 1484 1
35 238 1145 42
12 1291 1448 11
26 508 1702 4
14 766 830 74
32 1042 1662 87
41 1304 1787 95
36 982 1198 79
23 322 969 30
18 261 1391 84
40 88 563 14
20 500 969 28
26 82 1137 23
23 289 1075 82
46 389 459 23
28 1239 1706 1
18 622 1860 18
26 46 1303 22
25 566 1649 38
23 126 785 97
46 1177 1230 22
24 962 1149 10
31 470 1106 71
46 1128 1487 8
41 1180 1321 93
29 122 556 30
48 476 649 22
30 1165 1211 46
10 415 533 45
24 611 1707 61
46 827 1331 31
11 93 511 23
39 1168 2164 36
41 0 1159 32
12 1212 1310 55
49 328 1230 70
22 506 764 82
27 622 857 63
20 1165 1786 9
37 182 1485 53
48 508 891 42
46 418 1215 34
42 411 581 87
13 797 1697 58
40 3 694 55
26 1301 2189 51
22 877 1470 42
28 1055 1655 9
23 239 1508 75
18 1121 1878 10
36 379 1561 90
21 1193 1815 70
21 89 226 75
30 811 1991 91
24 991 1317 78
17 161 1142 98
24 688 793 35
11 0 20 47
10 157 591 30
37 209 1409 80
42 297 992 46
42 718 885 75
47 421 711 69
29 578 1264 99
35 1068 1346 81
24 535 1096 14
22 32 804 75
10 744 1783 11
