400
1.5 1.5714285714285714 1.2857142857142858 1.0
38 389 1685 39
17 550 857 1
30 259 1810 45
36 875 1582 49
46 1488 2109 7
41 386 1750 93
49 650 1198 8
41 1097 2257 56
41 8 267 96
49 1398 2623 75
26 281 930 79
36 711 1514 25
42 790 2005 24
36 1123 1781 58
44 1233 1540 34
16 400 1686 61
36 555 976 59
29 1280 2504 51
49 903 1793 1
33 1220 2180 69
17 1421 2372 45
30 950 1417 16
47 997 2068 25
26 410 1186 69
44 1017 1852 88
25 1465 2504 80
28 596 1814 45
49 1245 1812 72
35 191 679 39
30 724 992 71
39 750 1664 52
43 16 760 37
42 53 1665 68
24 411 1157 79
40 493 584 12
26 1022 1414 36
12 864 1383 84
42 1010 1303 97
11 1316 2346 56
43 1326 1429 62
13 1386 2459 26
25 103 331 72
32 470 542 31
42 969 2007 12
33 239 815 24
12 1456 2080 53
46 352 701 36
24 918 996 50
17 152 1687 43
43 74 334 21
18 82 1581 19
35 333 410 93
47 1364 2112 28
38 1386 2586 84
34 441 1144 40
20 1192 1752 72
21 1018 1317 84
15 286 1290 41
30 662 874 42
41 1485 2122 2
47 463 653 28
18 1108 2372 87
24 1051 1811 35
24 1426 1988 20
33 1240 1429 58
28 386 835 64
14 955 1146 24
36 832 1703 60
41 507 1956 68
28 1480 1554 51
46 55 769 22
48 502 1433 25
46 610 714 62
16 539 899 97
36 694 1732 98
33 692 1818 42
21 1161 2139 76
13 219 1315 94
21 567 1741 99
12 43 962 77
45 544 750 12
30 179 314 20
29 968 2171 91
41 695 908 9
21 1244 1879 43
30 629 977 75
19 1076 1678 46
33 1279 2574 43
31 954 2218 23
40 301 1010 27
23 1205 1828 60
26 341 809 67
17 1075 1432 62
20 496 834 11
18 1278 2065 69
34 686 949 12
29 1157 1575 72
31 1253 1483 37
40 1067 1818 30
35 1117 1874 6
38 422 1540 64
10 936 1023 44
39 1382 1576 51
10 931 2250 71
40 421 825 61
26 544 1333 77
30 1201 1985 73
17 595 2041 26
26 525 1663 61
19 1065 2059 74
20 824 930 37
42 1029 1514 74
45 986 2270 80
27 1079 2309 1
49 874 1538 36
20 1224 1292 83
12 1175 2278 37
36 1127 1766 58
47 1222 2520 62
25 1473 1554 16
37 219 637 40
31 139 1270 15
43 254 1601 12
34 328 1722 46
47 54 529 22
20 1478 1858 56
20 1176 2383 79
33 1456 2471 52
21 529 1465 41
17 1142 1947 36
29 1307 2219 65
12 868 2250 47
44 33 1049 91
44 0 699 41
32 660 939 86
18 625 1192 21
36 625 1808 99
46 800 1456 20
19 1030 1844 50
30 1072 2324 50
13 1053 1277 85
45 976 1306 56
48 81 1150 18
22 613 1143 17
15 70 1516 56
39 1111 1374 84
16 671 1799 2
48 1088 1547 76
25 1342 2586 97
34 872 2202 56
13 70 1626 66
18 866 1632 13
49 317 828 41
16 280 1745 57
29 237 1509 71
24 1120 2146 34
11 284 636 60
36 807 1008 79
10 1108 2230 7
34 759 2073 58
46 1309 1766 58
45 968 1253 76
33 562 842 41
19 378 1394 31
46 72 1635 76
16 244 1462 34
23 1213 1426 32
22 651 1100 86
46 456 991 81
20 1300 2411 96
48 1264 1706 61
16 283 1514 4
40 1451 1547 35
49 498 1379 14
37 1122 1197 45
43 220 1415 43
26 1173 1303 97
11 664 1694 69
33 717 2108 54
16 264 571 93
39 715 1619 98
12 1480 2472 30
38 792 944 27
22 1386 2114 88
20 772 818 43
35 963 1468 67
42 363 1891 89
20 682 1551 83
10 1163 1877 16
14 1059 1389 72
13 38 1408 21
22 1249 2376 35
17 228 1115 47
22 504 1985 35
24 1400 2472 84
12 249 1270 33
31 1442 1705 90
35 659 2115 85
19 740 1902 90
48 598 1595 98
20 1211 1881 40
32 332 941 24
34 1018 2060 85
18 1172 1385 10
11 1362 1600 43
20 195 1445 8
36 1492 1927 77
34 853 1590 18
36 875 1381 81
27 1229 1944 16
26 703 1884 60
28 578 1498 22
49 621 1552 33
26 500 1504 29
41 257 1362 12
43 294 466 7
49 1302 2315 2
19 763 951 52
26 967 2195 12
35 642 891 88
43 205 392 43
29 447 1134 34
26 1032 1956 59
46 941 1320 79
21 470 1253 9
17 11 486 59
10 119 628 72
41 130 1613 11
44 1341 2075 90
21 1305 2342 21
25 1060 1546 20
44 1291 2421 75
43 628 1213 69
32 251 1339 29
28 773 1010 29
48 533 628 99
27 128 1210 25
39 685 1357 98
33 663 1318 21
47 390 512 92
11 149 730 74
41 320 540 49
26 177 527 32
19 1052 1632 52
17 777 1960 68
23 14 399 32
35 0 909 28
29 1413 1725 44
35 31 1150 13
12 905 1394 51
12 1169 1816 70
25 1200 2232 58
39 210 546 35
37 742 853 48
43 355 977 1
30 677 1121 34
14 82 296 6
31 138 1534 41
39 1067 2126 56
15 925 1193 85
46 600 690 5
23 72 779 18
30 528 938 76
28 189 643 74
27 425 950 77
11 659 1925 37
43 1391 1550 74
42 1388 2562 46
14 908 1802 73
39 1129 2011 46
23 830 1934 85
49 262 799 10
44 466 744 88
38 1005 1125 53
22 499 1853 65
27 1018 1567 92
23 653 835 86
42 512 792 56
23 1225 2289 38
20 310 1730 83
42 1256 2470 85
46 482 674 8
44 1357 1650 54
42 73 1254 80
19 984 1533 80
11 1290 1819 12
16 1429 1604 11
12 0 152 23
18 95 378 27
21 1400 2034 20
47 1196 1930 85
49 457 1745 5
18 924 1882 53
46 263 737 25
15 688 875 31
41 154 893 53
38 716 816 80
31 763 1445 98
45 438 604 66
25 292 1353 47
46 908 1874 26
39 85 1289 66
42 608 657 62
18 1441 2259 56
44 1388 2418 92
30 140 1602 27
23 280 965 22
39 95 1571 90
10 1335 2283 48
26 810 1612 79
17 230 1571 42
19 374 1582 13
20 1457 2609 54
36 1104 2366 50
34 120 350 96
24 740 1132 88
41 378 1724 86
45 318 1383 19
21 637 924 46
41 353 463 36
40 638 1799 32
46 381 791 94
48 785 944 12
35 600 969 33
22 754 1853 46
46 29 1581 59
17 1476 2041 47
32 580 2042 72
33 979 1105 77
36 1325 1885 11
35 1027 1828 7
36 1450 1709 7
10 50 75 42
23 1159 1253 24
20 573 1411 15
43 1387 1470 13
36 503 733 26
44 1446 2265 36
13 1000 1773 62
47 805 1969 77
39 1049 2325 65
40 1045 1837 51
27 626 1426 93
22 869 1983 79
10 375 1149 53
42 1255 2053 13
49 522 1450 64
37 769 1886 78
16 383 1265 16
20 207 648 31
25 0 1575 64
47 61 1577 95
10 1345 1809 63
33 311 1211 76
37 588 1075 14
38 726 1089 6
19 1365 1647 92
32 1057 2327 15
34 503 1432 66
38 148 1521 79
27 542 1119 22
26 973 2318 8
13 1167 1555 55
35 407 861 30
25 287 1253 81
26 480 1624 40
34 1331 2201 75
32 1054 1155 33
38 122 184 25
27 1319 1677 17
32 1066 2381 90
10 65 1046 17
23 1363 2267 16
24 110 472 22
45 376 1659 62
49 1226 2155 7
15 903 1779 66
37 868 1010 79
47 155 1350 67
22 527 802 42
41 976 1485 23
40 569 1318 4
31 468 847 69
44 1270 2012 30
16 1411 1608 6
21 496 1405 71
25 729 1463 73
14 136 1370 31
42 934 1185 59
29 1266 1499 31
19 859 1856 24
41 639 1945 98
29 651 2009 8
20 474 1803 19
24 676 829 79
49 1257 1524 28
39 1226 1818 41
15 1057 1443 45
13 500 1552 77
37 337 1121 49
