150
1.2307692307692308 1.0769230769230769 1.1538461538461537 1.0
26 466 932 39
13 102 304 2
28 15 176 71
43 158 247 48
13 451 559 41
14 183 280 19
48 216 739 82
47 268 580 42
14 67 568 26
46 269 714 21
42 497 557 39
45 90 620 20
34 108 341 38
33 208 428 49
46 409 466 69
34 553 675 39
19 499 820 94
34 0 81 29
45 467 867 12
28 365 809 78
15 263 402 36
10 247 459 77
35 484 799 36
32 67 550 63
25 450 581 68
26 267 300 42
10 209 480 58
39 372 836 27
17 112 630 67
18 31 89 84
38 333 758 49
13 535 623 8
49 390 602 13
10 355 470 63
30 273 826 23
48 195 703 94
20 76 587 87
17 232 641 59
35 536 901 25
17 271 734 80
46 244 797 80
27 528 563 61
32 121 310 84
27 10 481 17
48 350 411 10
42 441 581 28
34 308 674 69
10 305 559 26
30 81 138 39
21 550 665 45
26 80 266 87
30 252 582 53
38 149 403 68
28 67 245 17
41 256 695 90
23 177 366 23
16 545 763 90
43 431 727 69
47 331 681 23
26 332 606 64
34 70 277 6
13 154 374 93
33 263 625 44
49 151 494 9
20 480 734 29
46 0 47 54
30 478 536 63
40 0 55 73
18 422 652 26
42 375 610 92
13 530 578 87
25 156 454 72
30 538 1018 70
18 187 303 31
41 183 230 13
39 291 843 2
36 530 736 4
26 249 360 6
48 372 660 79
41 143 292 8
25 154 302 29
21 58 246 25
23 97 561 68
25 471 913 96
47 391 452 70
14 542 815 70
43 19 599 92
14 551 665 7
40 402 589 26
49 112 615 91
17 365 853 82
14 559 604 75
35 56 653 12
12 371 633 1
39 152 358 55
17 469 486 85
10 192 725 47
42 105 314 81
17 466 581 94
20 199 568 32
28 191 294 72
10 340 527 36
29 180 238 55
49 446 762 41
31 152 479 54
28 388 816 28
19 410 530 87
35 306 747 24
17 382 843 60
39 442 882 16
20 306 521 41
44 212 442 75
41 326 557 79
45 305 542 49
45 545 627 29
45 119 592 51
47 392 839 4
15 285 473 35
44 184 565 78
47 17 311 85
14 424 823 42
16 481 630 51
37 280 721 21
28 327 677 34
38 2 163 34
31 370 875 18
19 287 783 99
12 195 300 31
39 195 369 65
28 45 317 88
26 49 413 99
28 46 365 32
39 0 282 64
11 129 556 64
17 460 735 5
46 302 808 76
26 83 530 7
48 403 630 43
37 261 438 94
44 267 526 78
46 525 769 84
42 235 472 56
37 549 745 53
47 397 518 35
31 320 702 65
46 517 719 16
15 319 674 18
41 333 820 38
35 124 538 35
42 98 236 76
