300
1.0 4.4 3.6 2.0
44 287 921 39
11 308 1383 93
46 882 1487 59
37 790 873 36
22 987 1580 14
33 809 1314 64
31 265 516 34
34 365 1116 93
42 78 706 20
30 1078 1348 53
25 1059 1392 17
20 780 1628 48
42 232 936 56
15 299 641 83
33 187 1246 37
10 817 985 75
35 958 1117 99
25 62 562 29
18 54 117 41
33 1000 1871 11
19 67 1158 58
43 383 1310 58
49 889 1104 22
45 482 582 99
45 741 1711 53
33 226 347 1
13 313 1106 91
18 668 806 23
27 29 164 3
39 871 942 59
15 220 918 97
27 908 1233 21
17 1002 1474 39
37 900 968 58
22 1028 1429 99
39 899 1708 84
42 1078 1328 83
13 874 1436 7
23 602 1523 18
49 423 1267 43
21 1012 1924 60
24 648 1007 16
48 1107 1472 67
31 793 1365 25
28 844 1136 52
41 276 477 9
44 100 1130 29
30 376 748 12
37 120 438 93
39 601 1668 42
40 917 987 74
17 146 402 95
45 513 1455 26
14 1065 1753 46
29 516 1379 65
29 553 613 15
18 396 969 31
44 1086 1326 81
17 427 1469 11
42 114 182 50
40 1104 1690 59
46 197 834 66
12 543 1578 41
10 152 225 99
47 1054 1210 50
46 988 1604 77
41 224 1052 14
33 769 1429 91
25 288 385 39
44 991 1678 61
14 517 1201 27
19 553 1293 20
41 453 601 60
23 120 520 17
38 145 572 65
34 313 439 52
18 412 977 43
45 488 680 37
15 348 1073 56
17 765 1692 71
39 18 778 32
28 1109 1278 54
25 169 848 30
32 314 1307 38
14 296 910 84
40 0 861 85
19 115 412 54
36 376 672 91
47 691 912 54
27 527 1048 32
18 437 686 53
16 716 1060 81
35 671 916 35
42 1032 1774 77
22 1008 1274 68
47 88 1107 85
27 1056 1714 61
33 133 1210 71
28 451 1523 37
16 370 905 89
35 350 1021 65
33 210 456 84
22 675 1212 47
12 546 1372 38
21 0 60 44
33 155 727 2
26 932 1882 4
26 650 1277 87
49 731 1592 77
19 491 798 57
10 364 967 77
41 1112 1347 69
24 1079 1251 7
39 553 1594 31
48 36 629 64
35 384 1228 82
44 1012 1647 29
15 641 999 96
49 549 1013 22
21 211 1061 75
42 876 1216 30
13 516 1201 10
23 873 1650 7
30 473 720 53
21 247 820 91
12 397 467 58
10 465 1521 36
27 848 1566 38
32 234 1231 84
19 414 1163 25
29 716 1648 89
32 511 1396 76
19 955 1901 2
26 444 643 19
19 34 894 58
43 14 1075 16
39 765 1764 21
48 161 1072 45
14 640 1352 63
35 93 540 73
15 48 181 77
31 976 1672 53
26 786 1081 82
37 1025 1627 67
14 423 471 8
20 234 922 28
22 994 1059 7
37 751 1688 46
45 305 1304 90
17 1078 1763 45
21 562 1170 69
27 286 408 81
32 185 445 44
49 217 831 25
28 401 798 84
20 98 1188 34
34 305 886 68
20 34 907 17
46 1043 1862 88
23 542 1009 24
47 426 861 7
45 511 751 52
24 552 1108 11
14 527 1230 97
13 676 1341 68
30 758 1565 13
45 470 796 72
15 1077 1157 78
32 163 1132 74
11 796 1520 62
16 790 1540 83
48 492 1332 98
49 612 846 38
37 1106 1793 94
33 885 1584 74
12 844 1402 33
29 1040 1417 49
23 121 941 34
45 701 1233 33
10 675 1240 92
39 7 1154 99
28 1015 1145 80
36 990 1160 93
13 1068 1514 16
38 840 1668 20
18 16 317 86
26 548 695 16
42 219 1272 95
18 784 993 23
15 929 1814 57
18 859 1847 2
35 834 921 94
14 1074 1755 88
23 726 1360 28
15 104 334 47
13 62 1046 75
13 673 1029 59
38 109 918 75
15 689 1285 67
14 443 1080 84
26 6 1046 29
20 1103 1411 44
31 66 874 28
17 916 1640 44
35 704 1297 68
39 352 546 41
31 485 1202 5
42 350 1334 36
42 572 823 42
49 284 486 14
45 260 800 52
45 743 1359 5
48 219 848 13
27 550 1050 9
38 825 1100 93
31 3 1173 40
18 373 522 15
44 1072 1456 13
31 117 211 25
29 856 1365 64
38 1043 1861 75
36 1031 1750 29
49 717 942 87
26 776 1060 15
49 1052 1713 14
33 969 1592 11
32 475 789 26
24 743 1182 94
45 1092 1393 5
13 497 1100 58
10 434 695 30
15 42 289 66
19 127 264 39
13 816 1421 67
45 366 1387 96
48 445 1406 70
42 766 1390 56
25 347 1404 8
44 881 1763 34
17 770 1265 87
33 144 179 85
48 422 1136 68
13 195 900 64
47 746 1719 23
47 982 1542 89
17 954 981 36
36 613 1052 73
45 0 266 71
37 25 771 43
39 650 903 1
39 546 1527 92
47 383 867 23
39 861 1175 46
33 0 1017 20
29 133 661 51
43 1122 1875 12
39 523 906 88
45 787 994 84
28 28 935 51
11 983 1105 38
41 339 1367 54
23 861 1232 40
23 120 994 59
33 882 1624 11
27 34 907 99
23 1087 1468 31
28 483 782 68
18 527 886 7
12 780 1181 18
31 184 1041 98
49 790 1705 74
41 937 1637 5
45 508 1267 77
12 149 400 40
22 803 1662 83
11 588 694 23
44 1038 1432 70
36 907 1159 74
10 348 1029 46
14 763 1081 11
30 89 1248 31
20 852 1104 1
37 758 1013 14
13 639 1106 91
26 116 552 25
23 269 990 5
36 805 1508 10
28 359 926 18
38 431 1392 93
14 390 635 29
29 381 823 15
16 165 259 90
13 1040 1217 53
35 429 1134 8
33 1111 1900 78
10 898 1604 92
14 1123 1619 32
30 698 1491 9
29 531 1219 75
34 412 449 96
