250
3.8 1.2 1.0 1.4
36 607 1420 56
35 735 978 51
31 718 1459 39
21 569 1418 80
41 59 637 20
40 0 293 67
42 770 1576 26
32 39 253 45
31 201 302 86
35 125 1035 89
18 309 809 47
13 910 1438 93
48 669 1343 97
39 925 1105 83
11 504 655 5
35 455 1331 72
24 417 1193 10
16 310 405 24
22 392 965 14
45 125 1096 32
47 164 967 22
47 787 1088 84
40 350 1242 7
40 109 465 91
31 617 939 79
11 211 368 27
30 356 918 25
48 814 1038 54
27 37 967 55
41 440 764 23
13 845 1555 9
31 628 993 22
12 807 1334 51
36 668 1525 88
36 585 679 28
21 628 1148 49
26 12 64 64
14 194 426 10
39 916 1010 56
35 313 708 34
22 295 363 66
32 369 1010 97
19 77 814 43
45 436 862 87
22 843 1628 91
20 876 1454 18
28 312 1119 87
32 3 770 58
36 259 1054 78
39 84 584 88
28 333 767 10
32 936 1301 44
10 905 984 84
43 110 758 96
42 26 518 13
19 371 910 7
43 713 1188 2
49 613 1139 90
29 242 565 14
22 931 1135 6
17 276 689 4
38 146 700 95
15 505 525 56
15 779 1103 54
31 612 1360 34
31 274 864 98
33 10 966 41
28 148 1047 74
48 308 913 91
36 473 643 69
18 89 830 41
20 741 763 31
13 201 534 35
11 672 1074 17
34 729 1101 80
38 111 378 47
49 791 949 94
14 133 593 57
21 903 1523 40
43 21 874 3
23 72 793 84
15 75 398 67
41 466 1089 94
33 877 976 10
39 290 640 21
43 512 1228 78
21 525 609 7
21 426 729 36
40 726 921 87
38 185 848 41
49 620 1035 61
30 384 779 39
48 733 921 54
16 922 1351 32
28 12 780 9
28 315 439 70
13 24 936 63
47 474 923 31
21 53 583 44
23 311 804 84
10 225 429 72
47 14 280 87
33 521 1407 1
17 134 556 95
35 678 1502 30
40 10 87 37
28 675 785 7
33 790 1105 32
21 886 1405 84
15 53 974 67
42 224 843 89
37 528 1206 41
26 608 952 11
48 855 1371 36
41 616 1096 68
15 17 730 11
15 860 1233 42
21 59 976 61
36 679 1340 81
42 561 794 13
10 900 1667 33
27 736 1144 96
42 769 1180 95
46 175 817 83
46 207 912 91
24 41 252 25
26 477 574 39
19 381 1123 61
12 892 1460 8
14 925 1586 88
47 827 1227 86
22 430 1070 66
21 913 1300 75
22 364 937 2
45 160 573 26
22 550 695 5
38 923 1133 54
15 509 788 52
14 896 1167 73
29 916 1670 5
24 309 1189 89
42 920 1103 39
19 600 956 17
28 102 206 86
33 520 1255 66
25 68 664 86
43 607 1237 56
29 738 1289 33
12 652 940 25
40 90 475 66
15 523 675 29
23 150 319 69
38 15 522 59
10 187 996 60
38 254 924 79
36 701 1032 76
20 728 999 39
30 384 991 22
48 928 1333 1
42 373 515 72
37 266 1166 48
32 788 908 79
36 88 814 24
21 360 891 43
26 579 1332 68
44 476 1143 63
12 299 791 2
45 54 603 46
42 692 915 47
35 350 534 78
35 686 1016 33
32 213 281 6
19 464 597 47
40 202 1142 25
39 794 1521 93
19 408 749 67
36 145 986 34
21 875 1579 29
36 632 797 48
27 204 962 73
25 838 1368 44
17 662 781 64
34 20 747 83
20 0 329 42
43 308 1236 54
43 402 1234 70
28 529 1053 90
33 226 750 41
11 766 1481 93
21 71 693 29
30 186 456 32
18 88 944 3
34 233 384 20
30 684 1188 65
48 0 819 87
10 922 1651 49
44 517 712 87
48 415 1225 99
34 78 609 73
30 418 928 8
20 464 643 7
21 84 538 80
28 921 977 44
40 422 1137 80
16 919 1188 80
18 914 1106 45
47 685 1237 84
20 488 819 40
37 88 689 70
23 542 1025 36
11 579 1129 44
19 659 1440 76
27 692 1518 36
41 329 629 83
49 752 1219 19
29 209 748 54
30 509 1368 18
32 0 827 12
15 765 1000 4
35 448 1128 39
38 157 912 80
14 655 772 12
29 671 1293 99
22 25 717 29
36 765 877 63
19 185 223 85
27 573 1353 2
39 799 1303 38
33 778 1167 28
24 699 1531 46
22 853 1066 11
15 680 1405 85
35 201 903 15
43 9 623 11
49 71 1088 18
15 178 1081 31
22 482 712 86
14 73 486 47
25 100 486 77
25 111 640 91
11 277 934 40
43 163 443 72
30 594 1266 30
20 269 914 71
42 298 961 81
40 374 454 51
22 839 1072 50
32 442 1221 83
16 749 1404 14
11 435 1063 47
