200
1.8 1.0 4.6 1.4
46 171 689 84
24 288 320 52
45 706 1127 22
43 369 618 18
39 491 916 11
26 702 1065 98
24 238 454 47
28 289 614 44
45 276 633 79
46 659 726 54
49 102 822 14
26 416 910 39
14 610 933 82
35 35 211 81
12 204 775 54
24 340 483 49
21 683 1138 45
15 329 741 86
38 315 876 39
48 683 1291 94
49 685 1214 42
26 635 1147 46
22 462 498 56
28 275 731 6
45 162 600 86
33 0 97 84
15 249 327 49
29 0 268 74
27 359 852 91
48 199 409 83
12 421 520 23
12 156 868 14
34 187 819 18
44 367 595 88
29 613 1213 51
27 455 775 87
13 583 855 50
41 433 924 74
12 717 810 25
26 324 655 88
42 705 774 30
32 716 1292 36
49 191 773 55
11 475 750 90
38 702 947 99
33 703 1260 70
17 155 358 56
47 206 529 39
34 29 468 29
40 611 957 75
30 704 800 42
31 520 952 53
37 63 755 3
25 689 728 42
30 541 732 9
46 434 879 63
44 58 464 27
40 303 1041 26
17 150 547 81
33 525 1075 54
35 673 1005 47
30 545 893 90
25 714 877 77
14 452 682 82
41 347 912 5
33 143 495 82
36 363 431 25
42 677 1271 42
28 420 877 42
28 493 1121 39
13 128 564 67
15 123 801 77
27 145 678 73
30 527 1003 64
39 230 499 24
13 625 1171 13
15 424 664 84
26 103 179 20
27 540 1132 33
46 307 510 67
35 328 392 15
30 685 739 45
47 418 876 96
38 515 1044 33
38 742 888 87
48 393 601 59
28 641 1044 93
44 571 967 27
44 651 1002 50
24 632 1017 73
34 560 792 32
33 72 133 79
10 494 522 59
37 300 593 45
31 377 749 4
31 626 799 52
36 665 942 86
11 300 824 80
24 202 882 27
25 198 826 43
30 587 785 19
44 549 643 47
13 642 816 57
47 579 763 20
49 323 474 95
40 297 1018 38
36 488 548 46
46 130 823 98
10 144 363 52
26 162 530 58
29 589 1025 64
41 602 979 22
38 738 1068 39
30 629 1280 92
40 450 872 9
42 708 929 52
44 61 129 54
33 73 661 65
31 217 851 20
25 319 380 86
43 128 469 22
49 466 689 67
20 367 740 43
17 334 430 15
33 81 591 3
18 49 181 40
22 744 1225 10
18 501 580 15
27 106 368 13
31 529 579 33
16 139 370 62
30 437 908 30
42 304 892 37
15 160 487 83
23 466 1054 85
38 241 284 47
38 200 470 91
30 407 865 54
28 272 777 99
13 153 479 57
33 519 742 5
18 495 545 52
30 566 1238 24
36 521 784 89
27 24 159 91
47 667 1192 75
36 695 1282 35
37 0 661 73
45 146 447 93
35 386 621 95
38 125 686 47
21 541 755 85
27 731 1352 63
33 470 822 76
26 484 612 57
31 450 1047 85
20 90 378 51
16 494 817 69
23 335 947 59
33 215 493 15
19 218 753 86
43 424 901 44
39 303 756 37
36 707 746 9
48 94 647 55
43 583 1178 6
29 460 687 46
49 333 393 72
13 371 953 38
37 137 178 34
10 369 444 41
49 0 464 35
23 585 1140 59
17 688 1266 29
21 449 592 51
47 209 847 64
28 743 823 74
26 444 991 23
19 98 340 95
37 122 688 13
34 99 360 17
16 671 890 90
37 161 871 92
25 459 980 45
39 204 638 96
25 120 280 98
17 224 299 31
32 652 744 4
25 179 644 44
42 182 272 4
36 387 452 57
45 236 425 12
16 682 975 47
32 331 373 85
18 569 613 79
23 279 942 13
37 654 913 95
18 370 1045 22
13 17 511 9
11 226 874 17
