450
1.1666666666666667 1.0 2.3333333333333335 1.5
44 1581 2015 50
30 139 1581 41
41 135 1231 88
24 376 1926 28
30 1059 1239 64
31 455 918 24
15 905 2152 56
22 861 922 58
24 912 1513 78
43 765 1765 48
33 532 1609 63
39 760 1380 37
41 802 1570 78
18 1176 2505 21
34 434 1792 78
38 563 720 89
44 47 957 98
21 163 475 34
34 1318 2326 39
20 406 1530 94
29 554 1482 48
25 472 1634 15
22 915 1017 87
49 1081 1212 73
47 89 1632 76
39 530 1145 9
16 1241 2117 8
37 114 1135 71
16 1578 2455 52
11 248 884 54
34 252 971 28
13 567 1116 37
45 57 555 29
32 107 542 87
36 663 1441 45
30 1568 1685 52
29 1287 1930 91
22 1388 1693 78
35 832 1500 94
38 155 321 36
20 1002 2145 28
38 10 1333 81
33 712 1454 68
36 332 1213 89
11 1338 1719 93
40 991 2148 60
16 965 1616 7
23 457 1141 90
19 82 180 31
48 799 1797 67
17 604 1569 23
33 0 1323 13
12 515 1570 79
20 929 1951 47
48 258 688 39
43 96 733 37
17 244 1242 13
46 1301 2707 77
30 910 1032 58
35 123 1028 40
26 1444 2103 9
45 1217 1870 83
35 1468 1691 24
17 200 1713 62
24 1084 1559 32
20 232 374 36
19 1042 1158 12
40 729 1083 44
19 1298 2094 32
16 623 651 95
44 371 644 72
30 1065 1612 51
45 581 939 25
12 1471 1838 79
37 779 1993 49
11 1419 1603 18
35 1512 1760 11
29 1130 1717 16
10 699 2012 83
44 1367 2700 14
22 1124 2317 39
29 493 1451 27
13 438 1656 64
40 734 2378 43
27 450 1788 6
45 507 1946 93
23 1567 2804 2
22 820 1498 1
24 1271 1639 71
33 1036 1782 66
32 359 1720 29
33 1361 2662 57
24 664 1321 14
34 1274 2336 49
32 622 1661 84
42 7 1539 32
27 866 1794 79
23 4 1181 22
31 1153 1685 67
35 952 1360 66
18 1470 2141 77
20 1299 1897 92
24 1660 2968 64
45 601 862 83
11 1579 1966 63
36 741 1152 18
39 954 1014 32
15 636 899 93
22 1342 2026 23
14 229 1708 27
34 373 1523 15
28 354 619 35
44 1656 2848 82
39 1022 1819 16
15 519 2078 54
19 1320 2177 17
11 887 909 9
29 156 788 1
13 1209 1972 13
16 1464 2338 48
17 1242 2082 39
48 124 444 99
17 400 599 69
29 1671 2451 36
34 14 1342 13
44 629 1125 29
38 1389 2787 1
27 1416 1859 25
34 1205 2586 33
45 619 848 46
24 597 2168 2
16 1353 1693 80
16 470 1912 41
44 972 2320 96
31 1203 2376 15
49 126 842 51
23 1217 1601 47
22 576 2225 54
26 885 1761 43
15 1251 1513 95
37 0 750 63
32 1580 1802 28
41 507 1574 37
47 988 2569 67
29 1610 2251 33
24 1050 2373 67
19 1170 1489 93
19 67 1211 1
15 1083 2466 94
19 1546 1733 69
44 663 2095 37
22 676 901 81
11 73 283 46
33 195 1820 52
33 125 1451 49
39 634 1541 16
13 390 1184 6
47 1188 2550 26
11 1483 2011 8
28 199 428 94
26 666 1262 70
11 958 1468 96
36 1006 1154 28
21 1647 2879 35
25 1240 1689 3
25 255 897 30
42 361 1427 25
27 445 1293 92
22 996 1491 80
14 356 760 92
44 1305 2638 15
23 411 1247 12
46 283 812 19
24 1084 2546 67
47 632 2159 75
40 853 1483 13
25 1117 2151 1
25 89 345 39
20 928 2150 7
43 757 1246 1
17 1001 1136 78
40 710 1886 37
21 261 477 31
27 582 1791 37
21 1358 1934 98
16 1657 2737 12
41 202 688 1
30 385 658 16
31 248 471 29
40 20 933 28
20 1534 1921 19
30 1156 2254 53
20 1530 2764 29
37 1582 2100 68
41 1507 1620 82
36 2 1237 76
21 527 1629 9
15 991 1107 47
13 995 2463 71
10 1681 1901 84
13 336 1580 30
24 1548 1661 19
26 640 1139 11
26 1027 1540 29
16 1626 2062 27
15 1370 1663 51
28 1405 1988 91
44 1377 2380 35
46 1433 2528 78
30 417 1596 22
24 1137 1977 26
41 710 1858 19
39 856 1979 1
16 1538 1715 4
15 930 1578 59
14 660 1471 10
16 886 1357 93
45 1504 2947 49
17 1185 2359 65
19 248 1376 4
48 1302 2399 94
37 1478 2903 32
15 1340 1369 81
24 1650 2513 73
22 1019 2294 45
30 1017 1976 15
43 688 1885 46
20 1520 2677 32
22 746 1221 8
18 748 1581 91
40 1274 2300 88
48 603 660 89
12 1292 1379 80
44 790 924 48
46 1143 2115 77
37 245 1298 98
39 380 1382 57
21 1610 1809 95
27 240 1665 68
22 1120 2407 95
20 1373 2357 27
48 1652 2073 80
26 730 1642 50
46 902 2075 69
13 257 1823 73
48 654 2131 94
34 776 1733 12
23 165 439 7
11 1629 1703 21
48 568 1596 69
34 21 321 12
48 1340 1425 76
20 331 923 21
30 1079 1129 85
22 1636 2185 28
11 182 1209 25
38 130 1866 66
18 1444 2562 5
45 1 1253 24
43 1455 2565 16
20 1097 1249 96
29 226 554 19
29 1616 2833 72
27 180 992 42
41 1497 2477 40
41 1308 1389 2
21 1069 1644 60
13 987 1361 1
45 171 369 28
25 1221 1886 2
29 488 1634 17
20 1091 1432 85
49 1119 1573 75
39 1616 1982 80
20 712 1384 88
18 1485 2514 24
37 277 813 27
41 199 848 34
23 584 2139 92
13 1506 1614 39
13 230 1588 73
10 196 1072 22
48 1457 1857 97
21 264 562 30
28 459 1572 61
25 308 1638 7
45 868 1528 45
35 1241 1914 28
46 1276 1662 36
18 923 2133 72
48 1470 2279 63
32 193 1683 62
34 200 1858 62
16 1202 1764 61
30 1429 1511 80
26 1616 1790 42
32 349 1873 87
27 363 1118 25
17 200 783 29
29 708 918 24
28 1109 2558 67
43 31 593 53
20 0 498 3
21 1651 2618 15
10 679 700 35
37 1599 2537 42
45 227 1069 21
37 2 423 86
30 508 540 74
26 1592 2655 64
33 1000 1538 23
17 774 2088 60
34 475 1354 47
31 1394 1495 18
19 122 858 58
11 427 1867 86
11 363 1483 14
45 1560 2654 3
48 339 1094 11
37 616 1902 90
41 1497 2249 52
10 1481 2056 28
32 1443 2295 6
45 333 1263 58
15 1174 2593 76
22 280 897 20
48 474 667 80
49 1297 1521 91
33 331 894 99
17 1589 1898 5
26 884 1471 4
44 774 990 13
22 450 2094 34
29 951 1484 91
45 1394 2718 33
40 792 2284 80
27 585 1475 21
11 1024 1705 67
22 371 1859 44
13 1410 1528 24
27 584 1779 6
45 1096 1328 8
19 14 1159 84
23 1512 2709 59
35 82 1019 64
19 220 875 33
10 572 1890 50
12 453 1886 73
30 805 1996 82
45 923 2434 14
36 1245 2200 4
28 626 1422 78
49 47 196 3
47 1030 1543 29
25 17 1109 53
17 1108 2194 26
13 520 1571 7
31 836 1827 60
23 1091 1238 1
20 1216 1458 19
14 612 1485 44
49 752 1977 49
21 451 2088 63
18 1013 1419 29
34 1149 1866 20
43 1055 2141 7
14 851 2156 22
11 928 1392 24
43 136 604 90
42 30 1751 96
44 1277 2474 88
12 452 1825 98
48 1015 2501 30
14 1163 1740 73
11 1181 1616 2
29 176 465 50
48 790 1861 30
37 1158 2175 87
18 598 2238 6
31 1267 2734 46
36 797 1448 80
28 119 1874 72
13 279 2007 38
18 359 1142 92
38 295 421 82
13 732 2279 64
44 1650 1997 92
49 910 1532 73
37 1650 2695 33
17 680 1442 44
24 296 1394 41
31 998 2462 93
35 1068 1506 27
16 1285 2183 83
15 1588 1992 13
42 1370 1613 8
30 27 523 77
37 1568 2136 55
18 962 1467 45
38 127 1838 68
21 1310 1907 98
47 1496 1992 27
18 940 1058 61
34 723 845 16
39 237 1296 41
30 1079 1248 12
37 1211 1397 57
35 1248 2561 42
21 886 1423 71
36 9 257 53
17 0 372 4
42 816 1587 83
37 815 2072 77
25 218 1905 60
42 1509 1705 74
15 369 1949 5
20 95 1067 83
41 979 1215 28
45 131 741 92
24 217 1797 17
16 346 1321 63
44 426 2088 5
36 153 1040 52
34 729 1996 46
10 1314 2214 33
30 792 916 24
23 560 981 22
32 609 1057 64
31 1212 1606 2
18 200 1848 2
47 318 1469 88
17 138 711 8
46 529 892 92
24 1440 2320 67
39 1026 1815 39
13 1177 1891 24
31 984 2317 24
14 964 2329 33
47 1513 2321 28
26 862 1439 99
31 608 1033 20
35 909 1519 39
32 143 1481 27
34 1135 1494 91
32 839 2320 89
41 403 1390 62
22 1653 2420 21
48 484 1731 82
25 356 1147 30
23 13 1176 26
