500
1.6363636363636365 2.1818181818181817 2.0 1.0
42 897 2621 7
23 857 2231 73
14 757 905 48
17 8 1704 30
46 1603 2787 96
46 1516 1986 55
35 841 2393 47
18 1244 2538 90
38 112 336 1
13 249 843 47
46 631 792 1
39 1204 1325 32
44 1145 2891 4
32 1054 1760 55
21 1282 1358 11
34 563 1739 99
25 1131 2857 22
45 181 645 64
40 654 1245 77
46 176 1594 35
24 263 1940 60
17 135 1860 88
47 1476 2967 6
14 1229 2171 58
45 1339 2453 20
21 977 1966 12
37 1775 1827 43
34 1676 3144 97
11 801 2006 5
34 397 893 51
37 618 1411 73
49 206 904 75
38 1385 1638 95
35 1441 2406 82
13 614 1450 88
34 515 1819 9
24 1529 2365 91
12 7 1440 31
47 1792 2131 42
27 1384 1414 20
13 43 2032 65
31 1846 2068 95
44 1478 2298 56
34 1468 1829 18
12 1261 1981 43
46 1054 2362 36
17 1781 3048 8
17 840 1069 8
28 1839 2394 48
39 334 2036 71
49 487 2240 5
45 352 1796 5
15 1331 1612 84
39 521 2135 76
13 1732 2299 29
29 1113 1921 85
39 1364 2194 98
12 474 1664 47
35 1673 2262 2
11 1065 1938 48
45 731 1385 38
46 55 1658 2
41 1629 2750 61
47 12 1709 47
29 1698 2237 56
43 873 1973 26
14 1464 2202 80
30 691 925 78
17 8 122 23
18 1761 2267 88
38 1747 3020 29
18 965 2477 16
26 1092 2468 63
18 10 794 93
14 1080 1351 27
30 1410 2247 13
24 1035 1455 28
18 1226 1381 10
35 255 508 48
21 1223 2498 57
12 1253 2840 89
26 386 1564 47
44 468 1628 78
47 750 1814 40
22 973 2207 77
28 870 1979 78
46 1666 3154 43
36 1166 1637 39
27 1761 3006 74
30 1131 2472 15
24 1236 1457 14
11 248 281 70
17 1068 1395 73
37 1453 1934 8
43 191 609 45
18 1440 2796 13
36 1651 2052 37
25 1459 2147 12
11 623 992 19
37 568 1719 93
18 573 1787 40
12 986 2366 83
28 862 2244 11
11 1536 2659 59
44 1681 1792 38
25 1093 2229 66
39 1125 1277 82
10 1666 2158 28
26 1778 2754 5
14 1589 3153 8
46 919 976 99
32 871 2374 20
44 1095 2592 98
14 615 911 37
36 695 1616 41
10 1462 3050 11
11 1026 1502 56
36 350 1981 33
34 547 2400 40
28 0 742 35
10 1400 2522 46
46 1730 2225 51
27 1546 2656 50
31 300 1163 28
32 441 546 8
40 1654 2275 45
45 1052 2710 48
32 1653 2987 6
12 1040 1899 87
39 942 1278 48
33 829 1778 84
44 720 2238 57
34 250 1783 78
39 408 702 56
21 1336 1521 41
10 528 1942 94
37 796 1777 8
31 1408 1802 97
11 1359 2381 92
26 1358 2619 3
27 791 1097 64
32 1667 1928 45
20 1340 1667 54
36 907 1689 96
11 1701 2776 20
47 174 1737 29
11 55 1070 29
19 569 1018 75
14 656 1397 93
39 498 564 87
23 1709 2162 6
41 1441 2027 54
29 750 1689 1
12 0 1331 49
20 786 1512 80
32 81 1142 46
45 318 1201 23
11 1319 2182 44
20 1754 2231 16
10 416 634 15
45 1281 1507 80
27 1533 2979 63
31 1334 2035 7
48 1052 2300 66
45 1446 2739 92
42 180 914 88
23 134 975 35
10 557 1347 35
17 74 472 17
34 1112 2665 16
24 1079 1838 34
25 1502 2199 71
14 633 1126 85
46 1475 3053 24
18 206 931 52
35 1045 2606 85
47 979 2304 23
44 985 2150 50
10 1166 1552 32
24 594 2407 29
27 993 2545 90
31 757 1682 36
32 1664 2897 88
25 1737 2309 42
21 159 626 59
23 229 1144 45
43 1274 1781 44
41 1303 2980 84
25 0 681 66
32 343 473 87
15 814 1794 99
19 581 2161 43
20 690 1571 25
19 101 927 28
46 752 2249 24
33 1773 2638 14
18 91 2063 57
18 506 2383 12
15 282 1212 22
25 419 878 60
35 430 1407 17
25 930 2019 18
34 980 1855 97
41 264 1761 26
14 458 743 12
26 392 902 22
26 789 2251 20
34 1142 2494 88
39 732 1215 59
41 255 1426 96
47 220 1397 65
47 482 1804 67
38 1104 1589 87
47 1674 2690 22
18 741 2357 76
15 469 2246 65
12 837 1128 23
31 1669 1836 52
42 1303 2412 57
44 1370 2452 7
13 9 1103 9
15 999 1841 44
21 739 995 49
23 288 498 69
22 1649 3238 37
44 1707 2497 40
21 1009 2012 68
32 1685 2855 89
47 1485 2337 90
35 662 765 17
31 1196 2396 48
44 494 912 53
19 1345 2898 16
31 1062 1997 85
43 1848 2356 27
18 1777 2631 3
11 1746 2795 73
16 1181 1442 41
45 825 1423 95
42 196 1298 80
45 274 924 51
48 1078 1656 25
45 1064 2474 56
35 1540 2336 48
31 1500 2649 89
16 1149 1180 84
38 1283 1745 2
45 517 1499 96
36 684 1343 37
46 433 1155 70
31 1137 1796 99
32 1639 1792 53
11 374 2032 45
19 555 2159 67
43 1418 2089 68
45 1288 1632 59
48 1236 1493 75
46 330 2087 50
18 1858 1915 6
14 0 1803 18
42 706 749 77
15 1172 1681 12
35 1295 1843 87
22 1300 2507 75
25 1753 2668 65
42 1112 1192 42
32 1588 3182 42
17 1423 2280 24
21 382 1573 53
17 1289 2920 1
39 1380 2595 31
36 1324 1634 74
28 944 1551 25
45 1576 2443 90
38 1414 1829 47
49 465 1237 84
12 141 1640 62
46 1211 1305 42
33 1371 2606 37
32 55 1417 12
17 1701 2246 37
41 302 1688 29
18 715 1807 23
38 1377 2605 74
24 83 976 76
49 955 1045 26
47 1581 2120 25
39 76 333 18
28 1563 1910 95
48 1510 1849 14
34 938 2423 39
36 458 1568 84
31 232 1027 45
23 388 2008 37
18 1443 2388 52
20 745 1121 99
13 911 2472 26
49 1056 1198 53
20 486 2237 88
47 1025 1933 72
22 1360 2066 95
28 22 1890 85
30 978 1976 15
15 1830 3274 83
46 451 2177 93
21 1256 2127 67
24 1780 2225 38
46 150 2054 20
44 1385 2717 35
35 1576 2031 86
41 149 389 13
41 1378 1933 78
32 200 2053 58
33 895 2680 55
21 835 1055 70
48 726 2005 42
31 1455 3012 7
11 501 1709 31
47 102 361 67
32 167 1301 41
34 814 1750 93
39 1222 1880 99
28 1117 1293 50
10 1872 2906 87
30 431 2328 21
10 494 1954 72
25 17 1141 12
43 435 1656 18
22 1740 2385 91
25 1747 2288 28
17 1507 2567 54
26 58 1083 7
16 623 2118 8
28 262 766 44
34 1766 3104 27
47 1456 1891 59
17 81 1685 72
47 1250 1402 73
26 511 1413 69
23 212 2116 19
19 523 917 39
23 1392 2702 41
24 833 1192 99
19 872 1367 12
48 1189 1525 67
42 1404 2610 40
42 1364 1605 14
39 139 536 65
28 458 1726 36
32 95 1824 98
42 1286 2350 33
39 755 2193 82
47 1862 2565 68
40 1341 2707 1
10 934 1682 31
49 1416 2383 76
44 1451 2330 32
46 1233 2855 97
16 166 1942 19
33 151 2076 30
20 1333 1499 97
16 1759 3175 6
11 1739 2275 93
31 1665 2178 37
47 675 2202 47
27 265 2022 38
35 880 2549 78
32 1855 3108 85
38 478 1877 34
26 120 1393 26
42 100 265 49
37 246 560 68
41 580 645 50
17 1422 2851 14
38 665 2022 17
39 1394 2844 28
47 831 1627 38
29 737 1949 4
20 1868 2686 63
21 522 1927 55
35 1509 1647 65
23 279 331 53
28 1412 2808 82
17 1412 2187 53
18 1638 3143 84
15 1864 3329 88
25 235 1810 47
26 784 2089 78
13 112 1576 60
24 1605 3192 17
33 670 1260 71
34 1409 2018 92
24 304 1964 95
44 1046 2162 29
34 317 1947 46
13 1676 1832 17
40 836 1091 4
16 117 1727 23
42 451 1110 35
41 1094 2477 58
41 1504 1804 13
35 326 1085 89
42 648 1377 21
48 813 1637 78
25 28 729 81
10 965 2606 22
37 817 1941 26
38 1478 2704 44
24 1291 2053 7
49 1736 3003 8
29 1089 2033 65
49 997 1316 34
29 369 880 15
14 1570 2676 90
38 1401 1525 12
15 1288 2622 25
29 1853 2052 91
35 975 1249 11
34 570 2190 7
17 1392 2972 25
49 1079 1174 89
28 498 1935 36
33 1288 2588 26
34 375 1489 58
43 1440 1590 53
46 1458 1911 27
49 1023 1142 56
32 1223 2438 7
47 84 950 53
24 215 1440 61
34 1015 1789 42
33 1761 2862 66
34 751 1382 80
11 296 454 34
15 1591 1613 56
45 354 2194 33
40 1151 1450 79
47 1253 2800 36
18 1536 2252 12
21 1617 2633 77
32 993 2717 85
12 1656 1811 4
22 424 2158 80
19 771 1370 70
39 1054 1559 65
20 445 1138 62
35 700 1386 53
15 916 1236 39
21 786 2228 54
34 1226 1651 26
49 1337 2310 1
35 1043 1517 49
20 175 1539 55
44 211 1060 81
17 813 1343 42
12 1071 2680 5
25 1607 1840 45
35 1083 2178 26
41 420 896 34
32 1050 2350 70
17 475 818 17
23 1472 2725 53
32 846 1662 22
18 250 2003 33
26 889 1569 38
41 1157 2209 63
31 119 182 60
48 868 2446 45
41 1486 2576 7
25 1001 1479 5
20 469 849 71
17 825 1708 39
36 453 2136 76
39 30 611 66
18 351 919 26
32 1248 2199 28
23 146 1000 26
29 1470 2885 94
35 485 1737 11
35 1793 3327 48
27 116 1354 69
34 519 1387 31
40 743 2213 93
39 37 579 50
44 687 1927 16
18 375 1595 12
29 1551 1848 3
23 1811 3335 6
36 1308 2970 80
19 793 2029 14
17 236 1790 95
45 1314 1920 36
23 396 1020 92
38 1467 2633 42
27 1427 1671 98
47 1262 1477 82
10 352 1981 44
37 23 355 94
41 938 1495 64
32 1150 2619 39
