50
2.5 3.0 1.0 1.875
23 136 173 27
37 1 204 71
40 172 240 23
18 20 169 67
15 94 175 47
29 34 167 57
11 2 73 21
42 166 328 26
25 107 253 65
13 56 218 1
45 131 298 97
43 103 253 48
34 126 251 39
36 113 311 27
43 0 75 21
30 93 139 6
47 154 235 97
23 143 315 76
21 81 176 18
38 183 242 79
20 90 182 79
22 104 181 42
30 54 88 79
34 24 194 86
30 49 226 9
39 31 70 57
33 102 259 37
40 81 232 75
24 64 262 89
35 82 142 53
18 50 109 76
19 182 243 97
26 118 172 41
20 104 140 14
28 37 130 72
28 129 238 92
22 0 68 54
43 178 259 40
48 0 88 17
47 106 285 72
22 23 220 60
17 30 165 77
29 65 159 19
23 59 194 1
32 0 102 38
39 3 150 34
46 11 146 82
15 14 120 41
19 63 201 88
22 156 259 12
