300
1.144172167676194 1.5345876296047714 1.0 1.6601907260970952
1100 2969 31276 568
900 0 21910 663
1000 15426 34141 473
1200 580 29127 665
1400 4850 32267 700
1200 7390 36156 536
1000 6646 15768 1024
1000 3843 34791 464
1100 7499 34750 511
1300 1378 35581 590
900 17748 35484 409
800 967 33350 387
900 5406 35366 411
1100 1985 37939 468
700 2942 24207 467
1100 4944 37396 475
600 4183 34148 284
1400 10126 37498 603
700 4813 36458 310
800 608 25034 516
1200 4984 34483 562
900 8117 37747 385
1400 2514 25820 875
1000 774 37925 426
900 1237 31873 456
900 1707 31085 467
1000 7166 37729 428
900 967 32254 450
700 5071 36470 310
800 1654 37476 345
800 627 36599 353
1100 300 36952 480
1000 2485 32112 503
1400 473 29532 765
600 2905 16274 595
800 2404 37281 346
1100 14936 37858 469
1100 743 29173 609
1100 13263 36832 482
800 1865 37242 347
1200 7194 35529 545
700 3006 37186 304
1000 3191 23347 691
700 371 35258 320
700 1607 26958 419
700 3403 23040 490
1000 12518 35595 453
900 13700 36935 393
1400 5456 36700 616
1000 6371 36995 436
1000 4232 36283 445
1000 1621 36263 445
1000 2135 37822 427
800 6727 30983 417
1100 1626 36137 491
900 294 34445 422
1200 8762 36402 532
1300 1503 31769 660
1200 2351 35397 547
1100 18991 37745 470
1100 3057 37439 474
900 5110 24125 602
800 2230 30884 418
1000 1067 33302 485
700 10393 36993 305
1000 7245 11203 1441
1000 1895 37101 435
600 8283 37901 255
900 9790 31753 457
1200 6490 36960 524
1200 1951 23731 816
600 3627 37677 257
800 2468 37432 345
800 197 34007 380
900 594 33516 433
1100 15888 33952 523
1000 5233 33720 479
1100 6472 37125 478
900 1115 37733 385
1000 5101 29787 542
1400 5491 30343 745
700 3554 32248 350
1300 2497 24303 863
1100 48 32458 547
1000 1646 34551 467
1000 3498 30688 526
900 709 16539 878
1000 9715 35690 452
1200 7914 32417 597
1200 6758 36592 529
1000 1937 31782 508
1100 3554 35072 506
1000 8089 29309 551
1000 1828 37336 432
1200 983 37684 514
1300 2290 35721 587
1300 13745 37371 561
1200 6072 35043 553
900 513 34031 427
1100 48 1506 307
1300 1612 34469 609
1100 1504 37901 468
600 5700 31177 311
1000 3394 36356 444
1200 4365 36820 526
1200 210 30314 639
900 2139 29017 501
1200 220 32188 602
1000 12451 35779 451
800 563 37664 343
1000 1358 30335 532
1000 661 30546 528
600 4583 29756 325
1300 4016 32241 651
1000 2380 36766 439
1400 1456 30007 753
800 2483 32647 395
1000 362 27344 590
1000 1327 33923 476
1000 2774 37706 428
1000 4321 27790 581
1300 1587 30273 693
1200 2419 33093 585
1100 5694 28063 633
1000 6223 24100 670
1100 2262 36849 482
1000 2978 27607 585
1000 3834 35916 449
1000 9284 34950 462
600 8428 22269 435
700 8875 34883 324
1200 2594 32543 595
1000 13405 28587 565
900 17155 36452 398
1300 4430 37855 554
1100 4684 31544 563
1000 1269 32753 493
1000 7754 35608 453
1200 10242 34458 562
1200 8724 29548 655
1000 3475 30444 530
600 2177 35936 269
1000 13808 33976 475
800 4011 36688 352
1300 6690 30522 687
700 2886 36237 312
600 1437 26166 370
700 1285 37164 304
1200 647 33458 579
600 2963 31695 306
1100 1022 36912 481
1000 7550 35626 453
1000 1567 36815 438
1100 701 31945 556
900 479 36569 397
1100 10319 33304 533
900 7041 34701 419
900 4368 37105 391
700 5028 32828 344
900 1143 29910 486
1100 5127 26550 669
1200 2871 35224 550
900 7644 30781 472
1300 1831 36457 575
1000 6159 25945 622
1300 2656 32590 644
900 12849 28441 511
1400 5650 33518 674
900 1525 31223 465
600 70 34570 280
900 3691 33594 432
1200 2927 30444 636
1300 2033 32805 640
1000 4604 34684 465
700 5729 37256 303
1200 14609 34607 560
1100 16878 35720 497
900 3163 36871 394
1000 1330 32567 496
1400 4640 37431 604
900 544 36620 397
1400 12535 33605 672
800 2600 36484 354
700 3649 29898 378
1000 8135 25502 633
1000 455 36274 445
1000 6405 35702 452
800 30360 33774 382
900 4875 36099 402
700 5152 27717 408
800 16231 37950 340
1000 2083 30145 535
1200 20899 34952 554
800 1798 21492 601
1300 15666 33530 626
800 10199 26388 489
1600 5233 30687 841
1000 23858 32085 503
800 538 36131 357
1000 1003 37841 426
700 778 36545 309
700 3895 35905 315
1000 7184 25508 633
800 1862 37907 341
1200 1556 37009 523
1100 9053 37217 477
1100 8109 35939 494
1600 2910 34498 749
800 1490 33285 388
1300 8629 28806 728
1100 4091 32972 538
700 9727 34916 324
1200 2597 33991 570
1000 3515 36454 443
800 527 31165 414
1400 1708 37121 609
1300 11635 36655 572
1100 7588 37637 472
700 686 36875 306
900 891 25883 561
900 266 36865 394
600 955 28873 335
1000 4656 36033 448
700 737 35210 321
800 3787 35862 360
1100 8710 35918 494
700 748 31350 360
1300 7659 33495 626
900 7810 29912 486
700 8725 33449 338
1100 2720 25510 696
1000 4053 34978 461
1100 6861 34948 508
1000 6380 37739 428
700 5985 31237 362
1300 4010 33465 627
1200 1988 27796 697
900 6210 30071 483
1100 18349 33204 535
600 7796 30178 321
800 2749 36095 358
1100 220 34204 519
1000 4937 28933 558
900 4729 37881 383
1300 6657 30706 683
1000 11884 32666 494
1000 8962 30022 538
1100 1756 32888 540
1200 12449 35739 542
1100 25422 27523 645
1100 3064 20370 872
1000 17331 34007 475
1100 4259 29885 594
1100 14872 37305 476
800 1444 32034 403
1200 15383 27621 701
900 4005 25827 562
900 2600 33242 437
1200 1638 37355 518
900 2914 37360 389
1200 1820 36963 524
800 3107 32400 398
700 5558 35230 321
1100 1022 35223 504
700 7863 36371 311
1500 18339 34197 708
1400 7893 36649 617
900 1784 31913 455
1300 38 30476 688
1100 3275 37031 479
1200 1170 37534 516
1400 14766 37780 598
1400 1229 26268 860
900 12178 28972 501
1400 8738 33902 666
1100 12094 32025 554
1100 5563 30350 585
800 281 34321 376
1600 454 35786 722
1000 21699 33296 485
1200 989 31811 609
900 9167 26823 542
600 834 34892 278
1000 8002 36403 443
900 7111 34930 416
1400 1465 33076 683
1100 972 35038 507
1000 4001 32457 497
1100 1585 35829 495
800 8608 37270 346
1100 16920 37621 472
1100 12804 35512 500
900 4085 37577 387
1100 866 35216 504
700 3618 33016 342
1200 4127 32931 588
1300 4245 37521 559
1200 11145 33385 580
1000 5210 35264 458
1200 6333 36966 524
