100
2.4460964393620053 1.0 1.9754700617935737 1.3508446900712967
900 2315 12457 376
1000 1337 10615 491
1000 6104 10827 481
600 3598 5340 585
800 384 11831 352
700 1510 11708 311
1100 1135 11635 492
900 2118 10607 442
1100 8474 12019 477
1000 370 12077 431
800 1092 9992 417
1100 7788 9370 611
1100 2719 8013 715
1000 4365 11019 473
1200 2125 12118 516
900 59 12267 382
1000 2128 11211 465
1300 5061 12592 538
1100 786 12396 462
900 2337 12722 368
900 315 12303 381
1200 1947 12107 516
1100 786 12780 448
1000 1296 12717 410
1100 660 12493 459
1100 1522 11491 499
1100 524 11346 505
1200 10320 12842 487
1100 4006 11006 520
1300 216 12709 533
1100 6282 12485 459
1200 47 12401 504
700 5341 6347 1855
1200 166 5399 1158
700 106 11961 305
900 2246 6569 714
1100 1971 8016 715
1300 4553 6013 1316
1200 173 12579 497
1400 3358 7895 923
1000 3895 10180 512
1000 3510 9824 530
700 3372 10991 332
900 225 8220 570
1300 6377 9930 682
800 218 12713 328
1100 375 1909 525
900 0 12444 377
1000 5574 11864 439
1300 85 7686 881
1200 1660 12273 509
1100 1743 11512 498
1100 5092 12737 450
1200 567 9130 684
1200 2919 12370 505
1100 6393 9689 591
1000 1315 12776 408
800 2850 11648 358
1000 572 12743 409
1100 693 12892 444
1000 3831 10154 513
1100 731 8746 655
1100 432 12099 473
900 733 12860 364
1100 995 10585 541
1000 4218 9441 552
700 95 12051 303
1300 2942 12773 530
900 589 11297 415
900 1973 11952 392
1100 2254 7218 794
1200 7697 9387 666
1000 1052 11185 466
1200 1223 12198 512
800 2512 9260 450
1000 4265 12206 427
1200 2382 12541 498
1000 225 1440 53141
1000 1052 9615 542
1100 4522 11103 516
1400 1700 12228 596
1000 465 9178 567
1300 287 9514 712
1100 3617 11262 509
1000 2230 11004 473
1100 2059 11141 514
1300 3854 12791 529
900 427 11394 411
700 6372 12743 286
700 4391 6634 550
1100 3047 11838 484
500 1125 4832 539
1300 2009 7701 879
1100 6619 10527 544
800 2429 12900 323
1200 2194 11739 532
700 524 11566 315
1200 598 11197 558
1000 437 12502 417
1000 387 11834 440
