500
1.0 1.7551865600333576 2.804080326581606 2.2763012029707816
900 8280 59308 404
1000 318 59190 450
600 16385 61553 259
900 3646 57830 414
900 1985 21188 1131
1300 989 50032 692
1400 1985 54184 688
1200 4001 54390 587
1000 517 60185 442
800 2831 50727 420
700 9370 45107 413
800 18481 49650 429
1000 21442 51182 520
1100 7421 61198 478
1000 7927 50695 525
900 2393 51033 469
600 4190 53901 296
1100 40085 61138 479
900 4001 45115 531
1100 4582 57842 506
900 7213 50144 478
1400 29389 56000 665
1000 6144 62251 428
1200 1242 58040 550
1200 2179 59432 537
900 168 58383 410
1100 1313 53715 545
1200 3543 44025 725
1000 18167 62147 428
1100 192 60600 483
900 4730 57149 419
900 2019 60422 396
700 6911 51802 360
800 15349 45789 465
700 7138 58261 320
900 1870 57729 415
1300 20813 60155 575
1300 3924 52902 654
1200 13240 58970 542
1000 10243 60767 438
1100 1535 61724 474
1300 2968 44521 777
1100 11597 55389 529
1200 5258 59987 532
1100 270 59840 489
1100 2589 58886 497
900 9734 58901 407
900 2789 53724 446
600 489 48973 326
800 4123 17249 1234
1100 203 57307 511
800 2358 51993 410
900 8770 35803 669
800 1953 60844 350
1500 3582 60079 665
800 10752 48008 444
900 24374 56722 422
600 2435 32051 498
1000 360 60099 443
1200 62 55809 572
1100 4217 54957 533
1300 3170 58751 589
1300 12368 56821 609
1000 3335 62325 427
1100 5050 56554 518
900 2459 59800 401
1000 163 59701 446
1000 2336 3636 219
900 4462 57272 418
1500 3287 61985 644
1200 7330 54674 584
1400 57 46141 808
1300 6975 57703 600
900 2853 60062 399
1200 2413 56075 570
900 1803 62192 385
900 9561 38336 625
600 699 57036 280
1300 2653 62242 556
1100 2052 48716 601
1100 14584 53119 551
1000 3412 31346 849
900 6874 62202 385
1200 219 52418 609
900 10060 57694 415
1100 6933 58045 504
700 1165 58679 318
1300 8393 61052 567
1200 21665 60588 527
700 5580 55981 333
800 3122 59604 357
400 999 59405 179
1200 20111 44592 716
900 6352 59966 399
1000 10275 51289 519
700 1625 59393 314
1100 24883 59240 494
1300 14059 54932 630
800 2624 54714 389
900 369 26410 907
1100 18369 61843 473
600 1612 61107 261
500 670 60852 219
900 1982 56892 421
1200 14302 54680 584
1100 18944 44971 651
1000 2832 42360 628
1000 5630 50034 532
700 3822 61329 304
700 328 51190 364
900 6822 35874 668
1100 6446 34924 838
1200 11743 60609 527
700 616 60297 309
900 3681 46291 517
1100 10153 48701 601
1000 13682 60783 438
1100 10220 51242 571
700 6978 62078 300
900 1671 60453 396
900 2661 54471 440
1200 2619 51423 621
1200 7132 52810 605
900 1530 61891 387
900 3865 57062 420
1200 701 58234 548
400 3474 61880 172
1000 10003 50758 524
1100 13282 60723 482
1100 2539 45592 642
1000 2917 56645 470
1000 4097 55473 480
1300 1870 56260 615
1100 1471 46613 628
1100 1061 61060 479
1200 2899 60408 529
600 17951 59238 270
1000 4453 50862 523
900 21756 61706 388
1300 554 37719 917
900 2734 60601 395
1000 417 58066 458
1000 32933 43688 609
1200 9384 22340 1430
1000 8348 58870 452
1000 523 60568 439
1400 323 50939 732
1300 6003 53195 650
800 8811 50879 419
1400 12030 58672 635
800 5663 45502 468
600 2680 57410 278
1000 971 53382 499
1000 4358 57004 467
900 2166 61484 390
1000 579 61095 436
1300 1522 59559 581
1000 15585 57707 461
1100 3724 44511 658
500 3500 60938 218
800 7457 43142 494
700 1558 39043 477
900 8496 60789 394
1200 1750 42761 747
1200 14713 32234 991
1000 11597 57086 466
1300 5095 62154 557
1000 9272 58475 455
1000 336 55788 477
1200 3381 54128 590
1200 2930 59644 536
1000 1586 61146 435
800 3136 49697 428
1100 10204 51751 566
1200 18864 51367 622
600 3748 51176 312
1100 4800 54605 536
900 21408 36829 650
900 973 50735 472
800 2224 53959 395
1100 25687 56077 522
1000 3801 42221 630
900 1828 48403 495
1200 8670 61747 517
1400 5678 60922 612
1000 10627 49552 537
900 15016 61808 388
1100 7002 52266 560
1300 12656 60645 571
1000 256 43943 606
900 10569 59557 402
1100 9833 53581 546
1000 6701 61617 432
1500 1527 44866 890
800 11657 40510 526
1400 8770 54287 686
1100 1698 60878 481
1100 3292 58069 504
1200 12025 57690 554
900 1465 52193 459
1300 12135 52002 665
1400 2534 61844 603
1000 443 32074 830
1300 12140 29861 1159
1000 17514 42048 633
900 2015 54449 440
1300 3910 57869 598
500 21761 57905 230
800 19304 62296 342
1200 5458 50891 628
800 5268 58273 365
700 15288 48314 386
1200 12480 58391 547
600 3721 58279 274
900 14557 58931 406
1200 8989 51902 615
1000 2499 38280 695
1100 8055 55288 530
1000 1056 58527 455
700 678 61391 303
900 3719 60318 397
1000 7500 51581 516
1000 19897 60424 440
800 5136 60807 350
1000 105 51168 520
700 246 55519 336
900 25339 61956 387
900 5530 54568 439
900 15559 57838 414
1300 4078 40051 864
900 11463 39859 601
1300 13439 59281 584
1200 1175 48029 665
800 3545 60864 350
1200 2744 59581 536
1300 8406 38485 899
1200 7240 53024 602
700 1080 56467 330
700 7658 54873 340
1100 12630 59086 496
900 6475 48950 489
800 1077 60217 354
1100 5969 47742 613
1000 5884 59001 451
1100 12677 60801 482
1200 13573 59314 538
1100 3196 46106 635
600 9577 25305 631
1100 6960 59180 495
1200 28781 59245 539
1200 3582 53841 593
700 3023 58819 317
1100 2166 53301 549
1500 417 35456 1126
1200 2355 57317 557
900 4371 38772 618
1300 3409 61458 563
1200 6038 48930 653
800 6389 30601 696
1100 1713 39936 733
1300 33379 41874 826
1000 2043 58197 457
1100 3718 56344 520
900 1058 53876 445
1000 33049 56077 475
900 725 45278 529
700 11157 49346 378
800 7328 61181 348
1400 2935 48447 769
1500 3521 60372 661
1000 1607 62003 429
1000 6965 61833 430
1000 3436 54398 489
800 8558 61574 346
1100 7613 60214 486
1200 5332 55000 581
800 1778 55639 383
1400 72 44548 836
900 3846 36907 649
1100 746 60990 480
1000 1642 58752 453
1100 6297 52405 559
1000 851 57849 460
1100 20504 59513 492
1000 6991 41033 649
600 14606 58738 272
700 4300 54498 342
1100 6107 47387 618
600 760 54032 296
700 4440 44593 418
800 1151 60593 351
800 32407 49567 430
1100 6888 58921 497
800 387 57192 372
1000 3828 54014 493
800 2155 54831 388
1400 7271 38034 980
900 840 41518 577
900 2148 57656 415
1000 502 58325 456
900 10465 61269 391
800 13232 59633 357
1000 2449 60760 438
1000 6739 62143 428
1200 5505 25585 1248
1200 1159 59099 540
900 5759 52619 455
1000 13689 57678 461
700 11144 58301 320
1100 1778 47640 615
1000 8794 59902 444
900 45429 60773 394
900 5100 35060 683
900 10936 58468 410
1100 6603 52815 554
700 1063 55914 333
800 422 53262 400
1200 8917 59509 537
1200 16723 51568 619
1000 504 59621 446
1000 7061 62188 428
700 19620 54692 341
1000 5426 54972 484
1000 15953 27622 964
800 587 60401 353
1400 5786 61465 606
700 1879 55938 333
800 1835 55044 387
1000 7565 59581 447
1300 17581 52493 659
1300 819 50268 688
1000 17324 41623 639
700 8276 59612 313
1000 16531 60233 442
600 19733 59280 269
1000 9149 36759 724
1200 2377 59615 536
900 9621 42572 563
1100 1963 54573 536
1100 18352 61570 476
500 16185 18525 718
900 632 62054 386
1000 14587 50540 527
1100 33107 59011 496
1100 2533 36297 807
1200 1500 61397 520
800 11737 61811 344
1000 1493 45334 587
1200 3775 58839 543
900 17344 57165 419
1100 265 59742 490
700 813 59930 311
900 5849 33844 708
900 18473 53657 446
1100 9127 61014 480
1300 6542 51349 674
1000 8241 58652 454
1500 3412 50894 784
1000 14110 54326 490
800 6286 59758 356
900 2068 57706 415
900 4054 61118 392
1100 791 31091 942
1100 4579 60257 486
1000 2674 61306 434
900 3562 60222 398
1100 25477 37405 783
1100 5271 61817 474
900 7229 52402 457
700 1967 58190 320
1100 7801 57086 513
1200 13386 59489 537
900 707 51357 466
1000 5517 46618 571
600 16720 60283 265
1500 12651 59814 667
1000 20592 58583 454
800 9115 57721 369
900 8965 55095 435
800 4949 61983 344
1200 1511 31663 1009
1200 3329 57798 553
900 6536 42713 561
1500 8095 34483 1158
1100 15235 60514 484
1000 12851 39923 667
1400 4406 61074 610
800 1787 60680 351
1000 1770 45576 584
1000 4758 45385 586
1000 568 58292 457
700 2533 56533 330
1200 12592 61084 523
900 22367 61290 391
1300 1136 57389 603
1000 13335 59784 445
800 2888 60229 354
800 5120 60255 353
1100 1183 56266 520
800 4200 53994 394
600 10294 40646 393
1200 3735 53776 594
1000 9184 54604 487
600 6363 57256 279
1000 6813 54873 485
1200 4139 37473 852
1300 4115 48785 709
800 10126 58997 361
800 1271 60414 352
1000 4675 51432 518
900 3999 49147 487
900 36859 38176 660
1100 3535 49674 589
1100 2419 55814 525
1400 2352 61486 606
900 5996 61823 387
900 4960 61333 391
900 880 56789 422
1200 656 37629 849
1100 9098 60086 487
1100 296 51740 566
1300 3239 42520 814
1100 20014 35823 817
900 9075 59950 400
1100 5585 33581 872
600 112 60592 264
700 1910 47377 393
800 49860 51105 459
600 10611 47596 336
900 6464 56575 423
1100 7018 57686 508
1100 21053 56431 519
800 9000 56934 374
1200 10396 60234 530
1000 14472 57672 462
1100 304 61933 473
400 525 58537 182
900 24260 61855 387
900 13631 51826 462
1000 4696 52810 504
1100 13967 51623 567
1000 6308 58603 454
1500 5514 50183 796
900 16406 58826 407
700 59 56247 331
1400 7381 61952 601
800 19906 62300 342
700 23991 59154 315
1200 406 52170 612
800 2618 59276 359
1400 16611 61474 606
1000 2637 50093 531
800 3793 58961 361
900 30689 55782 429
1100 24122 55222 530
1000 44 60865 437
1100 1047 59903 489
1000 6448 33426 796
1300 27434 61035 567
1100 12395 59075 496
1200 26526 50255 636
900 18982 46101 520
1100 9585 43313 676
1000 709 41435 642
800 41 50991 418
1200 9482 55493 576
1000 8462 35408 752
900 12435 59322 404
1000 7082 48675 547
1200 13894 58866 543
1100 5942 59960 488
1000 3444 52302 509
700 24555 61557 303
1400 7296 61745 604
1000 11513 56503 471
1100 158 58714 499
600 22696 49404 323
800 4124 57934 368
800 33884 37094 574
1100 185 44428 659
800 26073 59896 356
700 6047 61030 305
900 6461 58901 407
1000 1623 60685 439
1200 40912 58539 546
1100 6645 58702 499
900 5561 49500 484
900 0 62005 386
800 5543 57945 367
1100 4177 30340 965
600 6150 57988 275
1100 904 42143 695
1000 230 32983 807
1100 2802 60552 484
900 19381 55784 429
600 3369 61645 259
1000 4392 60581 439
900 4014 57503 417
900 682 60821 394
1000 6867 60824 438
