250
1.9158801525065374 1.9308232701436223 1.0 1.5795855472947347
900 7505 30657 385
1000 21852 29719 441
900 4251 25302 466
900 7518 20951 563
800 1457 31069 338
1200 4225 31088 506
900 2267 26081 452
900 159 30552 386
800 2668 25762 407
1100 2434 29674 486
800 4729 30717 341
1200 7722 27212 578
900 3337 28103 420
900 310 30285 390
1100 601 30722 469
700 5804 22291 412
900 1157 15194 777
900 3394 29820 396
1300 2572 12873 1324
1400 1 18583 988
1200 1012 26674 590
900 3558 20441 577
700 19 24492 375
1400 3850 30533 601
900 5500 25158 469
1200 12577 28445 553
1300 1650 23198 735
1000 287 23587 556
1400 5387 31040 591
1000 995 22914 572
1000 947 30680 427
1100 352 30471 473
1100 10526 25697 561
1100 6366 30868 467
1200 7626 16741 940
1100 7241 29454 490
1100 1627 29219 494
1200 1 30071 523
1000 3731 27359 479
1300 1316 22433 760
1000 3476 24278 540
1000 27 26517 494
900 5932 30528 387
1000 244 28676 457
700 734 23331 393
1100 1018 26941 535
1200 2020 26729 589
800 6655 28650 366
800 14330 28658 366
1000 4599 28419 461
900 397 30144 391
1300 98 27531 619
700 2517 28945 317
1000 320 24649 532
1000 1088 30988 423
800 1716 26434 397
700 2562 25372 362
1100 4101 27486 525
1100 11058 25566 564
1400 1195 27320 672
900 912 29867 395
1000 1863 30460 430
700 5628 23327 393
1200 4964 28396 554
1100 2090 30698 470
900 9964 30656 385
1400 883 28215 651
1100 2919 28560 505
1200 0 18636 844
1000 1309 25530 514
1300 1599 30978 550
700 239 29938 307
1000 145 29821 440
1000 3922 5222 311
900 2928 28697 411
1400 2534 20245 907
600 596 27695 284
1100 737 28529 506
900 9858 21456 550
1200 825 20953 751
1000 1201 29992 437
1500 5512 21035 935
1100 1488 31065 464
1100 1573 29287 492
1100 3505 29114 495
900 3102 31040 380
900 3381 23248 508
900 1640 13525 872
700 12385 27531 333
1100 5678 26391 547
900 4199 27835 424
700 4082 14332 640
600 539 30562 257
900 13203 14289 6705
1400 1383 24656 744
1000 2823 30157 435
1100 1751 11685 1234
1000 1620 29912 438
1100 103 27730 520
1100 1045 30442 474
900 239 23488 502
1200 3197 20616 763
900 10075 18291 645
900 153 25812 457
800 1909 18437 569
800 754 27435 382
1000 854 29876 439
1100 292 30440 474
800 8708 30962 339
800 2532 19963 525
800 5686 29721 353
700 1857 30631 300
1000 1869 30693 427
800 381 29909 351
1000 969 30098 436
1100 288 25608 563
1200 7195 11165 1409
1100 3711 30628 471
900 4045 26616 443
1400 472 23240 790
1100 570 29883 483
1100 2456 25880 557
500 1726 31019 211
1100 3596 29423 490
800 93 30269 347
900 3494 16537 714
1000 3578 25495 514
1200 9362 31078 506
700 1087 19621 468
1400 115 26076 704
500 3820 30986 212
800 363 28927 363
1200 643 30035 524
1000 301 30510 430
700 1699 21597 425
800 2775 17267 607
1000 1802 29567 443
800 5541 23089 454
900 1820 26412 447
1200 3893 28146 559
1000 5161 29873 439
1000 1529 30594 429
1100 11691 29261 493
900 2432 21181 557
700 3733 25866 355
1100 340 13869 1040
1000 2971 25530 514
1100 4656 30388 475
1300 3840 29596 576
900 7822 21277 555
900 795 29807 396
1400 2449 11969 1534
900 1186 30468 387
800 10757 29256 359
1100 54 28195 512
1100 417 23525 613
800 2321 15074 696
1100 1705 27787 519
1400 1838 19590 937
1100 800 21879 659
600 2225 30299 260
800 12876 30384 345
1100 7166 28851 500
1400 227 28927 635
1000 170 29480 445
1200 3219 24382 645
800 7541 29094 361
1000 1500 30931 424
900 3746 30200 391
1000 675 24150 543
1000 174 28989 452
1000 2133 30635 428
900 103 26839 440
1200 7871 31085 506
900 10545 30693 384
900 2455 25517 462
1100 774 30265 477
700 5051 27813 330
700 1113 29679 309
1300 1674 26452 644
700 1430 25112 365
700 2203 30743 299
800 557 26533 395
900 3367 28044 421
900 1967 24837 475
1100 3480 9549 1510
1200 2078 31100 506
1000 4623 20995 625
1000 980 26415 496
700 1170 30270 303
800 905 27234 385
500 345 20588 318
1100 149 25866 558
1200 414 18486 851
1100 1556 26883 536
1200 3188 27981 562
1100 1262 21912 658
1200 8327 27322 576
1000 24880 27999 468
900 540 26020 454
1300 582 29459 579
1100 1951 28125 513
1100 2446 22764 634
1300 1027 21959 776
900 33 27340 432
1300 7283 29506 578
1100 2811 21260 678
1100 2538 25133 574
1400 734 22879 802
1300 1520 26664 639
1000 6858 27638 474
1000 20747 27175 482
1200 9169 20457 769
1300 2043 13637 1250
1000 530 30249 433
1000 1288 22572 581
900 672 23531 501
900 676 30672 385
500 331 31015 211
1200 5465 6919 4244
1100 630 28663 503
1100 669 29705 486
600 637 29588 266
1000 3131 17154 764
900 22 30850 383
700 10971 21332 430
1200 10960 28398 554
700 2320 29766 308
900 3600 16077 734
1100 11333 23619 611
1100 2924 29781 484
900 15395 21918 538
1400 7391 29149 630
700 9762 30797 298
700 767 27939 329
1100 6945 24034 600
1100 4622 11680 1235
800 533 31025 338
700 465 30609 300
800 6581 28684 366
1000 2022 25240 519
600 68 26431 298
600 2455 29525 266
1000 2104 28786 455
900 3527 30879 382
1200 5738 29825 528
1000 4230 28117 466
800 4596 30356 346
1100 2867 30612 471
1000 1134 30575 429
