150
1.0 1.2023022071863196 2.341835430908011 2.025788901597304
800 43 18460 335
1000 497 18725 412
800 1176 16655 371
1000 4926 18934 408
1000 4127 16336 473
1000 6920 17445 442
1100 111 15744 539
900 741 15229 456
1300 1778 15236 659
1100 117 18411 461
1100 1490 18058 470
1300 2754 4237 514
900 1270 15131 459
800 134 16798 368
1100 615 17108 496
1200 397 18439 502
1000 1407 18180 425
1300 704 15635 642
1100 5233 18533 458
1400 296 16992 636
900 2339 13170 528
800 2499 9779 631
1000 7052 15432 500
900 345 17618 394
1200 2361 12268 755
800 58 17646 350
600 171 17757 261
1300 326 15633 642
1300 3575 18849 532
1100 6 10226 830
1000 3861 18782 411
900 92 16642 417
1100 8336 18746 453
900 4473 18223 381
800 1501 18620 332
1200 510 12860 720
1300 3012 18962 529
1200 527 18191 509
1100 3785 18372 462
1000 2283 13200 585
1000 5125 18291 422
600 9720 16873 274
500 1038 18298 211
1200 605 12879 719
1100 15170 17212 493
700 399 18953 285
1100 1889 16994 500
1000 0 17625 438
1200 4936 12309 753
1500 7505 17853 649
1300 7347 14052 714
1100 276 7243 1172
900 9518 17383 400
1100 203 14223 597
800 1665 16432 376
1500 3433 14050 824
1100 429 16697 509
800 2172 8378 737
1000 876 18710 413
600 5535 14589 317
700 667 13082 413
1000 2909 17347 445
700 321 15091 358
1000 3313 18364 420
900 2401 13507 514
1000 3699 12360 625
1000 6604 7957 1409
1000 5793 17774 434
1300 2337 17123 586
1200 1297 15700 590
1000 1259 18216 424
1200 5821 8726 1062
700 837 16262 332
900 5847 15336 453
1300 1909 15879 632
1100 187 18479 460
900 5361 18618 373
1100 3204 10788 787
1100 470 18684 454
1300 1658 18919 530
1300 7485 13807 727
1500 3114 9880 1172
600 294 7423 624
1000 4711 16913 456
700 1361 11785 459
1200 509 16200 572
1200 1474 18515 500
1000 8940 18511 417
900 2707 18646 373
900 5174 15843 439
1600 2322 9155 1349
1100 2223 18486 459
1200 35 16518 561
1500 1279 18693 619
1000 210 16328 473
900 1203 17285 402
1000 7499 15614 494
1200 5717 16783 552
1100 453 15249 557
1000 8582 18182 425
900 2332 5348 1299
700 11261 12192 622
900 2835 11119 625
800 4321 17202 359
900 1855 8856 784
900 1638 16770 414
1100 1527 17454 486
800 2742 17644 350
1200 9980 15971 580
1100 3608 18257 465
1000 70 17941 430
1200 3121 18953 489
800 5258 16967 364
900 5924 16422 423
1300 5614 17471 574
1000 300 18851 409
900 739 15373 452
1000 337 12488 618
800 4581 15866 389
1000 3118 17454 442
1300 820 15928 630
800 3463 16140 383
800 1822 16691 370
1000 5682 17531 440
1100 7180 15112 562
800 3367 18321 337
1100 451 15142 561
900 6882 8617 806
800 446 16123 383
800 7552 11437 540
900 2905 18697 372
1200 4707 12324 752
1000 6199 12892 599
1100 4648 18234 466
1100 5328 13435 632
1000 547 15593 495
800 603 18082 342
1000 1196 13672 565
700 1378 18586 291
700 183 18860 287
800 1441 14003 441
1100 5258 12362 687
700 1404 15569 347
900 2686 7933 876
800 6202 18246 338
1000 2172 17772 434
900 1997 18864 368
900 502 16919 411
1400 1982 11260 960
1100 3243 14744 576
