200
1.3699407713605054 1.556279571498532 1.2488881381081836 1.0
900 5659 24221 380
1200 1062 17194 714
700 4049 22930 312
900 3352 19521 472
900 4377 22644 407
1100 252 23710 475
1200 1809 3204 420
900 2953 13655 674
1000 8059 24014 426
1200 1418 16002 767
1200 8381 23688 518
900 2459 24382 378
1100 2500 24318 463
800 2966 22857 358
1200 495 17417 705
800 1360 18190 450
800 1860 20356 402
900 5440 19779 466
1000 4566 14327 714
1000 1050 17992 569
900 458 22527 409
700 2502 24567 292
1000 2848 17392 588
1000 920 15881 644
900 6449 23424 393
1100 35 23721 474
1200 950 17203 714
800 940 23424 349
1300 3901 11879 1120
900 6293 13525 681
800 726 14803 553
700 3616 23210 309
1100 5064 16110 699
700 744 24028 298
1000 3045 24373 420
800 831 17278 474
900 5716 24537 375
1200 3067 23003 534
1100 2139 19545 576
1100 3273 24023 468
900 1169 24323 379
900 177 24206 380
1100 14911 16117 1170
1100 2265 16141 697
1300 3180 17578 757
1000 6706 24424 419
900 1892 20081 459
700 1493 17692 405
1100 5453 21077 534
800 9092 21659 378
900 3502 21564 427
1000 2735 20667 495
1000 3950 20389 502
900 7533 24261 380
1000 3395 22732 450
1000 7591 24578 416
1300 732 16659 798
900 742 22990 400
1100 910 14671 767
1200 742 23347 526
700 5137 23783 301
900 12383 20583 447
1000 13102 18466 554
1100 3853 20835 540
1200 1696 23730 517
1100 3352 20718 543
1100 1313 21604 521
1100 1200 23082 488
900 1424 17282 533
1000 2001 21006 487
800 8213 18126 452
800 19850 20753 405
800 12308 19583 418
1200 2204 22278 551
700 3375 20685 346
1200 2880 19131 642
1400 7743 20572 696
1200 108 21299 576
1100 1860 15821 711
1000 7745 13624 751
1100 6028 24164 466
1100 199 24054 468
900 1667 24089 382
800 606 24715 331
900 5811 18787 490
800 2609 13865 590
500 351 6868 745
600 335 20504 299
1500 4401 23113 664
1200 3253 24812 495
1100 1313 18137 620
900 19038 21617 426
1300 1353 22926 580
1300 1197 24519 542
1000 7634 16842 607
1400 1108 19753 725
1000 288 23779 430
700 7443 24693 290
900 2338 22020 418
800 1274 14565 562
1000 1698 19880 515
1000 1370 21612 473
1200 1524 24285 506
1000 6741 8173 1382
1000 1763 18898 541
800 4667 22000 372
1000 2828 24325 421
1100 246 21848 515
1000 5793 23296 439
700 3207 12542 571
800 1793 24528 334
700 4663 24054 298
900 2362 23994 384
1000 1827 23580 434
1100 1202 24127 466
1100 1076 6835 1646
900 3403 20956 439
800 112 22210 368
1000 5214 23115 443
900 2712 20909 440
900 2141 19744 466
900 1918 12899 714
1000 2265 22820 448
1000 1441 23840 429
1100 3557 24354 462
1000 5576 11264 908
1100 3901 19898 566
900 0 20096 458
1000 697 20605 497
1000 4239 19898 514
1100 699 21414 526
1000 235 12256 835
900 286 21368 431
1100 5056 24237 464
1400 456 18327 782
1000 3302 21187 483
800 2704 22516 363
1300 1860 21282 625
700 2439 24391 294
1000 67 18642 549
700 3755 23188 309
1000 2309 18336 558
1000 1408 24508 417
1000 2034 14475 707
1000 553 24259 422
1000 9688 24281 421
1000 956 23946 427
1000 171 24532 417
700 608 5852 1224
1300 3164 17022 781
1000 2101 21793 469
500 4375 23243 220
1200 4594 19426 632
800 600 24217 338
1000 1331 19977 512
1100 1037 16608 678
800 4843 22445 365
900 3387 18957 486
1300 2670 23496 566
1000 8578 11445 894
1100 2755 22860 492
1000 1914 22536 454
1200 606 16028 766
900 3022 21835 422
1000 1283 22251 460
1300 4485 17269 770
1000 2267 19305 530
700 849 21901 327
1000 912 23816 430
1000 2364 23809 430
900 9074 21401 430
1200 15395 19164 641
1100 7998 19347 582
1100 8243 18831 598
1500 5801 22639 678
1300 3089 19658 677
1300 3249 16430 809
1300 681 24316 547
700 3954 22273 322
1000 402 21198 483
1000 2516 13272 771
1200 1609 22802 538
1200 2739 16401 749
600 5402 20832 295
800 434 18801 435
1100 4266 22835 493
900 10275 16839 547
1000 306 24695 414
1200 5657 21674 566
900 1874 19750 466
800 1600 22760 360
1000 3 17049 600
1100 707 11842 950
1200 4211 22787 539
1100 9726 15442 729
900 861 22309 413
900 3103 24094 382
600 2824 21802 282
900 8675 23666 389
900 3431 17564 524
