450
2.527105443864885 1.603746089237421 2.7637240763730864 1.0
700 10034 54430 303
900 5842 29658 715
800 17176 41069 459
800 4298 49854 378
900 4462 44612 476
1100 1833 52137 497
900 5467 31135 682
1300 2192 35287 869
1600 2811 49104 768
1200 19089 48745 580
1000 1570 54570 432
1200 7423 38369 737
900 6296 49803 426
1100 16023 52284 496
900 7945 50138 423
1100 9232 50956 509
1300 9575 54284 565
1000 1995 53781 438
900 5485 47148 450
800 5322 48769 387
1100 2645 49120 528
1400 588 55494 595
900 2337 55076 385
1000 4510 31595 746
900 8686 38935 545
1100 12212 48346 536
800 4863 54417 347
1000 22087 33023 714
1000 400 54972 429
1000 16738 49115 480
900 8784 54538 389
1200 5588 55143 513
1000 3930 42531 554
1000 481 54349 434
900 3818 45730 464
1100 11179 52218 497
1100 873 46546 557
1000 13411 50187 470
800 1647 29746 634
800 7980 55512 340
1000 13362 49259 479
900 8654 55837 380
1000 10622 29305 805
900 17221 50937 417
900 2712 34098 622
900 14712 48800 435
800 439 44113 428
1200 166 52267 541
900 2440 52350 405
400 7274 50334 187
1200 5867 17734 1595
800 2484 45718 413
800 4678 50402 374
800 1341 50067 377
1200 22803 44780 632
900 271 51420 413
600 5578 52963 267
1100 13010 35331 734
1000 551 50051 471
900 8285 48431 438
1100 565 54608 475
1000 8395 51033 462
1100 1192 53542 484
900 574 54364 390
600 758 50443 280
800 3433 55668 339
900 10274 55221 384
900 8668 47650 445
1300 3372 52867 580
1600 695 51978 726
1100 5117 34762 746
1100 10351 44757 579
1000 13504 43773 539
1200 10393 44781 632
900 20341 52010 408
1200 199 49673 570
800 385 38587 489
800 4370 35471 532
600 614 51492 275
700 6534 49226 335
1100 7772 28666 905
1100 4527 53279 487
900 5137 18447 1150
1200 17818 45471 622
1200 7077 44269 639
1000 1917 44181 534
800 2909 53119 355
1000 10788 43742 539
1000 590 46619 506
900 203 54173 392
600 6672 51545 274
1300 6856 27304 1123
1200 5627 53295 531
800 9162 39384 479
1100 9915 53946 481
1300 11026 44863 683
1000 9073 46201 510
1000 9132 49488 476
900 630 48067 441
1200 5599 51708 547
1100 7001 36757 706
1000 7504 47528 496
1200 44670 53638 527
1100 13254 46608 556
1000 11769 40247 586
900 3535 50080 424
1000 17443 54274 434
1100 229 50472 514
800 7120 54625 345
1000 301 54227 435
1200 413 16882 1676
800 16671 52360 360
700 8756 49415 334
1400 2918 33381 989
800 4056 32517 580
1000 4657 49602 475
900 11601 53658 395
1200 7577 42687 663
800 1496 32792 575
800 6044 44311 426
1200 18195 51241 552
1200 2867 17453 1621
1200 26406 39798 711
1100 0 43290 599
1000 150 47475 497
1200 1684 44741 632
1300 4681 53736 570
1000 498 54128 436
1000 13289 38453 613
900 13777 54476 390
1300 15911 54549 562
900 2722 52937 401
1100 2200 41306 628
1200 5520 52887 535
700 341 55814 296
1100 3885 41368 627
1100 5005 6315 256
1200 7833 43640 648
1000 14145 54092 436
1200 15143 46328 611
900 22798 46855 453
1100 831 55313 469
1100 32851 53350 486
800 1729 23992 786
600 13826 52695 268
1100 2020 48037 540
1200 75 43144 656
800 4653 44668 422
900 2480 36129 587
900 5555 53703 395
900 9799 35472 598
1200 31874 33571 950
700 320 42244 391
1100 4065 42527 610
700 3041 48177 343
1000 9136 54349 434
1100 488 54320 477
1000 2178 47790 493
600 2829 52591 269
900 10976 53565 396
600 985 40860 346
1000 18058 55193 427
900 8567 47440 447
600 1694 20823 679
1200 5142 54281 521
900 1089 52820 402
900 23556 50441 421
600 8530 50760 279
1400 21994 55299 597
1000 9479 48268 488
1000 3256 47208 499
1100 8869 47780 543
1000 19483 48972 481
600 1721 43519 325
700 24562 55826 296
1000 17617 47302 498
700 15675 41911 394
900 3591 38434 552
900 15479 54092 392
900 16227 43780 485
800 11557 40771 463
1000 544 26510 889
900 17900 48915 434
1300 1297 50787 603
900 1278 43339 490
1200 1663 49984 566
1200 15840 48976 578
800 8546 54808 344
900 5284 49553 428
900 253 49616 428
600 8314 51049 277
1000 1747 44835 526
800 3804 37253 506
1100 18879 46164 562
900 980 53733 395
1100 5326 53342 486
1000 3925 55642 424
800 1204 51410 367
1200 2544 46606 607
800 10927 53690 351
800 2477 52596 359
1000 5961 51752 456
900 11933 50781 418
900 6086 52155 407
800 8257 52371 360
1400 10452 50472 654
900 1295 46909 452
1000 7777 47008 502
1200 3051 52153 542
800 10095 55759 338
800 4967 31698 595
1100 1920 34811 745
1000 8523 51022 462
1000 11286 49488 476
1200 4667 55770 507
1100 16771 35360 733
900 3575 44280 479
1700 7577 50457 794
800 1983 44664 422
1200 17062 52336 541
1200 2134 54923 515
700 8421 30631 539
1200 13728 54943 515
900 3184 54043 393
900 8503 52638 403
1100 10349 29382 883
700 2060 41470 398
1100 3044 28526 909
600 12903 52462 270
1500 8075 40249 879
1000 9908 46078 512
1100 11617 50130 517
700 814 46652 354
1200 24331 52913 535
900 12086 35643 595
900 1983 54936 386
1200 183 40642 696
1100 3237 49317 526
1100 1903 55245 469
1000 2458 55800 423
800 4716 54591 345
1300 13704 53981 568
1200 7836 46590 607
900 1749 51953 408
1000 5313 47060 501
500 154 52397 225
900 18531 42866 495
1100 299 50673 512
1100 491 55411 468
1100 7276 50740 511
1200 2232 49314 574
1000 7493 52150 452
300 768 54331 130
1000 1868 19941 1182
1100 13483 49683 522
600 1922 43521 325
1000 3099 5840 4037
1000 1654 53924 437
1200 8288 55326 511
900 1043 47834 444
1200 9579 50132 564
900 21884 40813 520
1200 3221 46196 612
1000 3113 54778 430
900 1717 37118 572
1300 733 55455 553
800 7528 55097 342
1200 9211 51318 551
1000 3363 52945 445
1100 15458 29845 869
1200 2393 55559 509
500 2104 49947 236
1100 10050 50797 511
1000 27945 54819 430
1200 21581 52168 542
1000 4114 38889 606
1100 9459 49161 528
800 4666 55554 340
1200 1747 50672 558
1100 25093 53115 488
900 2846 50410 421
1200 4541 53175 532
1000 20959 22389 2463
900 13310 45897 462
800 250 47598 396
900 6681 51194 414
900 2304 53924 393
1100 1433 36512 710
800 7602 36329 519
1000 2769 42703 552
500 21299 55027 214
700 3491 39629 416
900 12996 52419 405
1400 745 54029 611
700 2190 53689 307
900 19133 54108 392
1100 20441 55661 466
1100 12038 47738 543
1000 38489 52158 452
800 1630 55787 338
1100 20691 54819 473
1100 3554 54302 478
1000 7099 27853 846
1200 2551 51235 552
800 18727 49919 378
1300 1514 37003 828
900 7917 46993 452
1000 7257 53321 442
1200 1141 55816 507
1200 26436 28962 977
800 21294 40760 463
1000 16339 55692 423
1000 23290 54246 435
900 16965 33713 629
800 5632 54030 349
1200 11251 52188 542
1200 6588 50088 565
1100 4063 45969 564
1000 8934 31999 737
1100 21038 55299 469
1000 8733 53332 442
700 5397 41488 398
1300 8820 52227 587
1000 6355 53624 440
1300 2123 54726 560
1000 2253 11226 2100
600 2558 51038 277
1400 1164 21558 1531
700 4172 46733 353
900 8216 32106 661
1300 4499 53978 568
900 25842 44428 478
1000 2284 43651 540
600 4202 52279 271
800 14547 55253 341
1100 5578 48205 538
900 1118 51329 413
1200 14498 50813 557
1400 1575 54752 603
900 1475 52846 402
1400 21810 49306 669
1000 19702 53542 440
1000 880 51599 457
300 2853 50060 141
1100 1344 43817 592
1100 37076 38498 832
1200 3407 30380 931
600 20180 50748 279
1100 3186 46754 555
1000 325 41693 565
1500 2323 44329 798
1100 33 52306 496
1000 8253 52664 448
900 9073 53598 396
600 10785 50446 280
1000 13017 55357 426
600 5159 54155 261
1200 13786 41641 679
1000 22139 55167 427
1300 26448 54986 557
1300 2594 48278 635
1100 455 51779 501
1100 4958 40093 647
900 5235 55164 385
800 5152 6371 3630
1300 2950 51817 591
800 18793 41867 450
900 9953 38362 553
1100 6047 46523 557
1100 4520 51610 502
1100 16125 54006 480
800 397 33677 560
900 27084 52323 406
900 20206 42005 505
800 16619 38276 493
1400 2929 53051 622
1100 11298 52786 491
1000 3871 53781 438
1000 3533 49659 475
800 3366 46671 404
900 30818 54268 391
1100 11919 47520 546
1100 7555 53110 488
1300 5699 47270 648
1300 5718 44115 695
1500 171 54313 651
1000 24501 55256 427
900 1565 53415 397
1200 576 52036 544
700 1409 42763 386
1100 11998 51966 499
1000 7534 55808 422
1000 1939 53032 445
900 4580 52817 402
700 1453 48379 341
800 3438 40335 468
900 14428 46715 454
1000 6418 55416 425
900 14152 53503 397
1100 3228 49067 529
1100 5425 52392 495
1100 8409 52750 492
1000 3710 28915 815
800 1125 53263 354
1000 10107 45411 519
1100 1314 18292 1418
900 3141 54650 388
1100 10188 55032 471
500 12616 48702 242
1100 11657 35123 738
700 11279 51589 320
1100 3776 35775 725
1100 13896 49751 521
1000 152 48668 484
900 1999 46520 456
1300 23351 50501 607
800 7155 50976 370
1000 7271 52716 447
900 9792 32448 654
1200 428 54377 520
1000 754 49473 477
1100 1770 55112 471
900 11153 55186 384
1200 36311 53284 531
700 950 47636 346
900 10830 54094 392
500 2932 50535 233
1000 1290 39252 601
700 829 53186 310
1100 7092 15316 1693
900 7320 55118 385
1000 12049 33672 700
800 17942 47772 395
800 8957 35432 532
900 1579 31073 683
1000 1778 54770 430
1200 327 52560 538
1300 11107 45747 670
1100 7241 53354 486
900 1141 50852 417
1200 437 53552 528
1100 570 45529 570
1000 6301 55452 425
1200 4027 28684 986
1000 7371 46255 510
1000 10296 53682 439
1300 6101 52446 584
1300 8652 36507 840
1000 8369 36868 639
1000 262 54827 430
