50
1.1666011884769614 1.0 2.2253194533308145 1.3570761823991395
1000 807 4453 550
1100 3126 5704 473
1000 85 5824 421
1100 962 5429 497
900 206 5670 389
1400 5069 6945 722
1100 1089 5237 515
900 789 6329 348
800 1669 4138 474
800 352 3936 498
600 5100 5929 376
1000 139 5633 435
1100 1174 5878 459
1000 3233 5142 477
900 428 4491 491
1200 12 6350 463
1400 2446 4471 767
900 0 4491 491
900 2033 3230 775
1200 1284 5350 550
1100 3691 5556 485
1200 628 5769 510
800 1350 5400 363
1000 1083 6259 392
900 1056 4448 496
1000 415 5400 454
1000 1077 5545 442
1000 1344 4280 573
1200 1369 6016 489
800 1615 5475 358
1300 552 5763 553
1100 1557 5393 500
1200 1496 4738 621
900 1815 2849 5264
1400 1223 2782 953
800 279 6205 316
1100 148 5658 476
1200 725 5053 582
1100 591 5182 520
1200 534 4523 650
800 497 5024 390
900 1930 4235 521
1100 1168 3383 797
600 2103 6375 231
1100 2380 6121 440
600 1032 5792 254
1000 215 4183 586
900 1539 5219 423
1400 312 5525 621
1000 2267 3598 681
