400
1.4959864050687068 2.6993078766824015 2.5738445537916625 1.0
900 2932 48118 394
1100 5294 48071 482
1200 590 49387 512
1000 13263 44722 471
1100 2518 48779 475
1300 1672 38291 715
800 7296 41288 408
700 3958 38649 381
1200 12422 42405 596
1100 29684 33823 685
900 6946 44264 428
1200 828 17292 1461
800 2339 44247 381
1000 6251 47102 447
800 16479 42732 394
600 698 42727 296
700 10075 44279 333
1200 8156 44614 566
1300 552 37412 732
800 549 49266 342
1500 4098 47697 662
900 1547 49107 386
1000 2189 44589 472
1000 6623 45177 466
1000 577 45872 459
1000 18901 49520 425
900 27356 48396 392
800 3091 34021 495
900 2990 40098 473
1300 13546 40599 674
800 9253 44313 380
800 10611 47284 356
1100 1667 45892 505
900 6975 50025 379
800 724 46590 362
1000 1570 44442 474
900 4249 41964 452
1300 11926 47731 574
1200 7068 40008 632
1300 783 44301 618
1200 719 49877 507
1000 505 30910 681
1000 1330 25582 823
1100 4735 46708 496
700 3533 46889 314
1000 524 45056 467
800 9534 39088 431
800 9620 45688 369
1300 9301 42337 647
1100 4650 46302 500
1000 7582 36064 584
1100 14762 49056 472
1000 4427 45813 460
900 8108 20123 942
1200 0 49814 507
900 3897 29627 640
1100 20150 41721 555
700 9123 35419 416
900 1098 48884 388
1100 772 47799 485
700 6707 41662 354
1000 2204 49939 422
900 5631 46203 410
1000 2122 34775 606
900 9497 44943 422
1000 2642 49356 427
1200 4100 36337 695
1100 12533 49734 466
1000 8734 49616 424
900 4228 45951 412
1300 7489 9223 318
1200 9911 41695 606
1300 10783 28233 970
900 1643 46739 406
1200 2799 42856 590
800 5453 35320 477
900 4806 49647 382
600 6819 49142 257
1000 123 46746 451
1400 2910 41867 704
900 3149 48441 391
1200 16279 47197 535
1000 8705 48841 431
1400 4145 30584 964
1200 1086 44635 566
1200 789 45908 550
1300 271 46392 590
1100 1176 47514 488
1300 11378 42671 642
700 17042 40132 367
700 712 45595 323
900 322 42825 443
1400 150 39827 740
1300 11566 48232 568
1000 420 47708 441
1000 7962 38112 553
1200 5158 42366 596
1200 15233 32890 768
900 1366 21341 888
800 1931 32959 511
1300 4800 48697 562
900 12704 47680 398
1100 2868 49670 466
1100 452 42781 541
1100 5193 40995 565
1000 14753 46846 450
900 6713 40792 465
500 6077 49732 212
700 18723 19736 2034
1000 1396 33916 621
1000 5456 47994 439
1100 12661 47232 490
900 202 34218 554
900 2314 35063 541
700 5456 48415 304
1100 918 42667 543
800 29419 42306 398
500 5516 38103 276
1000 12887 48050 438
1000 7593 34243 615
800 837 44080 382
800 194 46784 360
1000 19566 40223 524
900 5870 45191 419
1200 244 38914 649
1000 4864 48002 439
1400 775 42823 688
900 1256 45700 415
1000 5992 39872 528
1000 4003 48619 433
1100 4673 41747 555
500 7855 45976 229
900 210 29295 647
900 1184 41172 460
1000 7948 46948 449
1100 11703 37980 610
1400 2152 17752 1661
900 1048 49987 379
1100 4127 39559 586
700 1351 30680 480
1200 1240 49184 514
500 22442 42111 250
1300 998 30951 885
1000 1804 47003 448
800 2743 47969 351
1300 6676 49371 555
800 32636 49201 342
1000 12338 41514 507
800 4295 44781 376
800 2343 47291 356
900 31482 38061 498
800 5042 42448 397
1100 20892 40549 571
1300 4292 44309 618
1100 4665 47796 485
1200 3326 49036 515
1300 11699 36273 755
900 1523 48368 392
700 4161 41201 358
1100 8485 47364 489
1100 1850 44060 526
1100 110 24125 960
1200 20338 48500 521
1000 8306 45338 464
1100 4462 45757 506
600 12910 43595 290
1000 7053 34137 617
800 1 44267 381
900 13441 44286 428
1000 8224 47886 440
900 2075 46076 411
900 862 49817 380
1100 4859 32963 703
1200 11243 43003 588
1000 33821 43043 489
700 1390 49805 296
1000 4331 46663 451
700 6169 39088 377
1200 4084 47965 527
1100 2454 39777 582
1100 1610 38397 603
800 2554 41377 407
1100 4681 46833 495
900 15008 41333 459
800 3005 19248 875
1000 3615 46762 450
1400 3493 49539 595
1000 5280 34424 612
1000 2250 41048 513
1100 21654 38138 607
900 2509 45369 418
900 8160 36320 522
900 2783 24360 778
800 30233 45230 372
800 794 41255 408
800 6678 47788 353
1200 7729 47475 532
1200 2395 39889 634
800 21158 46965 359
1000 4202 46951 449
800 11579 49518 340
1100 2265 37689 615
1000 4899 40921 515
1100 22956 44767 517
800 48 48469 348
1200 4695 49693 509
700 8497 45575 323
1100 5540 46531 498
1100 5246 34001 681
1000 2761 49545 425
1200 12852 48805 518
1000 2417 48207 437
800 7005 44696 377
600 900 49860 253
1000 1899 43694 482
900 5097 38808 488
1100 65 49686 466
900 5024 48836 388
1500 1082 37309 847
800 1974 45761 368
900 1200 48147 394
1300 3835 49529 553
1400 1745 48523 608
700 28551 49980 295
1100 7994 35976 644
900 10638 38610 491
600 481 46233 273
1300 2605 42812 639
1300 2181 46609 587
900 23032 37787 502
1000 118 46931 449
1100 4576 44211 524
800 1107 49966 337
1000 12878 40249 523
1200 26637 49788 508
600 1818 48444 261
900 19 17057 1111
1100 18171 40774 568
1200 4013 37716 670
1300 2570 39890 686
1000 2233 49026 430
1300 6761 42741 641
900 10860 49729 381
900 3201 48960 387
800 4885 26848 628
1100 3199 34797 666
1000 18299 42490 496
900 1041 48921 387
700 4242 41504 355
1100 1582 38646 599
1300 1772 43581 628
900 17689 45587 416
1000 14494 35940 586
1100 4559 40059 578
1500 1359 31923 990
1300 16731 35691 767
1100 14141 42391 546
1100 7981 48037 482
900 3706 17219 1101
700 4853 47689 309
1200 6243 45578 554
700 8768 47488 310
1100 6116 48505 478
1100 1141 47531 487
700 4671 44583 331
700 13831 43191 341
900 6697 37288 508
1100 9181 49543 468
1500 1419 46671 677
1100 13367 36115 641
800 5504 42766 394
1000 2676 31187 675
1000 886 46906 449
1000 802 49526 425
800 197 45719 368
800 6991 37802 446
1300 3462 35745 766
1200 8424 44443 569
900 6980 28666 661
1100 4724 40967 565
1000 18594 47041 448
1200 5116 44369 570
1300 5427 49905 549
1100 10272 43900 528
1000 8827 33969 620
1300 602 46031 595
1100 8118 47167 491
1600 149 47491 709
900 14274 49223 385
1100 5544 40354 574
900 321 47556 399
800 30448 49947 337
900 8896 32574 582
800 2574 48257 349
1500 3514 35173 898
900 2326 43069 440
400 9365 38896 217
800 11436 47595 354
800 7765 46449 363
900 7540 39002 486
1300 301 48067 570
800 9198 45487 370
1000 2050 37022 569
900 5668 46183 410
800 1012 47056 358
900 1401 27546 688
900 2791 24589 771
700 1122 46129 320
1000 205 24280 867
900 6787 48325 392
1200 6440 36490 693
1100 3541 32799 706
1200 2162 49294 513
800 8747 43400 388
1100 21052 49930 464
1600 2745 8428 3998
1000 2499 23111 911
1100 1232 32169 720
900 4954 45894 413
1000 25650 49268 427
500 605 41085 256
800 160 46672 361
800 25146 44556 378
1000 691 40166 524
1000 8606 49131 429
1300 2515 49104 558
700 651 46734 315
1400 5080 43202 682
1000 21401 45355 464
500 7460 48884 215
1200 1348 48291 523
800 4549 49042 344
1300 1900 49390 554
1000 231 25708 819
800 8408 46822 360
800 1067 45061 374
1300 831 50020 547
1300 5466 47088 581
1000 3112 44810 470
1000 8477 49828 423
1000 12285 48771 432
1300 7180 45601 600
900 7700 27530 688
1100 36224 49741 466
900 1266 43874 432
700 15058 47667 309
1200 3531 45641 554
800 3032 37558 449
1100 6671 49514 468
900 4109 41769 454
1100 4888 48611 477
1100 109 41227 562
1000 4467 46858 449
1100 1377 49036 472
1100 6720 47847 484
800 16662 47867 352
1100 3257 48105 482
1000 56 37418 563
900 4260 46030 412
1100 10563 45702 507
1400 10630 45197 652
1000 3854 34619 608
800 5814 39232 429
1100 4088 37833 612
800 8644 48242 349
700 2831 48783 302
1200 40020 45793 552
1100 2025 45220 512
700 1199 46702 316
1000 9975 34340 613
1000 14215 46627 452
1000 3660 46548 452
1000 107 48065 438
1400 2327 49487 596
1000 3987 37949 555
1400 1030 46810 630
1100 5132 20999 1103
800 1134 30477 553
900 3953 36861 514
1100 6813 47581 487
500 3258 47765 220
1000 1908 40494 520
1200 1255 49289 513
700 8874 42365 348
900 4822 33752 562
1400 292 32726 901
900 8322 46675 406
1200 1303 42119 600
700 8856 36796 401
700 1110 36504 404
1000 8787 32470 649
1300 1244 48864 560
900 3883 37454 506
900 11797 41939 452
500 4422 31217 337
1200 7031 48192 524
1200 12099 40876 618
1200 696 47901 528
700 1194 35691 413
1300 6604 33805 810
