350
1.0 2.505327559258467 1.7172387584835225 2.381838427860415
1000 2607 43762 424
1400 7697 41667 624
900 18436 30806 542
1100 8155 41938 487
900 12513 43715 382
1000 9646 33561 553
1300 506 44394 544
1000 1892 41999 442
1000 2029 43295 429
900 3708 42208 396
1000 1067 44649 416
1300 5895 38103 633
900 6199 43252 386
900 16604 44240 378
1400 4638 39550 657
1400 9553 41695 623
1000 545 41032 452
900 3459 33444 500
800 8618 41017 362
800 1070 44256 336
1100 2855 24903 820
900 349 41639 401
1100 6036 39716 514
1100 7520 41802 489
1300 11589 39979 604
1100 27852 42032 486
1000 109 43817 424
1100 7367 38863 526
1400 11222 43836 593
1400 344 44369 586
800 12856 24528 606
900 1948 42074 397
1100 9099 16594 1231
1200 13282 39272 567
1000 1532 36320 511
800 6781 27663 537
700 15289 37159 350
1000 1246 44364 418
1100 3839 39443 518
900 4344 39415 424
900 5048 42964 389
1100 757 43290 472
1400 8012 40316 645
1000 2168 34745 534
1200 9567 39307 567
1000 5600 33510 554
1000 5356 33673 551
1400 3200 40103 648
1100 2573 39107 522
900 5829 42343 395
900 14433 35723 468
900 4991 32382 516
800 2453 43514 341
800 1219 40685 365
800 2988 35211 422
1300 5559 34494 700
1000 1564 31879 582
1200 609 44280 503
900 6978 43420 385
1200 1570 42176 528
900 2584 41666 401
900 2388 30131 555
1100 626 40753 501
900 153 43974 380
1000 3744 43831 424
1100 5565 37349 547
1100 3260 42704 478
900 2646 37681 443
1000 5337 41736 445
1000 960 29617 627
1100 6281 42570 480
1400 2096 44350 586
1300 3050 43749 552
1100 10129 31038 658
900 9010 22061 757
900 3956 39257 426
1200 1207 37450 595
700 5367 29224 445
800 1306 32151 462
1000 1150 27810 668
1500 3342 43486 640
1000 1358 37280 498
800 3398 39954 372
1300 1727 23790 1015
1100 7273 35273 579
1100 5780 35133 581
1000 12250 43768 424
900 12987 38882 430
900 843 44164 378
600 541 41197 270
1100 4779 42942 476
700 10834 39268 331
1100 4301 44830 456
1300 2939 38543 626
1000 895 30631 606
800 1971 23871 622
1000 3026 34639 536
1100 9436 38512 530
900 151 43667 383
1300 12575 37824 638
1100 4847 38743 527
1400 6071 19322 1345
700 8091 36803 353
900 232 38106 438
1000 5228 43011 432
1400 3996 40945 635
1000 2138 42861 433
1400 9233 43997 591
900 2363 18651 896
1100 454 35917 569
1300 3595 41245 585
1000 542 43589 426
900 13241 42499 393
500 3410 34082 272
1600 12486 42455 700
500 3021 37143 250
1400 13734 44811 580
900 2116 34275 488
1100 20885 43750 467
1200 3564 29668 751
1300 1151 39640 609
1200 18787 32166 693
900 17099 30705 544
1100 10477 39174 521
1000 5826 23265 798
900 0 42661 392
1100 1626 40454 505
1100 7196 44089 463
800 5347 27872 533
1200 2602 42720 522
1000 1354 43802 424
800 5055 41777 356
800 1692 44650 333
1100 3602 37319 547
1000 1294 38109 487
1200 930 40436 551
1200 5366 30778 724
1100 1918 43092 474
1100 1463 43883 465
900 8495 44284 377
800 11282 39716 374
800 654 44581 333
900 3306 18957 881
800 6750 44106 337
1100 10871 31505 648
1100 4225 44120 463
1400 22998 41870 621
800 7841 43276 343
1300 416 34389 702
700 5532 39848 326
1200 107 39926 558
800 9273 42726 348
1100 194 41519 492
1000 6136 30343 612
1000 1322 44591 416
700 13239 44008 295
1500 2363 41623 669
1000 1113 44224 420
900 11076 38921 429
800 12861 35113 423
1100 23389 42615 479
1100 4057 42539 480
700 8310 39304 331
1100 1623 44647 457
1400 13114 36983 703
800 11546 25626 580
1300 4114 32000 754
900 1612 32822 509
1000 286 34708 535
900 110 39965 418
1400 3086 41780 622
700 7458 44308 293
900 5494 42736 391
900 7101 36736 455
800 1882 41179 361
700 8591 44525 292
1100 2646 37112 550
1100 2624 22927 891
900 336 38143 438
1700 1980 43240 730
800 1311 44319 335
1000 10053 37580 494
1000 7689 42096 441
1000 553 39620 469
800 2643 39076 380
1000 485 39194 474
700 707 38121 341
1300 5332 44646 541
1000 8857 43620 426
1000 517 43093 431
1400 1574 40950 635
1200 6854 37337 597
1200 484 44511 501
700 2864 38807 335
1000 2520 43945 422
1200 1460 29809 747
800 5998 44716 332
1200 4189 44378 502
1000 1925 44859 414
900 268 41764 400
900 5176 24785 674
800 2217 34382 432
1300 11345 43903 550
1400 4987 37096 701
1000 3423 33758 550
1100 3374 37539 544
800 5935 37439 397
900 9542 40578 412
1000 9197 33400 556
1300 3803 44372 544
800 12671 43298 343
900 2559 40610 411
1400 2627 44106 589
1000 659 40922 454
1000 5104 37921 490
1200 6294 42141 529
1000 7656 42365 438
1000 1942 41020 453
1000 3035 43692 425
500 498 44278 210
800 2124 42058 353
1100 5734 39507 517
1000 3165 35199 527
1100 7507 30599 667
900 1110 43306 386
800 16003 39146 379
700 5528 43905 296
1200 8909 44136 505
1200 10558 44212 504
500 132 43571 213
600 4769 19507 571
900 8713 35070 476
1100 3179 31324 652
1000 8079 42768 434
1000 23841 25058 774
1000 4147 41992 442
1000 696 36695 506
700 5114 36305 358
1100 9014 41182 496
700 452 37872 343
800 15613 38212 389
1100 885 34933 585
1200 580 30006 742
700 2379 44518 292
700 12367 44022 295
1100 2809 40204 508
900 7470 43442 385
900 1580 26469 631
700 4310 38893 334
1000 718 33269 558
1100 3573 40182 508
900 5079 33634 497
1200 2701 40326 552
1100 10043 37816 540
1100 4181 25521 800
1200 3284 40338 552
1100 449 26736 764
1200 2110 40450 551
1300 9656 41286 585
1000 13815 40275 461
1200 3239 33714 661
900 3592 39490 423
1100 446 40384 506
1200 1955 43177 516
1100 6940 43558 469
900 294 41820 400
1200 9635 30816 723
1200 2722 41289 540
1400 10763 34514 753
900 7670 41194 406
1100 3921 43476 470
1100 17145 39028 523
1200 336 41270 540
1200 656 43871 508
1200 20548 44822 497
1000 1904 40356 460
900 16349 21323 784
1300 4416 40710 593
1300 11918 39679 608
1100 17896 43011 475
1100 20918 39690 515
900 504 32819 509
900 2266 38896 430
1100 9680 36279 563
500 4351 29837 311
1000 3280 29036 639
1200 134 39229 568
900 8270 37958 440
1000 9436 42270 439
600 993 27317 408
900 2368 41114 406
700 2893 44747 290
1200 3027 44330 503
1100 23585 31547 647
700 5789 40482 321
1200 2160 30068 741
900 2586 44039 379
1000 3238 36264 512
1000 2270 34039 545
1100 3157 40256 507
900 5054 34244 488
1400 79 43270 601
1300 5903 37894 637
1100 2918 35521 575
1300 5742 35555 679
1200 2129 35213 633
1100 1132 2583 281
1100 2379 42471 481
1100 5853 34941 584
1000 2588 23711 783
700 7754 44664 291
1200 2145 43931 507
1100 2042 18209 1122
1200 6068 44303 503
1000 16574 39850 466
800 1189 38134 389
900 9056 21136 791
700 990 40531 321
1000 30274 43914 423
700 8487 40381 322
1400 754 41579 625
800 2871 41541 358
1100 1398 41882 488
1000 5092 42685 435
600 6451 33494 333
1000 3054 35795 519
1300 1172 40520 596
1000 4252 44862 414
500 2469 38203 243
900 8204 33973 492
1200 6669 40628 548
1000 1455 28786 645
1100 1996 42377 482
1100 15210 42280 483
1200 2692 44624 499
1300 1029 43074 560
900 909 38278 437
1200 14656 38793 574
700 550 43955 296
800 18270 33229 447
1100 35890 37204 616
1500 2183 33856 823
1100 8825 43205 473
1200 3507 40198 554
1100 16814 43234 472
800 9580 36762 404
1300 882 37489 644
1200 1238 39963 557
1000 11187 42820 434
1200 4790 43983 507
