100
2.531 1.025 1 2.6703
237 21 1309 2
304 238 1890 6
147 8 1636 3
89 270 2591 7
345 203 2445 6
340 200 1105 5
33 0 114 1
59 16 1058 3
79 105 1638 6
348 196 1459 4
228 83 3450 8
44 96 2956 2
60 158 2335 2
57 354 1857 6
105 3 1339 7
198 188 1916 3
79 190 457 1
68 0 493 3
237 341 2911 2
236 318 1023 8
36 138 631 6
341 162 1627 6
244 0 2780 8
62 322 1111 5
290 34 3245 2
169 75 2242 6
55 0 80 1
185 336 2878 2
21 84 1076 7
108 0 277 4
220 337 3378 5
289 92 1450 2
326 144 1865 6
208 24 2756 7
208 177 1039 1
58 272 2929 7
119 339 2605 2
142 276 3754 1
104 337 3779 2
17 185 619 6
189 140 1650 8
174 185 1909 6
324 174 2622 7
86 89 471 3
123 307 1261 5
121 305 3784 7
232 55 1379 7
60 225 3530 2
98 152 2094 5
180 323 564 5
34 1 2720 5
198 126 3299 4
344 0 475 1
192 197 1764 1
210 310 2561 6
129 35 868 6
204 83 1320 6
164 187 3728 8
307 167 2639 8
124 5 1645 7
44 0 569 7
218 138 2722 6
189 255 1980 8
342 294 2948 3
101 273 1975 7
255 165 1454 8
29 151 2241 8
207 146 3830 6
157 57 2630 8
304 241 3369 8
229 38 1999 1
185 348 2096 5
57 295 2665 2
216 302 2385 5
223 339 2475 6
196 181 2699 3
194 72 3268 6
180 34 468 3
34 290 407 4
158 320 1830 7
83 0 3444 3
290 4 3390 8
184 259 1495 3
139 239 3803 1
252 198 3142 2
189 76 2034 3
306 22 702 7
35 170 2721 6
143 95 3431 8
136 344 3875 2
210 272 3692 6
154 219 847 1
320 28 1085 2
244 312 3996 5
227 81 2764 4
326 44 1281 6
200 290 3168 1
148 60 2404 7
150 23 3258 1
278 216 717 1
