150
1.7717 1 2.9012 2.9868
49 40 864 5
9 4 266 2
26 47 243 5
55 50 316 5
73 75 218 5
59 6 1101 5
10 1 106 6
50 38 874 3
45 37 1243 7
72 60 877 3
8 67 843 4
18 11 732 1
36 77 1030 3
39 41 1176 2
4 43 68 7
61 63 322 4
76 27 696 5
68 7 1265 3
36 22 618 7
64 8 757 5
19 72 629 2
68 71 698 4
31 36 301 6
16 62 884 6
75 67 1192 8
12 5 153 3
71 9 1379 3
74 5 483 4
77 58 1351 8
30 68 888 3
45 18 529 1
73 59 464 7
45 25 368 4
30 42 168 1
36 8 98 6
44 20 456 8
46 53 375 4
80 43 639 7
22 47 614 8
66 3 763 2
29 27 75 4
41 10 548 6
7 4 744 5
63 70 1268 3
15 45 950 1
18 12 1124 7
29 11 727 8
9 80 1126 4
69 0 117 2
66 41 730 8
60 14 189 1
31 60 299 5
7 29 622 5
64 55 541 3
75 22 487 2
52 35 585 7
48 31 639 3
15 1 531 4
11 61 831 4
68 77 876 2
77 12 853 4
68 45 454 1
19 67 1249 2
73 62 1028 1
72 48 1136 6
51 16 1017 5
9 45 1271 5
66 11 791 7
63 67 1067 7
54 30 736 6
19 68 1210 3
49 5 521 7
66 36 568 3
66 26 224 8
39 6 1150 1
79 51 949 6
74 49 967 6
62 36 970 5
6 74 610 5
61 4 336 4
66 65 498 8
16 63 954 8
31 33 884 1
31 80 945 7
47 38 94 2
49 60 1071 8
13 75 365 2
19 47 1108 3
33 30 1352 8
72 24 513 7
18 36 671 7
15 8 849 3
26 1 79 2
32 46 536 4
64 65 218 3
33 69 396 2
49 6 1295 8
65 43 366 6
33 5 371 6
6 9 694 3
62 0 1327 4
78 64 638 8
15 65 137 2
62 54 1177 4
23 27 1149 3
18 27 413 1
22 52 264 8
41 52 219 6
40 70 964 1
41 4 677 4
56 27 814 6
31 72 967 6
72 8 587 6
69 58 614 1
58 28 1257 7
65 37 777 6
6 44 370 4
36 8 481 1
67 34 180 5
64 21 486 5
10 38 877 1
50 57 197 2
77 38 515 4
59 18 516 4
68 33 241 8
59 64 1266 8
78 68 1062 1
40 7 692 1
48 35 123 3
32 66 893 6
59 5 863 3
60 72 374 1
8 21 1044 7
76 13 564 7
66 62 233 5
56 10 855 8
15 22 730 6
39 70 402 5
78 74 366 6
63 66 1408 1
50 20 825 8
5 28 228 3
41 75 555 4
72 73 1378 6
60 49 769 6
45 38 778 2
7 56 732 5
40 12 236 3
46 17 517 3
66 68 258 7
