450
1.4606 2.3742 2.4611 1
347 461 5828 2
571 308 10775 7
378 290 19983 1
146 205 21433 3
355 158 21916 3
322 68 13323 3
255 370 26855 6
106 126 18649 3
430 118 28448 3
329 374 26169 6
469 391 12238 6
487 471 16757 3
502 439 6285 4
599 569 15888 6
279 553 27469 1
53 647 29345 4
319 174 5236 7
242 301 5270 1
272 567 24391 1
598 69 5372 1
522 579 9352 8
577 403 7896 3
100 101 26015 7
152 300 23259 4
325 216 1312 6
339 485 30167 1
89 424 11165 7
13 1 18501 8
407 226 25576 3
91 365 25125 4
363 600 7018 3
623 236 27699 1
608 351 20560 1
117 33 27586 4
378 342 9531 1
105 193 30182 7
458 432 26619 6
397 8 1736 5
291 509 27192 5
152 294 5213 8
337 565 17672 1
500 68 27521 3
573 633 11651 7
426 240 17303 1
628 81 7110 3
391 415 21860 8
106 334 20303 4
467 651 28370 3
636 65 8350 6
578 355 13942 7
355 195 28538 4
544 295 7553 5
46 116 16557 2
107 147 1562 4
233 492 23947 2
115 405 20448 3
464 624 1730 2
390 611 29886 1
304 28 20046 2
408 230 14086 7
601 607 11497 1
533 148 10176 7
286 571 5198 4
118 189 4702 8
481 364 16445 1
425 105 14563 7
196 620 14144 3
117 64 22135 4
123 225 17609 1
517 294 3965 4
448 497 23439 5
54 570 11374 3
479 75 22860 7
98 554 931 3
94 208 23965 7
150 139 4641 5
478 211 10327 2
193 395 6242 6
396 433 28260 2
291 492 23085 3
552 262 11384 1
391 453 1255 8
470 485 7385 7
468 302 26645 4
624 491 10798 2
631 603 8032 7
295 478 11075 4
67 553 19577 5
536 344 2341 7
281 498 13129 7
638 162 8597 8
577 186 6453 2
289 393 25291 2
442 396 25041 2
405 518 1957 5
631 222 5691 3
420 559 14753 6
358 498 25240 2
40 314 20009 3
146 334 23628 4
84 384 15589 3
84 445 10903 5
23 387 10595 2
33 403 9213 4
294 636 25026 5
166 568 29308 7
459 422 10178 7
219 645 8555 2
445 439 3293 6
541 157 24545 3
249 588 11983 2
625 296 28514 8
623 409 18798 8
379 74 27053 6
359 87 15178 5
417 317 26763 1
28 528 8691 3
244 64 11908 1
523 499 9854 5
111 34 15329 2
590 586 21738 6
35 311 19094 8
87 173 10237 5
130 246 8928 3
228 372 10809 6
327 120 26682 5
140 106 13995 2
369 379 12743 2
329 472 10980 5
14 321 25893 4
214 17 3877 6
123 628 16769 4
73 238 14329 6
266 328 21733 8
646 631 17192 5
525 340 13398 5
575 146 18295 6
500 39 12688 1
202 77 2733 8
568 558 6016 4
429 482 20243 2
132 10 1938 6
43 298 3218 1
314 254 25283 3
26 210 15394 6
310 147 28748 1
222 241 22758 8
435 164 9547 4
336 123 15124 2
429 244 15089 1
402 135 2169 5
79 657 27773 6
321 478 28397 2
459 580 12239 2
358 446 16818 1
21 560 683 6
201 151 21506 7
441 574 11737 5
597 626 17581 8
390 115 4266 6
22 137 18475 7
551 437 21518 3
643 296 3982 5
476 169 5134 1
281 309 30367 2
248 95 29348 7
416 603 17379 7
453 285 8729 7
542 85 28074 6
201 380 7856 1
136 535 2878 4
101 103 6642 4
625 163 13868 7
133 520 692 8
458 260 21043 1
290 465 16981 2
233 469 14226 6
220 30 14244 2
259 102 15135 6
336 653 22237 1
510 135 3797 8
360 366 30967 1
481 515 19439 6
341 578 10576 7
217 625 7242 7
59 2 30279 6
631 546 17166 7
186 527 23967 2
318 419 29955 4
649 205 13456 1
202 20 19236 8
614 469 10063 1
270 647 30556 2
287 118 3583 4
484 555 24716 7
480 147 30427 5
283 467 22594 8
454 464 19448 6
468 180 15114 3
81 535 12027 5
60 571 10173 6
534 433 13594 8
349 231 21368 7
402 463 30332 8
417 505 20429 4
545 473 23866 4
91 78 4199 7
610 37 9545 1
468 70 7130 8
534 585 11719 1
59 385 29369 6
256 402 30666 3
250 503 11010 5
454 470 28876 7
328 472 31351 2
140 651 5494 1
342 636 3921 1
255 604 8609 3
633 223 14835 1
584 102 27476 3
421 548 29547 6
548 111 6549 1
350 116 3524 1
99 103 18209 3
198 126 6586 6
164 445 1413 6
637 625 29794 7
42 38 21944 7
146 602 26975 3
197 281 24260 2
376 216 28766 3
582 628 6297 3
324 513 27846 4
644 214 3863 1
242 160 24452 6
356 523 10802 1
553 516 31445 6
482 392 19643 5
533 444 19470 6
445 194 12380 5
173 203 2532 6
552 337 5246 6
289 291 16107 7
611 634 20952 2
69 41 20380 1
561 607 9923 4
210 7 14631 1
570 387 28596 7
38 383 28366 1
626 369 20064 4
644 196 9612 3
138 376 9041 7
23 592 23029 7
464 246 15568 4
260 436 1955 2
447 558 14185 5
400 403 10343 7
27 54 4384 2
148 632 29247 4
436 106 8568 8
142 267 15005 7
64 609 28442 4
253 584 19151 6
86 623 13596 5
109 286 27689 2
71 88 12057 8
279 419 5163 6
566 476 27330 1
406 641 3903 3
636 546 21457 4
521 233 18022 6
242 503 26232 1
628 62 26270 7
372 452 18734 2
87 348 4479 1
447 286 16220 5
243 137 9233 4
115 162 10893 2
31 51 16384 5
449 44 25585 7
479 360 10719 5
569 398 8600 3
627 404 16774 5
26 230 25461 2
153 68 30085 7
222 537 18359 6
390 17 15501 3
336 191 23990 8
190 369 11830 5
34 545 15000 4
517 60 24196 4
516 345 20557 2
542 249 17117 7
169 405 1691 2
126 403 30276 6
316 366 8749 5
506 260 30780 6
643 615 18040 6
572 332 20901 3
515 49 4815 2
565 333 3428 6
489 68 13201 1
606 139 23243 1
355 411 18696 3
536 636 28196 3
38 324 14264 3
584 89 17005 4
261 505 19820 6
521 269 7443 2
647 365 12123 8
536 262 4145 8
250 313 29191 7
48 77 20900 5
416 364 7185 5
636 124 19540 8
515 406 11400 8
57 426 16337 8
602 39 8677 8
299 533 30681 6
238 610 20360 3
414 63 22777 5
76 619 15759 7
408 58 1892 6
256 562 9109 8
371 257 21912 5
624 13 26079 5
435 519 17567 3
50 495 26358 2
118 108 5936 6
168 610 26453 5
216 574 13750 6
252 469 4562 6
114 361 11660 1
129 183 8064 6
463 102 3611 8
447 6 20739 8
19 53 6587 2
318 405 5499 1
392 124 5849 8
432 306 18865 4
223 657 8706 4
484 299 29736 6
176 350 21309 7
173 496 30828 3
477 510 30914 2
426 141 9230 3
445 216 17377 2
506 385 30706 4
499 125 14570 4
346 440 30525 3
393 233 11056 4
154 109 19530 2
573 275 17540 1
568 57 7252 7
284 575 18391 7
303 176 28423 7
7 646 28778 1
198 256 5235 5
222 185 10830 2
243 356 3378 3
402 244 23797 6
540 241 20083 5
511 97 11403 2
623 52 15263 4
508 494 2686 8
539 67 1309 7
261 613 29559 8
266 280 12594 7
557 136 18520 3
327 560 25146 4
243 498 22770 8
50 69 16456 3
204 548 6174 8
387 210 12156 6
278 322 19904 7
568 78 26065 1
396 364 10530 3
519 366 20235 1
529 567 5368 8
234 542 11570 3
196 384 13312 3
320 239 23381 5
508 405 8900 1
35 518 19043 8
218 223 11790 3
637 82 31099 8
624 285 22642 5
353 144 1372 5
613 455 2141 6
403 460 24422 5
399 78 19685 6
208 170 10380 2
483 158 2676 7
595 270 2231 3
305 141 26545 2
631 174 16461 5
182 181 16776 8
353 287 18977 8
398 198 25023 3
575 109 2041 3
260 540 13253 1
306 361 9999 4
634 126 20762 5
257 429 13183 3
148 604 9906 7
610 559 7955 6
168 425 19410 8
494 461 2229 7
328 117 12658 2
310 239 13964 1
170 74 14747 6
430 186 13766 8
366 138 7050 4
336 109 3444 8
14 109 24942 8
233 252 29099 1
159 300 30781 2
634 177 18275 3
113 232 16850 8
110 513 6797 5
102 254 9756 3
132 84 13332 4
468 352 26933 7
381 419 24823 8
100 230 26401 8
471 134 9552 3
499 16 28643 8
376 245 11511 4
599 74 3244 8
255 311 12775 2
634 0 17029 7
267 131 23487 7
458 24 27861 3
370 96 726 2
644 623 6285 7
40 588 16251 6
127 121 20794 5
197 478 754 1
636 150 23509 6
100 429 6505 1
161 595 12686 8
134 583 19288 6
353 372 7118 5
148 186 832 5
304 45 6728 8
286 142 23822 3
169 75 11760 5
137 36 5561 5
126 435 28407 4
33 589 16937 7
