350
1.687 2.6958 1 2.9712
11 33 379 3
12 9 634 3
25 7 433 3
15 28 629 7
10 33 615 8
33 17 172 1
29 18 519 8
6 34 448 8
24 32 214 5
16 34 648 6
8 6 171 5
6 1 118 8
7 1 202 1
21 7 910 1
33 4 780 4
11 13 302 3
4 12 36 4
15 4 1126 6
17 20 253 7
19 4 871 6
14 5 1096 3
21 6 323 3
20 0 626 4
34 22 367 2
22 28 245 5
19 13 894 1
6 0 910 4
33 34 892 2
4 33 1204 2
10 33 979 2
26 9 1235 5
30 31 568 6
14 32 344 5
20 30 660 1
23 9 778 5
25 21 166 3
33 34 304 2
31 7 1091 2
11 2 319 2
19 8 361 1
32 4 495 1
12 34 210 8
9 6 522 3
22 4 1100 5
33 34 170 1
17 31 1061 1
9 15 826 5
9 4 149 7
34 28 108 8
25 12 480 7
7 5 240 4
6 16 621 4
31 29 1306 3
23 14 1121 4
31 32 889 4
4 29 651 4
11 22 302 1
30 7 899 1
10 32 960 5
31 10 837 8
25 17 48 1
10 21 871 8
18 7 878 8
19 34 612 5
2 15 483 1
10 15 211 3
32 27 1305 5
4 31 1234 5
6 22 672 5
11 27 1118 8
20 2 625 3
34 6 412 7
12 3 163 2
18 12 942 3
25 7 870 7
30 8 389 7
8 10 808 5
26 15 629 6
33 20 966 2
20 21 860 4
19 0 475 4
23 15 1266 1
13 3 309 5
10 27 869 4
28 22 571 8
23 7 1119 1
9 0 453 3
9 16 1200 1
22 8 598 5
24 13 526 7
34 2 92 2
11 34 579 7
11 10 208 1
24 16 961 1
2 28 861 5
21 8 348 7
15 20 604 8
20 16 235 8
15 1 169 5
13 20 1105 1
33 18 687 8
26 13 1117 3
9 11 235 6
10 12 1198 6
3 23 419 2
10 33 587 8
9 23 909 4
8 15 1150 3
6 8 707 4
22 33 1131 3
11 11 370 5
23 29 1007 5
20 21 725 5
29 11 574 3
25 14 719 7
6 1 273 2
17 3 134 2
34 25 461 3
4 0 650 3
24 1 1112 5
3 22 1005 3
25 19 185 4
16 13 858 5
29 33 648 2
32 3 657 6
27 20 724 5
11 4 637 3
18 34 841 3
32 10 1289 8
22 17 1129 2
32 2 1043 4
27 18 922 4
28 10 150 1
3 22 377 2
24 5 164 5
33 18 895 7
12 6 1263 4
32 0 1132 1
10 21 470 8
34 12 424 7
23 2 66 6
13 11 373 8
26 23 1258 1
22 25 1049 6
18 22 80 6
16 1 464 3
2 20 26 5
31 22 132 6
14 6 272 6
14 34 920 4
8 25 236 7
2 3 332 5
34 22 82 8
25 18 307 2
13 28 912 3
4 1 1254 8
27 4 60 7
9 29 983 5
13 30 515 3
21 27 873 7
27 30 1271 3
11 17 320 7
29 11 510 5
28 31 1249 3
24 7 332 5
24 15 661 4
13 10 1019 2
8 12 1245 4
23 33 358 2
29 8 504 2
16 24 814 5
11 13 1254 5
21 11 864 5
9 2 548 6
21 25 1058 3
34 20 1226 3
15 13 692 6
19 18 1281 3
33 15 411 8
30 12 291 1
24 8 1195 1
2 5 383 4
17 27 1151 2
27 26 924 3
25 19 800 6
34 12 972 1
19 21 870 6
26 12 46 8
23 22 480 2
14 14 566 5
9 19 769 1
12 34 343 3
25 0 1246 1
16 11 642 5
8 2 571 5
14 0 909 8
2 8 302 2
7 21 868 8
14 19 178 3
25 26 886 5
9 6 505 2
16 2 862 2
34 30 553 4
24 8 731 4
13 17 408 1
4 24 664 6
25 34 458 5
7 5 495 5
25 29 1015 2
6 26 971 5
3 6 462 6
17 30 1265 8
29 31 528 5
11 5 360 2
33 13 98 4
19 9 259 6
2 17 161 8
29 17 474 4
14 15 945 5
6 25 1193 3
23 25 620 2
29 2 788 8
17 11 531 8
7 13 991 4
31 34 1127 7
4 11 1111 7
30 9 219 4
24 18 954 2
2 3 23 3
5 30 931 6
5 9 1251 6
12 27 73 8
24 23 391 5
15 28 1287 3
33 19 636 8
7 27 420 1
31 7 430 8
22 9 451 6
34 3 422 5
30 20 363 6
2 10 1164 4
3 18 435 5
8 4 1159 6
19 13 592 1
8 32 684 1
26 34 254 3
15 13 166 6
22 17 829 5
9 27 282 3
25 1 127 7
6 22 625 5
8 7 591 4
29 29 1221 5
19 21 472 1
32 6 978 5
32 21 812 7
22 28 353 6
20 15 684 1
9 21 179 5
25 14 373 8
11 30 309 2
33 6 743 3
11 34 1164 7
4 31 1295 5
16 33 144 8
4 6 170 3
9 29 726 1
20 15 457 8
4 0 335 5
27 4 369 6
11 32 505 8
18 27 400 7
21 14 1243 6
7 15 1074 3
22 0 985 5
34 24 291 4
11 11 402 5
18 19 689 2
25 26 306 1
9 14 434 8
5 31 65 7
17 21 647 7
21 7 863 5
15 30 679 1
22 0 37 4
8 23 58 6
14 22 182 2
29 14 125 7
10 4 425 7
30 22 453 6
18 10 843 8
20 24 354 6
25 26 91 7
25 7 1190 3
20 18 1095 7
30 22 679 3
18 18 473 2
8 22 1108 8
14 9 987 4
23 27 1150 5
10 4 980 1
10 29 895 5
4 30 1053 3
22 4 875 6
8 9 828 4
33 24 1268 1
3 10 1025 3
15 9 742 1
27 24 920 4
27 32 447 2
14 14 57 3
17 1 480 6
11 16 332 2
8 22 823 5
28 27 117 2
29 26 945 2
12 17 653 7
22 20 424 3
27 34 1159 4
18 13 89 4
15 33 531 3
5 1 1140 8
20 30 137 7
11 18 811 1
9 18 1178 6
22 30 947 3
5 3 968 7
27 32 742 1
2 5 1002 8
27 28 981 2
34 34 317 5
17 27 1092 6
13 33 1018 5
30 25 440 3
2 18 1158 5
29 26 870 4
28 33 125 2
14 24 379 6
4 11 739 5
14 33 521 4
20 29 1116 3
5 3 860 6
20 28 185 5
29 7 705 7
18 16 1088 8
20 3 662 7
23 18 589 2
13 30 635 5
33 19 682 6
9 2 93 2
