400
2.1884 1.6179 1 2.9613
8 7 481 3
30 48 792 7
28 14 1234 5
26 56 642 1
14 3 686 2
42 20 1423 2
23 40 2132 3
15 16 1004 3
56 47 1897 8
22 20 1181 7
39 36 1584 2
8 22 141 5
9 39 791 8
30 45 2074 6
36 28 2023 3
5 16 1703 8
31 8 231 4
54 4 434 4
43 4 596 5
56 27 1315 3
32 46 580 2
47 30 412 1
29 0 2071 6
25 43 1099 3
31 49 221 1
21 30 1592 4
28 21 1979 6
25 3 2096 6
48 28 1146 4
4 20 1498 1
3 5 125 1
38 5 1139 1
16 28 1140 4
52 7 2063 4
20 42 1474 6
16 41 1007 5
11 19 1890 3
24 15 673 8
45 22 718 6
11 18 1600 4
34 47 1086 5
52 44 888 5
27 50 666 1
24 45 2001 4
43 38 619 2
5 46 778 6
54 15 650 5
40 19 267 8
18 4 743 1
11 52 398 7
2 54 257 2
53 24 672 4
53 3 594 1
44 10 1171 8
55 51 408 3
30 47 592 6
29 33 199 3
56 24 157 6
14 8 100 5
11 24 1790 4
18 33 1313 3
31 13 344 5
7 13 1750 4
4 11 76 1
2 28 178 1
49 17 1695 5
10 11 1514 8
18 6 1830 5
17 51 506 4
50 46 2100 1
49 21 1789 8
26 13 75 6
19 51 312 5
7 51 468 1
16 20 975 7
14 5 1546 2
33 11 569 4
11 53 571 1
27 23 500 3
28 27 1670 5
35 53 983 2
35 8 135 4
43 7 705 6
12 33 1701 3
2 20 914 1
19 0 1694 3
9 46 150 4
30 3 1573 2
26 19 1892 1
9 7 1581 2
34 40 1452 2
14 44 1572 1
12 47 875 4
8 16 358 1
38 16 500 5
12 21 829 1
48 53 1014 8
38 35 94 7
40 1 262 8
12 6 1520 2
41 3 772 7
36 11 364 2
33 33 1112 5
53 43 2056 4
53 33 346 8
27 9 1780 5
31 10 600 2
12 45 1802 1
14 49 79 1
52 38 654 1
13 7 1133 1
56 44 2144 7
2 2 334 6
33 52 2056 3
15 3 796 6
34 19 1232 3
27 28 709 7
27 48 1651 1
53 25 232 3
54 25 694 1
40 43 295 1
15 10 601 7
19 52 120 7
11 26 852 5
7 52 2051 1
12 22 212 1
53 48 429 5
34 50 1262 1
52 30 1305 3
18 37 1956 3
48 34 2087 5
26 48 518 5
24 2 1834 4
14 12 1532 8
49 0 1319 4
29 1 1863 8
11 42 1256 5
17 3 1645 4
14 5 1641 2
54 40 551 5
25 37 1276 4
34 17 224 3
28 5 548 8
9 30 1260 4
33 47 2142 5
33 55 614 4
10 30 215 6
22 31 1233 7
28 4 1211 1
37 56 903 5
10 40 986 6
55 12 588 8
21 25 1311 5
25 37 1195 8
36 21 1974 2
33 43 830 7
27 8 1625 3
7 37 2084 4
39 25 554 8
52 42 1807 1
23 27 1457 6
52 16 1708 5
31 50 476 2
18 8 1708 8
40 11 759 2
34 18 786 8
13 21 668 2
9 22 1664 6
21 53 1226 2
49 51 605 1
29 41 1226 4
37 13 764 7
31 15 383 4
31 36 800 7
7 37 533 5
27 48 1235 6
33 35 1221 5
23 34 1856 4
51 49 1238 2
15 7 2079 4
30 44 1131 1
51 42 2026 6
26 36 1843 3
32 54 1998 2
2 4 1397 5
39 1 2110 2
43 54 329 7
29 22 1601 6
52 38 165 8
20 21 1275 4
36 52 1898 1
15 31 1365 1
56 10 152 7
4 19 1272 8
4 18 111 8
50 3 269 8
45 11 1534 6
49 5 1494 2
10 46 65 8
28 45 1807 7
22 11 560 6
33 42 1339 4
6 25 663 4
53 56 613 6
33 30 655 5
41 37 1336 3
30 3 475 5
25 39 1427 6
6 34 1193 6
32 9 881 1
18 46 1338 1
5 53 1562 5
29 17 481 3
12 26 1654 5
8 40 666 7
9 26 933 5
39 9 947 2
38 24 912 5
16 27 1387 3
33 20 1884 6
42 22 1736 4
42 14 1930 8
16 54 1970 3
9 3 334 2
24 30 1031 8
4 22 718 2
28 40 570 6
5 15 1628 1
29 14 960 4
56 1 2017 7
12 31 1200 2
16 36 1160 4
25 40 2064 6
20 2 381 2
10 22 335 4
37 44 911 6
8 44 911 1
15 47 893 2
44 26 2137 8
9 36 821 6
36 37 1549 3
32 18 87 6
47 29 483 6
13 54 1605 8
27 29 133 7
9 50 1818 5
32 42 460 4
25 49 1862 6
25 52 2155 3
11 27 2087 8
19 24 486 2
4 29 569 6
3 11 906 3
2 9 641 6
34 28 177 7
14 44 885 1
12 0 1195 2
30 43 2046 1
14 47 730 7
39 6 406 7
26 48 1981 7
27 39 920 5
41 28 1353 3
42 9 434 4
22 50 1920 2
12 34 460 2
46 22 938 7
30 13 1827 4
22 1 250 4
8 31 1544 7
35 54 1633 6
53 39 931 4
50 41 760 3
54 56 828 1
50 53 252 7
44 44 952 6
38 43 750 6
16 11 146 4
50 9 279 4
8 37 563 8
44 49 289 1
8 49 170 3
24 28 1817 3
24 32 62 2
23 45 1746 5
2 6 688 6
5 54 1260 7
22 4 1965 2
52 6 207 3
44 23 1162 8
53 32 1896 7
35 21 1782 7
13 35 1705 8
19 7 2057 1
15 43 1938 8
36 11 490 1
24 37 2079 5
8 18 929 5
33 17 1765 7
13 23 1945 4
16 56 1298 6
2 5 1355 8
9 44 1714 7
36 12 107 2
20 23 203 3
19 30 618 7
34 39 1555 4
7 40 356 5
45 42 200 2
14 54 1218 3
22 10 104 5
50 25 1657 4
36 17 1987 8
29 18 1883 8
27 49 897 3
13 30 363 4
20 17 1976 7
30 40 479 4
24 32 1696 6
32 3 1543 5
12 23 1175 3
11 19 770 7
48 37 1206 4
3 43 1462 6
8 16 946 7
20 16 1488 8
39 54 452 7
4 49 438 4
7 22 60 3
35 23 1715 4
5 28 1317 4
12 51 1687 8
3 54 661 3
17 26 972 5
15 1 322 5
18 51 1744 4
47 24 133 5
3 51 190 1
56 36 1026 2
52 25 1446 4
10 22 1887 5
44 15 1756 1
22 33 1793 7
26 41 1314 3
36 21 1178 2
25 48 915 6
2 56 250 4
56 6 1782 3
31 16 1122 8
13 32 90 1
46 40 1237 6
8 40 1254 7
10 36 562 5
16 39 187 7
5 45 1125 2
2 56 1828 6
8 43 651 1
48 45 1082 3
23 36 1760 5
26 42 131 8
38 56 2143 6
28 28 562 2
9 6 490 7
35 33 119 2
42 2 1072 4
30 51 732 3
44 45 1458 8
15 11 180 2
18 6 1855 4
8 50 1886 7
4 35 1979 3
34 49 2029 1
38 22 1992 8
7 36 792 2
30 13 141 4
19 14 1095 4
15 12 1227 1
34 32 1094 3
38 32 1333 5
7 13 295 7
56 27 923 5
10 37 1575 7
38 8 1433 1
2 47 573 5
19 34 1911 8
2 40 734 8
31 41 1511 6
2 29 807 5
39 5 814 8
2 43 68 8
36 34 703 5
22 15 1476 3
17 25 2084 1
22 26 388 7
17 28 530 3
23 10 1694 8
2 54 1901 7
14 3 1284 6
21 15 410 7
46 41 2007 4
