250
1.4373 1 1.2699 2.4068
44 21 465 1
47 6 223 6
22 21 1227 1
7 18 420 7
26 14 68 1
44 12 965 2
17 26 199 7
18 46 1074 5
18 10 780 7
1 47 333 7
38 30 98 6
35 2 1021 4
10 17 257 8
49 25 258 4
45 8 273 1
2 10 121 8
6 12 901 2
49 27 1325 3
40 10 125 4
36 46 1128 5
21 38 935 1
27 15 523 2
12 25 1281 7
39 25 1298 5
23 28 572 3
24 37 470 5
37 8 661 4
25 34 680 7
17 12 446 2
36 6 404 5
12 13 948 8
46 21 1288 4
18 49 1247 8
33 1 969 7
17 22 547 8
15 47 447 6
37 48 159 8
42 26 1166 2
38 36 695 1
17 39 264 4
9 19 1303 4
3 37 936 7
4 16 1135 1
32 10 836 3
41 29 525 2
39 9 747 3
1 22 1299 6
21 16 354 4
48 44 503 2
39 35 1196 3
46 19 601 3
44 19 332 1
17 32 94 5
3 38 872 7
35 1 605 2
39 40 534 1
32 4 701 6
28 27 360 1
19 21 1256 7
35 22 608 8
41 6 438 5
16 41 876 4
7 41 904 2
46 47 790 2
16 45 1288 3
31 19 163 8
24 1 1056 3
22 3 793 3
11 37 844 1
2 42 221 2
8 42 91 3
23 47 1107 2
36 7 182 1
32 28 961 7
3 24 549 2
46 34 722 4
28 49 1289 7
13 3 538 3
25 35 1114 8
46 20 1104 3
8 20 227 4
27 1 959 8
9 42 1217 5
46 6 719 3
17 12 130 6
43 45 581 8
27 6 732 6
7 22 622 8
18 25 626 2
37 27 935 6
29 4 81 8
43 28 1295 5
18 43 102 5
34 31 919 3
45 6 769 2
8 0 861 8
44 49 972 1
49 2 520 2
30 19 64 4
39 38 607 3
18 2 489 1
27 9 943 1
20 21 593 6
24 44 612 4
2 23 1253 8
28 2 454 6
26 43 1226 3
19 12 592 2
27 26 1049 7
28 18 397 3
37 46 294 5
12 15 1000 3
28 1 349 3
5 27 771 1
31 21 533 5
42 22 1277 1
24 42 409 6
30 31 774 4
39 37 1331 1
4 3 102 8
39 15 751 2
29 19 255 3
13 5 802 6
38 29 1184 8
1 24 1200 2
49 12 197 1
45 26 988 4
7 15 889 5
8 9 183 5
32 48 431 5
22 32 727 3
24 42 398 3
27 12 1097 4
7 44 1115 7
17 7 128 5
14 0 842 6
38 34 412 2
27 42 469 2
46 8 397 7
47 23 1174 5
17 20 485 5
36 19 1332 6
48 18 399 8
14 29 929 1
14 23 963 4
22 35 289 8
39 29 1006 6
8 5 582 7
31 24 852 5
27 19 793 1
11 19 650 2
25 19 194 2
40 0 474 4
4 42 1102 4
17 41 1168 6
9 35 681 5
37 45 457 2
16 16 847 3
49 32 706 7
10 41 227 2
13 39 500 5
12 3 602 1
4 15 325 6
15 33 893 6
17 32 821 6
36 34 751 8
26 3 892 5
46 33 370 1
34 10 566 6
8 13 1047 6
2 2 829 1
5 4 160 3
41 22 416 8
19 23 213 3
15 6 688 6
13 31 897 1
42 1 141 4
39 45 1343 6
40 1 115 3
38 35 456 4
40 41 1209 5
34 44 579 7
41 34 934 3
26 43 1260 1
19 35 920 3
19 2 1251 3
21 1 1235 2
33 3 557 3
48 47 1353 4
46 29 892 4
5 11 307 7
33 11 949 3
18 19 295 7
28 35 222 7
27 39 1188 2
16 9 819 6
9 29 1262 4
40 19 958 7
3 39 295 5
45 36 1188 1
2 16 1252 8
10 45 702 3
21 45 100 5
22 5 805 6
23 2 397 7
37 29 1022 7
47 37 1014 1
42 18 290 7
3 48 813 5
16 27 940 2
28 13 551 5
12 49 1281 1
29 44 209 6
22 21 987 1
42 9 624 1
42 18 859 7
42 32 386 3
15 49 107 5
23 29 1286 5
40 17 833 1
1 45 623 7
13 32 825 4
6 40 303 6
19 43 827 5
32 3 1168 7
7 30 411 4
21 38 692 5
24 7 1073 5
25 22 435 4
45 3 250 3
18 31 621 4
2 7 73 8
31 48 402 1
40 14 1241 3
48 34 681 7
7 34 1194 8
1 25 190 2
29 18 1112 7
32 20 695 2
48 49 1319 1
44 42 1184 4
32 2 1056 5
15 47 579 8
12 34 1267 5
46 18 277 7
31 10 461 1
20 43 162 5
46 7 556 6
7 34 758 1
3 26 892 5
