50
2.733 1.0604 1 1.306
4 44 79 8
11 70 111 3
26 36 210 3
49 29 453 2
61 1 296 4
74 50 525 8
29 60 469 8
50 54 128 1
16 52 288 3
47 24 389 7
57 63 436 4
34 18 316 2
56 55 372 1
45 32 408 2
59 5 164 3
59 41 342 4
67 60 388 7
27 63 473 5
36 16 401 5
23 65 481 6
4 14 382 5
57 55 196 6
28 33 182 7
37 1 292 3
33 51 414 2
47 71 289 1
58 28 309 8
59 42 464 2
31 23 148 2
74 4 397 3
33 19 76 2
58 1 148 1
47 16 162 2
48 23 149 5
70 5 337 4
8 32 53 6
8 61 122 3
70 72 405 7
49 34 214 7
60 24 338 3
6 61 141 5
69 0 425 2
10 48 197 3
54 45 113 8
16 35 216 7
37 71 146 5
57 18 494 2
61 16 192 8
46 32 196 4
57 6 280 5
