200
1.0925 2.4494 1.3275 1
397 65 3103 6
512 323 5330 7
131 207 4432 4
502 119 6653 3
107 248 5180 5
73 452 6446 2
408 348 1251 6
92 182 3266 6
208 540 9669 7
219 128 696 8
61 385 2961 1
423 464 4835 3
542 132 2411 7
277 14 4754 8
447 518 6451 7
181 233 10284 8
395 389 7190 1
72 117 5437 6
49 373 3885 3
277 33 991 5
210 527 5716 8
210 65 7505 8
411 523 2741 5
328 345 11398 3
175 277 10553 1
524 361 2528 5
103 20 6583 3
351 262 8060 1
140 229 2557 4
246 14 1278 8
309 108 4575 3
493 79 1031 5
278 355 4255 1
247 122 2971 3
518 445 5767 1
249 258 9411 3
397 68 3488 1
488 61 7587 1
492 386 5042 2
533 512 2801 4
246 54 10803 4
453 121 1883 2
467 275 9584 6
315 484 12075 3
446 335 12180 6
26 11 1402 4
240 546 9546 8
59 0 2777 1
77 475 4872 8
458 307 7395 6
346 0 6841 7
238 35 3777 5
193 349 3511 2
175 17 3960 6
234 349 2664 7
524 458 10043 8
278 220 5141 4
162 401 1081 8
207 67 9168 5
532 17 2935 1
534 503 11895 3
284 89 3319 8
461 298 11346 3
416 176 9101 8
379 450 8452 5
151 26 8116 2
503 310 6481 7
500 199 1975 5
65 96 804 7
467 421 8412 3
124 0 6883 7
444 404 5285 4
84 299 5908 5
165 153 9082 1
428 206 4697 1
63 482 1466 7
447 148 7812 8
63 535 5413 3
218 149 10630 3
16 532 3548 3
365 16 6805 5
345 226 4021 8
256 0 7687 1
92 348 1988 2
406 457 7862 6
422 275 9823 3
361 433 9694 5
469 63 583 3
113 377 2677 6
401 186 1754 3
530 244 3539 3
192 13 9388 4
31 165 1335 8
15 423 8384 3
17 478 1997 1
329 1 5710 6
136 521 7909 3
213 404 10930 3
499 342 10006 4
155 162 735 7
207 501 1171 1
6 218 1295 5
85 540 8602 6
104 339 2507 2
213 295 6475 5
392 2 7219 3
483 196 2674 8
486 24 10865 2
166 292 9008 8
286 361 7095 5
309 521 5512 2
78 116 4502 3
341 407 8040 2
505 464 10079 8
391 287 8144 7
284 8 8976 7
388 474 8133 3
232 40 5267 8
418 230 3555 7
13 272 2510 4
480 147 7321 2
45 539 7470 7
257 471 10808 8
216 425 7280 7
154 417 10051 2
238 245 1280 5
200 22 7060 7
475 195 6960 3
148 356 7718 3
235 543 3624 1
105 165 7875 1
25 441 9957 4
129 57 11280 2
269 103 11529 6
519 92 3142 2
374 321 1314 5
434 420 3713 6
222 216 9201 6
468 415 11187 3
203 405 6408 6
166 69 837 6
282 358 1316 4
376 326 862 3
358 275 1921 4
36 458 2022 1
436 295 6275 1
53 138 8047 6
275 98 5057 6
12 264 10978 5
381 58 8070 6
529 329 5176 3
298 104 8204 6
225 328 9749 4
8 134 4592 1
458 540 2834 1
540 74 9931 7
531 32 11157 8
70 274 7675 6
31 169 3348 3
200 264 905 2
420 481 7522 3
312 463 1591 7
543 140 6753 1
229 0 2310 2
527 201 7346 2
522 266 1915 8
394 352 8769 4
233 85 8757 1
425 317 3275 4
161 0 11456 5
63 147 4634 7
350 342 4073 7
462 444 10157 7
42 119 4404 8
275 457 3034 2
225 526 10387 4
422 36 11621 7
139 454 3517 5
440 385 8586 2
50 431 6092 4
421 422 4295 4
470 367 6138 3
141 380 4786 1
415 474 1665 4
45 534 10427 6
370 8 9657 2
509 446 9072 8
363 469 5177 4
352 467 8350 3
378 88 4251 5
161 121 5389 6
505 321 5906 2
110 290 2438 2
468 368 3836 3
43 329 2322 4
512 256 7846 8
176 97 704 6
26 520 7751 1
98 34 3271 2
523 345 10558 4
