300
2.1195 2.9072 1 2.7165
14 14 1660 3
99 90 2119 4
43 27 526 2
42 89 2276 4
46 73 1019 3
46 7 230 1
57 1 2311 5
54 36 1533 4
61 99 2771 2
82 18 3085 6
37 13 3075 1
67 21 1840 7
40 12 376 1
88 6 2046 2
32 82 1166 1
22 7 2987 4
9 20 2750 5
93 19 2895 6
28 73 1123 4
33 95 929 4
68 98 885 5
32 63 1446 7
60 7 1287 6
78 81 671 3
9 59 544 7
32 37 1035 1
53 28 2352 6
11 82 108 5
63 93 1982 1
96 53 2516 7
59 97 342 3
64 81 1554 8
59 64 1801 1
92 90 2593 6
40 92 707 6
66 45 1686 6
40 78 195 4
49 10 687 4
74 42 645 1
5 46 1943 2
42 35 2521 2
11 93 2194 1
78 10 742 8
91 78 1975 5
39 33 3128 4
55 44 502 4
86 2 1289 8
2 26 3069 8
94 88 2201 8
43 51 910 2
20 57 277 5
27 84 548 6
67 61 403 3
45 47 1553 1
58 95 894 3
98 51 2152 3
66 64 2383 3
49 17 475 7
22 88 2138 4
90 89 2617 5
68 34 1351 8
36 9 419 6
68 28 1588 7
83 5 3146 3
47 15 2795 7
72 60 2378 7
84 98 2754 7
28 1 884 5
70 88 2196 7
50 69 241 4
15 18 936 2
29 38 1071 7
54 82 449 4
73 9 2485 8
59 13 2091 7
51 94 1281 3
17 31 1001 5
36 97 2454 2
22 29 2523 5
48 29 1647 8
20 99 868 5
29 27 3045 8
63 74 1947 8
60 1 1575 1
42 27 163 8
26 85 1960 1
97 90 1017 6
39 87 1557 7
17 66 326 4
24 21 344 8
66 58 1174 1
7 22 61 4
43 31 1448 6
31 94 2081 2
94 10 3063 2
74 2 2367 3
95 1 2398 5
36 48 1327 7
19 24 2369 6
89 67 2363 2
89 57 1271 4
55 90 1167 6
48 30 1731 6
73 98 178 3
93 43 2597 6
42 51 499 7
45 31 1205 8
16 39 489 6
72 38 3018 3
39 61 994 1
94 64 839 5
48 41 2608 2
80 91 185 5
64 31 680 4
52 67 2374 2
85 60 955 1
60 3 2713 5
14 27 2801 2
53 89 2107 7
69 95 2157 7
7 50 2125 5
40 49 1059 6
27 75 358 5
70 30 1371 1
4 74 1992 6
40 86 569 6
12 33 1993 6
51 30 270 1
92 42 594 5
81 70 943 2
44 68 2330 4
86 56 1623 6
67 86 801 5
5 77 2181 6
67 60 1316 3
24 71 2427 7
82 81 1255 7
8 31 2786 3
6 61 2833 7
98 79 3049 8
80 24 2096 3
72 46 1549 3
54 58 2378 2
47 8 875 5
81 46 216 7
69 2 587 5
49 46 1938 5
96 70 2605 3
47 30 99 1
43 12 1197 5
17 23 607 2
6 98 679 1
65 13 1577 5
11 24 1132 6
50 51 2939 4
36 34 188 3
67 36 1052 4
35 87 1449 6
59 69 2459 5
3 23 525 8
81 36 2492 5
55 20 2139 8
89 70 1913 6
83 87 1330 5
90 39 1782 5
88 55 1312 5
77 45 829 1
81 11 1994 2
77 4 233 4
11 35 2693 1
63 19 181 7
24 79 2162 5
52 73 1830 3
33 15 1534 6
33 65 434 6
42 1 955 8
25 32 820 2
76 18 970 1
27 84 1703 4
22 77 1300 4
97 6 3025 6
41 0 2712 3
36 45 2637 3
44 91 2577 3
55 26 1841 5
58 52 266 6
37 96 1165 5
7 40 203 5
87 62 1416 5
80 39 2421 4
44 31 711 6
80 66 773 8
26 66 591 2
77 89 655 6
9 1 1597 4
50 33 516 1
30 59 839 5
29 88 1047 5
67 61 1485 1
73 55 775 5
14 53 1204 7
83 99 1356 2
95 81 2945 1
62 15 757 3
65 52 2326 1
90 8 2757 3
2 31 2031 7
56 11 2385 6
79 84 2261 2
65 24 2887 6
82 26 1386 5
87 45 1309 1
26 15 66 5
61 51 2626 7
87 80 3196 3
60 1 2044 4
41 83 665 4
48 5 2961 5
37 62 1070 4
40 49 2306 5
18 29 3032 6
66 43 262 3
3 66 273 8
59 86 2474 2
43 15 2610 7
73 97 392 2
57 86 682 2
43 43 114 8
78 74 2911 5
8 37 2514 3
22 78 1588 5
89 99 484 8
34 63 2675 4
80 80 1319 1
61 21 406 5
10 39 390 2
55 70 2907 6
15 3 2191 8
38 20 2127 8
41 23 2929 2
6 50 148 5
9 17 1530 3
88 39 182 8
33 32 2110 2
96 48 1806 8
69 51 1721 7
95 44 2032 1
48 99 2203 3
81 74 2586 8
78 27 1251 7
99 16 2563 4
87 1 1248 4
95 0 2299 4
93 81 1816 8
48 14 1550 4
30 89 1382 1
14 91 1490 8
51 79 2675 6
20 36 3105 5
33 11 2009 6
56 31 2996 4
29 89 2901 3
25 9 906 2
88 69 2582 6
4 96 684 7
29 26 2194 3
59 53 2544 5
16 5 2936 5
41 98 2758 5
60 39 2404 3
24 77 1952 8
99 17 317 3
86 61 995 1
23 23 2777 2
75 62 1694 1
11 34 2305 2
41 42 418 3
68 78 2659 3
45 50 1999 7
63 51 1333 4
7 91 1749 2
50 47 2742 7
52 84 1397 2
50 83 1081 5
53 78 931 5
68 71 445 8
10 32 1097 4
50 6 2410 4
7 40 2215 4
31 8 2092 4
61 12 1396 7
63 83 1056 6
8 86 1682 5
85 47 2551 2
45 78 2947 4
11 53 798 3
42 39 2552 6
16 55 538 6
33 7 54 1
10 18 1474 4
