500
1 1.7347 1.8371 1.48
137 153 12580 6
231 196 1256 1
43 237 10310 2
67 135 9492 7
72 0 5940 4
86 15 5265 1
119 98 9038 6
123 24 2181 5
204 65 10785 4
244 124 2402 1
86 189 11452 4
143 96 10037 8
31 148 2052 6
140 63 569 6
114 169 2154 3
55 227 5550 3
60 251 13170 6
106 242 7574 5
164 260 6198 6
155 80 4828 3
202 43 9799 6
190 167 13098 3
70 239 10100 7
128 195 9665 7
242 86 1167 2
108 46 7925 6
191 220 9348 6
101 73 3774 5
142 133 10740 2
192 232 12475 4
141 64 5491 7
142 202 13769 5
231 163 10958 7
195 238 7937 3
12 159 13529 5
157 6 966 7
194 86 4255 4
77 20 12674 1
256 200 8461 1
111 222 12205 3
172 65 6360 6
201 167 7075 6
54 104 6830 4
57 94 12097 7
64 145 5033 4
173 51 2363 3
65 155 8131 3
37 43 8511 1
86 94 11442 2
236 7 10886 8
150 169 13642 4
151 32 5404 8
31 213 7957 6
237 199 11809 7
46 196 696 2
140 17 12499 4
208 67 10244 7
199 160 1634 8
12 119 7161 5
216 214 11422 1
177 260 12306 5
221 10 11069 7
49 7 2096 4
99 77 10981 1
159 241 11803 2
116 190 399 4
119 144 11645 8
89 59 915 8
180 4 2348 1
73 159 10126 1
86 71 11027 1
42 180 11308 8
14 75 7448 7
81 45 9821 5
86 210 9141 1
113 106 6508 1
259 209 3856 5
185 193 12871 1
218 142 2045 2
211 86 7816 6
26 131 1208 6
49 5 8352 4
183 203 1548 6
169 97 8644 2
252 73 4174 6
45 144 4778 8
157 223 1704 4
182 102 6114 2
121 39 3673 3
142 177 9404 6
125 53 2994 8
69 254 9979 5
84 21 9332 7
16 140 4881 6
186 232 11880 4
85 28 12097 3
172 88 4846 7
197 161 4990 6
218 146 11278 7
229 31 5476 2
149 96 7440 6
240 142 8886 1
170 78 4720 2
61 214 6671 2
225 4 3766 1
41 5 4939 3
39 53 6359 6
80 139 5373 1
47 94 13321 5
32 254 7371 8
23 70 4931 3
71 90 4275 7
185 32 9061 4
221 175 6768 5
129 258 4273 6
240 60 6007 6
249 60 12663 5
52 107 2146 2
136 36 11310 1
64 236 4777 4
245 239 2927 5
20 56 5679 6
164 27 7677 1
60 40 6878 4
162 103 6139 5
179 131 9205 6
111 158 11926 1
95 47 10432 1
103 62 8291 1
196 177 11957 8
50 41 12031 4
120 204 13699 3
107 27 707 4
188 156 8500 2
67 158 3533 8
159 165 993 2
119 207 8774 5
185 7 8718 1
215 98 5536 6
27 151 6544 6
61 71 7022 5
99 238 10236 5
90 202 998 1
40 156 1737 2
218 257 10225 5
188 207 4592 6
49 145 572 1
229 20 4538 7
100 167 12403 3
118 141 5993 8
60 95 4071 8
118 211 8857 8
242 61 9354 8
30 109 12576 6
116 157 12927 5
126 220 13060 2
174 0 13608 2
119 78 4150 3
257 29 3602 7
75 16 11063 7
114 146 11901 4
117 161 2231 5
200 57 5184 6
241 33 2979 5
157 43 1459 4
84 205 8912 5
94 213 12630 4
144 30 1186 6
63 91 8405 5
90 34 475 8
231 23 2857 7
169 147 4644 2
152 254 13431 2
70 237 3271 4
87 233 6751 5
118 131 11985 8
210 35 4558 8
189 139 1926 5
115 165 8514 2
254 163 9712 1
169 97 5156 2
210 162 10651 2
50 225 11442 7
121 141 12179 6
200 59 3883 2
172 187 6110 6
221 96 11024 3
224 83 9755 1
242 214 5816 4
217 165 12520 2
180 48 13640 2
100 202 6943 4
152 94 11219 4
208 143 9645 8
54 141 2861 1
113 177 11640 8
204 143 9463 6
151 233 1642 3
248 219 3111 5
199 252 4741 5
101 242 2993 1
111 44 12202 1
223 193 2247 3
228 70 8068 2
161 150 5732 5
112 78 2451 6
85 135 11979 1
255 208 10999 8
213 30 13615 8
146 73 5714 6
128 87 676 7
137 117 3541 4
72 113 3629 6
229 145 9722 2
117 168 6296 8
255 35 11639 4
124 146 4911 4
234 195 10653 1
137 54 4652 2
121 237 1829 5
178 13 3787 2
171 211 10315 7
233 100 584 8
176 165 546 4
79 35 1095 3
132 138 13534 6
174 111 13884 7
205 60 7977 3
183 106 6804 3
218 130 596 7
142 52 10406 1
60 2 10176 7
181 224 6549 1
249 78 1501 4
57 111 6470 1
58 63 9145 3
216 58 4809 7
171 19 7503 4
68 83 5004 5
97 223 3691 3
211 170 5386 3
202 217 6776 6
245 191 4311 5
68 42 8441 8
165 141 644 8
71 18 8369 3
69 99 4617 1
200 205 9044 8
111 213 9339 6
56 79 5947 3
220 75 3820 1
251 230 12056 2
18 199 10841 1
257 247 7579 7
231 8 8096 7
251 203 6847 6
258 12 5975 1
72 7 304 1
164 120 3139 8
78 27 12465 7
242 92 1151 1
195 28 10988 5
30 155 2806 4
21 84 2711 2
61 235 11782 8
236 53 12315 5
15 244 8795 3
21 174 12295 8
139 231 12232 4
241 30 10576 4
155 16 7399 5
248 95 3695 8
183 174 696 2
255 83 7456 6
131 92 5762 3
251 132 5947 3
141 158 10449 3
200 146 3404 7
100 221 4701 2
165 44 2724 8
58 85 1315 6
47 240 2076 7
116 250 11961 3
238 232 7717 7
107 100 711 3
123 176 343 8
191 70 7931 6
171 200 12694 6
88 147 7653 3
189 162 7931 1
32 57 13133 5
93 127 5237 4
128 10 5604 5
131 121 2451 1
257 32 12961 7
14 119 181 8
125 129 13767 1
205 161 13992 7
186 183 588 3
123 103 4028 7
28 116 6211 6
48 52 7941 8
77 182 7196 7
171 192 9538 2
61 152 6457 1
67 3 9205 4
196 106 8534 3
62 123 2224 7
51 144 4456 4
188 152 9853 2
106 33 8701 4
208 87 4158 2
99 237 9441 2
117 242 11614 4
166 107 8673 4
121 0 2657 8
83 235 4382 4
218 253 1452 7
212 28 7935 7
61 119 13469 7
94 38 283 3
199 123 4113 5
129 73 12086 4
190 56 8592 5
229 153 9305 3
83 154 7410 7
139 27 6700 2
118 236 13328 5
246 38 6395 1
161 171 9801 5
258 172 7493 3
216 69 1068 6
19 132 4748 8
71 244 13402 8
212 51 14038 6
16 69 9361 5
83 115 10059 1
191 148 4286 4
244 181 2991 8
42 207 5304 8
96 31 2672 2
216 177 4549 2
182 155 7387 6
242 63 9118 3
210 215 12594 5
120 35 7044 6
13 11 998 8
97 71 13892 8
142 127 5597 1
115 35 8287 1
137 251 6970 6
170 197 5573 8
49 193 10640 1
216 93 12751 2
200 253 9900 4
140 0 12970 8
129 254 10876 2
172 140 12520 3
125 151 10461 3
45 19 12252 4
44 192 7927 5
201 78 6340 8
53 90 3339 3
253 188 5259 6
144 215 10036 7
113 5 984 3
170 7 5666 3
214 100 2276 5
146 227 13023 8
232 91 7123 3
169 239 1180 2
219 90 13191 3
136 161 2401 4
247 125 4313 7
193 117 3692 7
51 18 2351 6
15 222 4977 7
61 249 2743 7
233 159 13928 2
13 168 7527 2
202 78 9045 6
191 51 13976 7
13 193 13939 6
90 254 3994 1
156 235 10513 4
48 18 12620 7
69 123 11276 6
209 57 2716 1
84 259 13361 3
15 196 2003 3
153 59 8828 5
79 126 7418 1
30 107 9143 8
176 230 12452 7
38 139 3144 7
29 170 7727 1
235 40 5925 7
244 111 10794 1
140 6 1320 4
232 27 6839 1
153 179 2169 5
105 89 11578 8
122 215 8670 8
43 164 13765 6
175 204 8976 3
235 197 3778 4
189 259 3257 1
239 191 2540 7
146 78 1477 5
134 156 9943 2
53 167 321 8
121 126 6927 2
114 160 13098 1
44 85 6666 1
224 77 9464 3
83 199 2114 3
59 178 9647 5
248 206 5981 8
193 103 2066 6
20 255 4238 1
36 11 2798 2
151 176 10641 7
106 123 4982 4
11 202 1366 1
209 10 5138 4
158 173 13338 2
163 219 10895 7
38 89 6550 1
108 92 972 6
186 0 1523 1
131 216 12988 6
248 85 2032 1
70 249 8516 1
186 43 12880 7
187 199 1249 5
131 90 11346 6
78 157 12514 7
140 31 1054 8
119 248 2291 3
200 256 13998 4
91 53 257 6
10 101 9432 8
164 29 4181 2
181 54 13220 6
173 206 9859 2
156 74 6331 6
29 229 13594 8
31 43 5958 8
81 51 1806 8
145 13 12042 4
178 216 12056 7
54 105 12374 4
130 97 8569 2
167 6 4467 8
48 145 9231 1
236 139 6774 6
243 237 14149 3
207 181 1606 3
212 199 5637 2
25 65 735 1
181 255 10075 2
257 221 11298 4
117 85 4431 1
225 100 1664 2
11 103 2732 6
121 238 9552 7
122 256 11802 5
233 170 8712 4
194 212 7525 8
246 131 12428 2
114 171 5890 4
189 107 8614 4
174 206 3840 3
32 156 9785 3
101 58 942 6
224 50 10247 2
30 233 3085 6
12 171 4160 2
145 238 5585 4
79 163 10341 5
46 3 11001 5
133 110 2828 2
109 119 6736 1
53 219 10815 8
100 112 2858 8
144 94 304 1
208 114 6222 2
179 174 10265 3
56 113 10537 4
62 198 5125 4
244 1 12219 2
127 104 10293 7
216 158 14039 3
174 193 10233 2
17 110 4269 4
100 81 12333 3
91 78 9957 6
111 221 3891 6
190 203 3642 1
165 50 6093 4
