400
1.0 1.609 1.381 1.546
861254 1065277 1645704 28
732462 36102614 36866523 19
5558 24689015 24693266 20
950217 2564263 3377263 19
357843 28771477 29019716 17
322363 5206313 5503702 13
1024749 24586221 25510057 23
488453 13950276 14293745 24
25296 1735300 1752914 22
221828 28402912 28583448 25
760991 24208795 24915700 22
1029014 33498232 34191163 20
729009 37801909 38356430 12
1015967 347840 1405581 26
977269 32607686 33390789 26
338665 26039734 26377849 19
940222 2949562 3763604 32
613108 30996656 31467976 18
107112 22834921 22930337 16
334248 7822961 8055589 20
184051 10284886 10417609 25
332716 5679890 5896983 18
918823 33657153 34245899 20
1046416 20203040 21220197 18
554283 5151944 5709209 17
359866 19362969 19627978 19
847080 12017015 12675285 18
703924 37308484 38003057 15
891555 18779175 19340825 22
791449 19220279 19952223 23
1007088 14540990 15462038 14
36722 11889631 11925866 6
354003 17187307 17454358 21
636746 11703098 12310448 15
912622 25498822 26131778 19
130837 3291564 3401288 17
60059 30670441 30732961 11
483631 23510102 23889112 27
451131 7202277 7496189 25
768283 1221091 1747034 13
122747 13468841 13573619 20
607757 36607257 37076194 29
336802 21722442 22050674 15
451134 24647899 25055868 19
647166 4493374 5165693 16
728642 30168623 30652706 17
634343 30418482 30817746 27
20350 36901471 36921914 17
580627 7851973 8359632 17
662580 23544060 24206136 19
499207 35799982 36143107 13
936881 31223462 32017632 14
625029 7112398 7537625 15
930257 33131494 33830014 18
989230 28588261 29412755 21
105121 23027935 23135042 18
942678 24667746 25324096 18
544214 10017740 10407966 19
811029 19135925 19649545 21
604637 24363908 24801618 19
721107 34345006 35061183 28
450652 10848665 11170964 24
1013120 11297176 11963857 19
681232 32202739 32711850 24
15331 15541294 15551860 11
423987 19443418 19769302 23
878332 37371543 38083898 14
179939 30943575 31093732 19
301405 38671909 38969814 21
429655 24781004 25145170 22
948983 38608060 39577896 17
817494 4971998 5620699 26
465682 1011254 1449021 26
45284 35346170 35385391 12
715696 25004563 25517248 25
535256 4927471 5393421 19
267025 11344184 11620283 19
557063 17945860 18394031 20
542136 29909993 30460893 24
274959 3545381 3803181 23
1039507 16338174 17337059 19
643604 4498896 4943853 15
369379 18850559 19190256 18
182524 27968908 28086482 17
520746 34456943 34891225 22
380052 6045220 6416889 15
722719 23069021 23814525 18
460743 34550517 34996891 17
173620 18432472 18580166 33
940680 13302188 14158256 21
685258 36946964 37450156 27
743061 38836728 39379235 19
46198 14960167 14990413 15
1019746 2543187 3187800 22
958349 11334866 12075004 24
143849 32392815 32488805 25
166498 35599214 35749034 19
276043 11298439 11492134 20
50542 8829583 8878129 18
693062 34063040 34599150 23
172481 5743028 5917046 16
980676 36887635 37903677 15
930202 30022850 30983334 21
492873 38165545 38502899 11
1032067 402882 1316568 27
805458 7136655 7742108 10
470999 15076198 15527385 19
635219 32521555 32931957 22
964372 34644006 35401693 20
307663 39675366 39937455 19
24127 31879147 31898689 23
435188 24585429 25037631 18
304115 3294384 3496421 21
674086 35578408 36082541 19
912560 21573370 22233615 18
330288 37653050 37896979 19
890469 7053666 7612495 13
948246 20372629 21026438 18
629013 15031682 15573082 23
705629 13015164 13640187 19
428847 33532980 33983083 16
540484 1789649 2151102 27
450406 35311378 35747421 15
972948 37253762 38061321 17
405023 27798871 28121337 18
758008 21828090 22316125 17
628430 14702604 15199030 24
994500 21272847 21894304 30
1028385 34144767 35011520 20
672147 26778775 27437828 14
548962 18812491 19268610 28
938841 2527773 3507879 26
658052 20134188 20558747 22
149523 1544994 1656729 17
846859 33509321 34131238 18
115710 11289002 11368748 22
1035938 8332244 8996324 22
250940 14994462 15150859 15
936041 15699827 16441183 24
837956 15770114 16378516 28
256428 38417141 38577795 32
870169 28432615 29146810 24
77694 2421355 2485919 18
434287 48226 460351 17
982808 10116589 10914017 24
70820 16945891 17017303 18
1012665 22318306 23092542 20
695879 8322142 8879456 21
758347 2099313 2727059 19
828939 28896862 29496611 17
740983 21721868 22246289 18
536557 22516817 22974357 15
792829 37253278 38070609 20
810438 26978567 27494517 14
475521 38082074 38467248 23
207428 20687560 20850191 21
148448 26748916 26859363 17
726919 20395203 20925087 19
98646 16624626 16722295 27
856661 12185006 12736792 12
999437 5661009 6592736 16
913962 7800117 8425349 24
857572 25370332 26127230 14
52842 8512381 8560162 19
691890 14740689 15457937 15
972461 26408339 27083819 11
543422 113811 528608 20
766152 25192828 25977405 16
25289 769038 793704 20
935829 1100920 1756570 10
111749 36867883 36975126 18
273045 21361183 21607515 20
980586 4287119 5027251 22
1026812 14069728 14911226 20
893186 27634840 28401005 23
531139 39611334 40053985 19
1031067 10780587 11675246 15
945081 20793518 21468952 16
622444 36063694 36576087 22
650844 2155198 2701898 19
900200 16966505 17575572 18
803910 14647343 15247027 27
513504 27950766 28331715 24
514796 27028541 27399198 19
158333 39687341 39794973 24
146046 23396071 23545014 27
214743 33584918 33800065 19
967579 36408692 37243839 23
944942 34031584 34908463 24
995008 26466528 27434807 22
399639 29626497 29964203 26
1031968 29837064 30540097 15
625305 20876632 21306683 15
741282 25584405 26117658 24
962436 30541045 31190878 22
53433 10132462 10173398 19
6516 29521644 29526957 21
524113 8928949 9349853 10
849643 2158122 2727206 24
113584 33796690 33882443 25
549028 969365 1457576 22
276812 12331899 12562792 17
131394 38903196 38988071 29
1008155 30265998 31190048 8
325739 35619289 35835911 35
744974 37800002 38281212 22
798832 13991778 14675024 23
1007470 38565730 39232593 22
18201 32719193 32731318 21
213450 1523614 1716976 23
659671 21434599 21959947 25
1045589 31520270 32409604 8
657279 34494891 34910736 16
626127 13127394 13632435 20
295883 16592290 16784613 26
347511 6249123 6578746 23
147572 37122865 37216879 13
653877 22757279 23322955 19
621311 12557813 13194314 18
410368 27364770 27791289 24
873528 29998931 30801380 28
56615 65499 119688 26
828323 20457851 21135726 17
403204 6154737 6538478 22
859229 38014088 38898562 26
207806 918557 1136466 24
276754 31975349 32258062 19
294337 12999537 13221121 26
289697 30461983 30699392 18
421870 12768068 13155621 17
640223 30837566 31439031 18
89627 124370 213909 14
351078 15260921 15526210 24
635927 32073467 32575284 18
286782 39108642 39335618 11
519690 24522073 24960346 25
1029605 12549990 13242186 22
364302 372394 670115 14
2342 13756708 13758347 24
146203 27233489 27360748 18
407589 25789928 26085556 17
986163 26655160 27331001 28
154975 20413252 20574458 22
900071 13883026 14567258 14
679180 4011522 4713170 29
55491 9982437 10034323 25
608115 1639534 2075706 20
916515 10945315 11864059 26
40301 22050819 22077566 22
447889 6453474 6873597 13
985833 10581011 11479375 20
282941 30202920 30423576 27
1022543 6680890 7554177 22
643251 16032818 16570745 20
375945 28947711 29335237 12
946350 28331746 29230638 17
206298 1109987 1321603 17
482651 6639184 7141158 25
413300 31220107 31611070 18
636850 14391332 14826855 24
762403 15518255 16299461 17
864901 6719506 7365467 23
297348 28300893 28589980 16
905948 27650874 28491990 14
612737 22590573 22977327 26
142405 2252965 2400490 26
157 19514246 19514401 30
379637 992636 1257262 22
388023 34289501 34682755 21
1038797 16853178 17763615 20
577252 10831930 11193779 30
610020 26262832 26872683 21
890211 6634719 7369565 17
508895 21517363 21942161 23
597011 17151261 17705897 24
111228 35217711 35327057 18
949295 23955827 24869675 18
289940 15659063 15921058 20
285895 13364500 13570522 16
1023502 2861764 3695399 13
28983 6746616 6775572 10
887243 29499619 30077714 20
405112 38383768 38639786 16
1047950 5321965 6268889 21
95094 25671871 25736660 17
98054 33441650 33527756 29
671842 10273472 10803827 19
546048 25063315 25589871 21
1031431 30212426 31276913 17
248159 28124744 28305492 28
406267 27135536 27447827 25
258306 39758547 39992741 23
499608 36017763 36387305 13
477883 26479605 26817552 23
481563 28935802 29304799 23
473089 23264040 23674354 28
1008651 36058262 36736444 15
502547 30827933 31148369 21
415751 33107456 33526118 11
724014 33403564 34012709 22
567605 23623281 24151771 21
725783 7660317 8218707 19
204235 32308528 32460065 22
448986 29447781 29758531 20
733938 28697212 29235647 20
828497 2599358 3159208 18
317492 11723617 11937987 11
355063 1766217 2022946 24
222408 10236168 10429352 31
874131 15795344 16683198 13
897712 17048241 17791656 20
1026363 35410736 36371188 18
340256 6196631 6489043 18
888644 13409245 14172875 28
236671 39253332 39416452 14
232074 11504801 11729859 26
888583 6544926 7470898 14
5631 1276655 1280373 18
169916 37478960 37615600 20
898346 16376597 16966831 24
40966 16408787 16450437 14
261227 21385762 21636586 18
373125 32272295 32580484 23
798048 22112362 22697215 29
1030070 35676089 36687615 12
704514 6901800 7382110 24
642534 6436526 6882968 14
764590 6508971 7181686 15
65677 30593568 30645351 22
353407 24647183 24957523 18
215601 38854095 39080107 25
477939 19706001 20060629 20
616417 26656595 27205485 37
190915 15843691 16037823 17
941793 21070735 22036406 16
707515 34338710 34839239 25
364471 14852890 15211511 16
233423 19745433 19967246 26
147597 24681070 24790190 21
824653 25600761 26314792 15
99323 27985044 28087491 19
768521 28469503 28959618 10
739959 36874855 37486033 19
660957 13588065 14009093 19
458063 19874376 20334617 23
383134 9682175 10057919 11
140888 37591057 37737750 29
772358 34121320 34857052 27
344473 38520711 38783641 18
1004519 38494114 39312623 21
338368 17553860 17866997 16
965093 32368164 33133361 15
337259 33789239 34063110 12
646640 23944900 24547663 23
545316 16525392 16932686 17
966013 14809952 15645063 11
823104 35912960 36539311 22
696598 8087919 8751369 15
530061 34735929 35160074 22
529973 22306992 22833849 19
30880 29781787 29805069 25
700409 23412596 24101248 19
369838 19840155 20187229 26
538865 17370956 17733381 20
1022679 10348449 11284767 21
66884 35955728 36000328 26
505540 25062558 25421372 19
156115 14991115 15142829 17
157417 7314641 7425747 24
123634 30624798 30721563 26
764554 35365430 36054429 21
742268 10328738 10965460 20
184946 3881458 4058081 20
875580 33232994 33944804 28
942273 13870191 14677857 23
739740 1723062 2237895 13
522445 35777449 36202778 16
182298 13009613 13185100 28
440317 23079108 23510931 20
178759 34231533 34386922 18
582899 8471328 8895179 23
531438 1048636 1496481 19
786981 12053427 12760951 13
833307 14150830 14938742 20
126190 15552659 15677467 22
670882 2727262 3159063 11
109758 9908261 9988579 20
915287 25073897 25863855 18
905102 37678112 38506649 9
21237 34818312 34840167 15
121911 25575032 25670668 17
117690 16379302 16460179 19
178901 28857546 29030615 19
524077 1109773 1553989 12
993398 889941 1656173 24
56568 17831616 17875185 15
881502 38389384 39165818 22
1037646 5899685 6615034 21
960263 7585921 8295707 22
949609 38647497 39465607 10
