50
1.952 1.349 1.404 1.0
117078 1968916 2049090 17
350337 1003543 1280332 23
785159 306557 727640 20
780150 262316 690462 25
612819 1076653 1711137 20
441533 679614 931066 25
280933 864184 1074568 13
966572 1215819 2081421 31
247924 1073762 1300126 21
483627 3449382 3820831 13
954730 2599737 3229881 31
132593 2236801 2345675 18
313070 2330868 2523527 23
376194 366100 612382 15
911775 1808427 2627118 19
106626 3652216 3763684 22
263485 3065581 3220963 12
1028467 1614180 2381400 20
93794 3312456 3401686 17
273162 2090002 2308533 15
540324 2836199 3293324 21
359255 2354917 2561973 23
470815 2660547 2956989 11
400365 1245510 1452624 18
701721 2602596 3047519 14
380259 1745876 2115492 20
13721 3699701 3709382 25
139445 381854 505022 10
59229 1935699 1980797 15
502541 31841 360883 10
477945 626089 1036111 16
130940 2594294 2729676 17
991855 2084187 2644607 6
682125 1390480 1928466 7
716989 985357 1674760 23
14138 630790 638410 24
202522 2613787 2749427 15
325804 3277106 3511093 22
186212 1628885 1804422 26
408491 1192459 1406598 11
836377 1272295 1975714 20
103908 752086 846606 18
1037837 1974714 2508303 19
616227 152932 560005 20
888289 322641 1029568 22
263364 3509488 3782476 26
47786 712835 758874 15
911764 884726 1465969 17
44942 2718544 2746971 25
754174 3158711 3899264 19
