200
1.789 1.709 1.899 1.0
494524 13299994 13817221 25
740545 14780314 15463552 21
295570 1839253 2095244 23
244966 12662157 12839664 12
127588 13369944 13467751 12
803393 1442448 1977780 17
625099 10585449 11011046 24
1040831 1117615 1924070 10
186105 11143520 11336698 23
344100 197121 551095 24
93683 7372702 7428656 18
459888 3320301 3633283 11
928767 12704036 13328619 11
615485 3717238 4156989 18
146667 6695141 6780332 23
101485 8195488 8254790 15
110994 8074308 8190789 33
675989 4718251 5376957 25
257044 1329674 1580948 30
123489 4969569 5064279 10
49315 10159978 10197149 23
781566 4279004 5087460 23
786927 13668215 14435823 22
369629 14375840 14657281 13
553491 1657788 2134969 20
404668 13739480 14047348 19
880425 8817379 9512164 20
578418 4134469 4587893 20
221145 8249063 8422946 27
560465 3725270 4055867 27
350063 7190928 7389095 24
41702 11532783 11559839 29
355705 5453938 5758698 24
232394 1743848 1937305 19
367750 2450698 2684354 1
625361 1344971 1895118 21
42540 15783796 15826137 27
642359 8319855 8798751 16
933527 13437100 14168791 18
607677 15139360 15671780 20
952308 555354 1505915 22
494350 4941275 5323794 20
11506 13732316 13742966 24
962963 297135 1280454 18
232541 14614206 14754190 25
52703 8330045 8380898 20
298591 8032683 8285566 22
912767 12321286 13248097 32
36403 4932965 4967300 14
687602 14441456 14968661 14
761742 14638161 15384621 26
505448 1760276 2064085 22
365240 9382727 9661985 26
805543 11046319 11824374 25
462632 14572463 15052091 24
900143 12827290 13552988 25
479729 13934798 14421770 8
97877 3863845 3953970 22
1031872 8902194 9830090 24
827623 4402044 5163023 10
517393 3434749 3852400 27
413287 7286002 7581177 14
464900 11622179 12056189 29
775050 8313555 9032149 14
483570 2897950 3278211 18
233764 3763000 3902709 23
216362 15146793 15300115 24
988952 12031795 12902813 8
382706 2464841 2771573 18
933444 7748976 8266096 22
807334 128142 658758 30
481073 15310600 15776410 15
111584 10766178 10868447 24
748090 14518377 15017609 19
1007638 8313821 9287849 33
222827 7919504 8040505 24
53159 2154761 2207894 20
953468 4645816 5536417 23
504293 7169405 7538377 27
124888 4651802 4742369 22
750577 8433096 8891783 15
938388 8345658 9059146 11
704437 13510795 14026092 19
1003133 7439769 8303436 16
662871 1061748 1426272 20
661394 5991752 6549119 16
460261 8029350 8405764 22
609199 5625980 6248078 23
182027 7896135 8073238 16
643366 10802761 11143124 15
1027401 6056088 6613050 27
944029 14261121 15103696 24
670678 14452890 14927504 19
687651 2733562 3256106 28
721199 13181455 13734195 14
359621 14230892 14587469 25
766113 5778085 6240791 17
537012 2733816 3125619 24
30622 11543844 11561206 18
622381 2380903 2765607 18
335004 12760431 12985732 16
677162 4604740 5163801 21
52929 885311 923096 19
826216 15255508 15906318 19
832736 14914490 15569762 26
800107 1943503 2409708 19
849520 9826949 10532404 15
165159 8773955 8898725 16
887357 11320739 12015591 23
290233 14642959 14798361 23
104300 8151292 8209293 27
409660 6971960 7292371 15
992968 13955757 14990458 28
17900 12608780 12621302 19
183245 15478595 15630311 20
247581 4245566 4397118 24
638169 13676611 14153871 13
594747 4442413 4817990 16
213264 2808324 2925265 12
133647 8489873 8587757 20
481291 8260624 8548163 18
471853 12586618 12997605 16
343226 11426504 11620928 19
1045847 13579480 14401694 28
795168 11130780 11886737 20
666733 3881665 4502924 23
226603 13593742 13773879 15
926626 9072491 9655320 14
903506 9869018 10483395 18
246245 1034916 1268293 24
40748 6652705 6679752 23
93713 6519792 6617381 15
403201 5034760 5457221 7
282677 624819 881333 26
477233 7819810 8121450 23
595942 5274087 5765696 24
172917 5282750 5386858 21
727136 10766023 11410471 20
954533 12840644 13427691 32
838982 2651605 3467609 23
958727 10205713 11074384 9
177020 10622826 10785573 22
98997 10977152 11029412 17
558455 14506876 14920042 26
639732 2197235 2660807 11
737800 698210 1327475 18
780064 11817385 12610329 20
357177 10144139 10386449 22
701582 12882422 13398080 15
883174 2967228 3592303 18
383461 10162319 10426611 14
925897 13135364 13955912 9
793117 9567312 10189314 24
920481 8859974 9397658 20
412963 6136891 6533951 22
220334 15235647 15363060 27
708598 9373026 9826611 19
571747 2957043 3330457 22
569269 7647729 8002259 25
798564 4518925 4990721 23
581588 13249105 13816291 21
103244 15973355 16081254 26
929495 4443882 5144777 18
558782 7662360 8086625 17
208661 15957239 16111185 22
47937 5322265 5348194 22
652578 8304138 8908511 16
852300 11012623 11628302 22
53553 7553723 7590521 13
722602 148716 607545 23
351742 13263548 13500197 11
734353 5182069 5842558 21
978829 1064341 1774238 14
791595 4613143 5431085 24
378443 15580026 15950338 24
803623 7061456 7503963 11
391477 13874820 14233525 18
143642 362780 452851 22
875772 4117459 4786040 12
275396 14331786 14548118 23
390555 11033530 11244174 23
732535 3119383 3772546 18
73522 13760673 13832169 22
655624 12800350 13326080 15
753218 15143881 15774864 18
218862 6554462 6741007 13
994838 9066337 9665325 23
492061 9378670 9689868 28
213558 8883525 9001252 25
889691 13875917 14584424 16
223313 9282845 9421254 23
130417 7965393 8036687 20
263663 11261129 11469133 29
137377 252822 348074 17
521222 10425253 10906484 18
904585 14479106 15058628 25
910838 14389723 15323528 10
820397 13182850 13822872 20
735810 7999645 8394276 21
170199 11829762 11986132 15
