450
1.0 1.813 1.452 1.953
228277 28213558 28445174 15
822503 25459020 26027826 13
985849 24336540 25334229 25
718215 4345229 4925733 24
179895 37838951 37976118 24
371294 13860781 14088618 20
111510 12066452 12180340 16
202971 14749507 14937120 20
954076 2920308 3639458 27
995036 35647341 36485314 24
270751 20147371 20413031 17
394813 37319975 37536477 22
438201 16663416 16922799 17
467501 24633688 25030830 24
742803 35729802 36375657 11
960071 1326749 1882586 20
518226 15379374 15879990 28
1043253 11963745 12626557 24
977960 30927571 31927340 22
1043523 17611782 18242974 20
942815 1430672 2287618 21
764289 3911652 4383951 23
1019500 32667047 33684210 23
506913 15578547 16034535 17
372268 3307349 3584971 21
977075 11024174 11611512 17
560834 10652449 11170168 15
418655 11245916 11496813 18
949476 8371325 9269618 25
105642 2684364 2786735 21
767131 10985052 11419579 27
507441 19749096 20249727 20
357686 28503587 28723347 21
1012991 3604863 4173495 24
764634 24588824 25274229 14
503943 3865930 4328021 22
925490 5229894 6159670 22
652371 3555 600917 20
352549 28572300 28813346 20
1026211 26659015 27634486 15
421317 19839745 20174793 24
671402 14792732 15236658 13
78719 28512233 28560811 20
159239 2763701 2915762 20
360722 19548633 19845951 24
284527 11476428 11714754 29
340176 22619989 22847621 17
426015 10853804 11231975 25
661351 26224907 26586667 21
287319 30966957 31259422 20
903459 15935451 16782217 20
5778 25590307 25595716 18
764767 33852909 34653243 11
536465 21188834 21475732 19
430973 6367408 6729615 19
363097 9129963 9476743 28
181003 35477195 35655762 24
681413 11411761 11963674 21
353922 10206580 10538722 27
322336 8272763 8463982 21
562247 1778223 2197700 27
713621 4812458 5413048 23
567818 25189717 25567958 18
53827 13942550 13979194 23
307558 27634393 27905620 25
189014 29209841 29401956 6
697192 14628102 15318803 17
816849 7125835 7952323 14
877386 9178090 9645840 17
2324 20034345 20036180 23
139604 899970 1028618 19
386834 9899421 10135176 17
48344 19804518 19847383 21
194506 18931793 19097168 23
152039 21399775 21516733 16
289519 8046132 8303014 19
186306 15929463 16101805 24
282691 3194095 3358600 23
408285 34094761 34333750 13
656599 7515938 8074768 14
887630 13401313 14213581 25
281198 21342111 21547295 22
420893 21345811 21591060 17
957991 19935521 20605061 19
893375 899418 1733086 20
539510 10057902 10461235 25
938785 36756574 37350288 13
250746 7819526 8058252 22
839591 5421712 5893977 19
1025069 7965594 8824026 26
49398 30206050 30249823 17
1010270 21841266 22601990 16
5442 33627868 33631570 18
745706 29891021 30577470 26
871434 22913213 23545430 18
740836 24603061 24999748 28
485446 609607 975037 17
204741 33016199 33144659 16
258886 35506656 35714912 11
958173 409500 1108062 15
208315 22679872 22873251 20
418027 24626880 25050537 19
595834 4222998 4754013 19
668654 30091267 30725942 27
832778 30844343 31552261 13
29232 35492708 35512251 22
887710 36522905 37010731 21
520802 27927976 28300483 16
602723 8389890 8769445 24
142940 36578546 36705616 21
498640 36643369 37051219 25
645067 18865946 19517632 25
17752 12419068 12435369 23
963445 32379829 33115853 18
852782 35241706 36028714 15
357939 35791368 36066739 25
673163 14126990 14801746 24
518312 14814938 15140413 15
545501 20103767 20493965 8
507881 14565819 15019071 23
911014 16557665 17039835 21
770475 16576298 17176143 23
855593 2441344 3032522 24
939590 27200991 27873463 17
72164 38463561 38532821 23
106755 20822096 20882294 16
851870 9688812 10444456 23
817441 3411140 4244736 11
208207 15441592 15631757 26
685845 7488602 7992635 17
337440 32905885 33229551 19
691578 18428724 18911637 18
278192 20028314 20319900 19
267041 2374164 2634716 23
603455 30989380 31333905 30
317934 7306399 7586456 28
247859 2264529 2399262 11
62877 14499929 14534625 19
341581 22176602 22476317 24
654619 11322993 11866528 20
571566 26980185 27380803 27
697425 34404651 34908162 24
1027771 25473248 26255665 19
44751 18336761 18367763 16
515937 7545093 7863179 18
771938 30627579 31050201 31
637890 12346461 12676730 20
116066 2223219 2285264 15
313326 33807796 34134073 13
899186 33260861 34042443 20
1029692 25469220 26449088 16
221974 25560258 25710274 12
967368 24213405 24775910 26
814403 34235662 34702903 27
240363 13245217 13457729 11
248235 10075601 10332497 19
785954 15990467 16702668 15
308429 8632180 8804854 22
219385 9931700 10098055 24
626514 19060560 19506171 18
781134 36021801 36665473 18
536645 28819694 29242905 20
943585 2913321 3864625 12
975472 27261698 28123875 20
398519 6955503 7247120 23
637717 28853804 29201451 18
561619 818667 1130221 17
227266 13461726 13615103 20
1020682 22833698 23658642 14
163352 35399532 35566797 13
1023352 10645601 11219744 21
762129 25124571 25659233 21
81584 23368881 23424430 22
897589 3264873 3865115 15
507880 17964608 18477115 24
795720 14258110 15041201 26
961607 7148524 8034240 16
288738 6616013 6819379 24
144788 992808 1089122 18
218343 23336033 23475637 27
561705 8071147 8405988 28
691955 4419561 5078645 25
743472 3874225 4429260 17
458876 21440072 21851111 21
752426 23521545 24208409 28
297237 3543555 3734536 12
203098 32297573 32487555 21
434049 37457562 37717870 27
222768 25432434 25652357 23
1045137 32362891 33197939 23
226249 1254000 1432198 22
358448 4415997 4717705 17
384321 13544744 13832824 20
746185 16331517 16762874 20
234997 82181 258991 20
716136 33869318 34297117 21
787462 16879457 17335404 16
301722 7070573 7249447 25
542356 28892250 29231113 26
915550 21398082 22295496 29
238105 29026180 29265775 19
1016337 10913286 11634668 21
937163 7876639 8705437 17
683520 37624767 37985030 30
693551 31306771 31891373 15
686681 6936028 7408161 26
154248 33170611 33302603 18
1040194 9171899 10047761 27
364205 2585637 2924504 25
59455 7903393 7953124 14
638949 24386020 24869373 18
781974 34292661 34900965 18
358773 4235491 4495686 22
607519 25516826 25885298 26
687348 29842394 30213534 24
778721 19640627 20448026 24
334776 10267764 10515151 23
974461 16044709 17027170 30
1044337 21632488 22640480 25
413884 32019330 32307395 18
78226 36444331 36515926 18
592461 21586107 21890660 27
1002311 27991780 28634622 21
980789 24573897 25470633 21
992883 13027543 13912453 23
776862 16352596 17160757 22
166667 25331551 25436448 21
574623 24178345 24483950 24
811014 18621698 19057061 13
62433 35644295 35683519 17
824511 814472 1346764 27
432627 27151356 27502514 17
543096 20803457 21335004 29
507703 9780565 10086589 14
338766 23360340 23582687 18
662693 24116367 24662917 16
113914 25539657 25614213 15
584715 24009198 24620331 23
117913 16185422 16305296 29
606556 1825716 2437510 21
800165 24543986 24953891 13
638435 8342897 8818918 18
688081 35709099 36419564 28
886748 8001275 8634985 28
779944 3862490 4601562 27
989772 20071426 20782658 23
341865 18269315 18601732 11
503927 33708716 34080844 10
797733 3321897 4008429 13
538990 14102476 14566658 22
1016740 13339589 13882977 21
129338 10242860 10371170 13
586170 12747642 13090687 23
3206 10757116 10760103 16
282859 22096382 22332408 21
794776 8570335 9315924 28
797289 6968377 7490132 16
170106 23610359 23704386 22
527346 1807691 2078741 20
539563 8429229 8908121 14
222372 18659594 18856109 28
1032456 14711792 15374328 18
56028 19427008 19473398 25
965521 25461519 26273531 23
60315 19641442 19681035 20
416858 9145214 9397661 27
196124 10411275 10528424 18
777735 6427506 7162890 19
462169 28614580 28912252 20
393057 35471692 35825635 18
848057 3774205 4300740 17
61834 6460462 6511081 27
738091 26577041 26995532 15
1047036 23541621 24529243 19
88385 38356362 38441768 24
951908 22091016 22903074 26
440017 22837510 23270691 16
871399 11034247 11889030 15
1001507 31149498 31743554 18
965283 6116148 6729865 20
792090 23475177 23935805 23
236486 19803079 19971585 17
560751 26800600 27234173 17
42163 6142565 6182327 16
579851 3264654 3751297 24
727180 34454545 35078387 20
43918 7382067 7413170 22
274624 4232323 4381510 22
111625 11908916 12011957 20
391697 20967906 21256190 20
37832 20529545 20562216 33
693955 29775907 30314936 20
1011157 15626188 16445020 12
608626 26580870 27035777 19
791672 32001927 32549361 21
475255 22570158 22813820 17
880200 7901043 8751932 24
368954 16559603 16925382 22
300472 7623197 7807798 21
974838 36572988 37096118 24
879570 35676801 36350204 18
188370 1798643 1917551 22
665501 27273330 27935670 23
318383 31466859 31745032 30
850984 1175408 1997530 33
245660 9026972 9171409 13
700428 5258329 5628799 17
758067 29073231 29472509 29
412493 2583120 2876941 23
633322 32731412 33076392 27
538802 29763312 30148691 16
899708 9623237 10481638 23
542988 7165929 7731210 25
756275 19092304 19713014 15
110578 12290975 12379999 25
703126 18753514 19131112 22
854624 9753376 10556980 30
994444 10915471 11516697 22
360491 35013697 35371375 24
269749 18529275 18738918 28
7958 16392200 16399381 21
548020 33365198 33730947 22
249930 28974905 29228802 21
524008 15812193 16183780 20
312530 28421424 28602653 18
593452 14235238 14811566 23
465504 21681743 22093486 17
709538 33667564 34342908 24
112158 10757372 10850829 11
753018 10211042 10980087 18
668867 23626440 24077382 20
107452 6666648 6732957 21
259713 10427498 10696045 19
297467 3209275 3410876 18
70081 14598167 14642460 28
733935 25688244 26262716 22
21781 6097285 6110678 25
675557 8447808 8811077 20
119967 23837038 23908677 16
418489 20264266 20514382 22
162223 11943896 12044308 14
307115 18202579 18413772 19
988790 9167579 9777237 23
91321 20118971 20211403 29
179029 37641397 37768071 14
506058 20891146 21206798 26
338101 7790911 8033202 26
743288 32043429 32538840 22
549464 7613482 7918913 23
501482 24017257 24494061 16
106171 16196162 16289500 13
19904 912382 933001 23
419651 9429434 9712145 16
753540 34410280 34821139 14
382324 30790207 31116064 11
678164 27237836 27599929 17
1011987 16833277 17630773 23
367405 15262589 15513824 27
600806 6759312 7311163 20
946693 15039986 15692592 21
1011114 4732324 5518832 11
41844 14489908 14511463 25
688723 29316230 29905023 28
474136 18362099 18748875 17
20192 34244374 34261206 21
346809 24711400 24908598 18
877007 18097031 18619548 13
825068 32562093 33100864 18
418867 15103759 15466259 14
884776 27734240 28226123 14
16127 32898160 32908063 28
380852 22382272 22691989 16
427884 5407001 5852201 12
643804 10541996 11114342 20
280971 569033 856575 21
962424 11253723 11790917 24
219242 31975754 32153165 23
199613 30817655 30984624 20
42308 18275459 18299164 27
731870 7228436 7675807 22
495728 20167995 20448340 19
692893 21423538 22131807 15
470886 34700904 35091525 22
648603 811008 1324675 8
722492 2744181 3363638 26
256204 17199029 17352264 14
507435 19391123 19673801 16
361217 17335116 17644874 16
1037313 17834936 18556875 7
294885 25774681 26016179 19
155864 13609916 13725718 12
878548 31306668 31842056 25
678008 33361824 33710589 12
163263 28206628 28322402 20
872861 35183812 35748908 29
753244 22560709 23212571 20
326926 22411198 22697734 18
530795 24442084 24839106 17
547691 19102229 19486115 17
302593 19011224 19271578 27
13669 30983287 30996160 21
515826 7634021 7927018 15
220710 15149047 15283476 24
462114 19221160 19496304 22
780630 30987433 31547166 17
112570 15263259 15378017 18
364255 23790071 24050665 19
25667 16759506 16778275 10
517915 31244133 31734630 21
640108 33913182 34576610 17
866218 34131668 34650590 18
522228 35929677 36414417 18
685713 255445 836759 13
964195 15325523 15945116 27
195658 30323298 30528599 15
220172 18462711 18613431 12
511446 36072889 36397924 15
702900 29151741 29838216 26
763358 28055880 28511122 26
456948 26023780 26281284 14
9842 21662566 21671688 20
1018030 19873187 20442367 33
695134 14647087 15221991 17
788721 31295350 31908150 20
872869 13953824 14806738 20
945583 20455094 21249340 23
668990 4934414 5596665 14
398350 9014233 9223123 16
1030161 9356538 10102558 24
908800 35300933 36106879 15
526406 26704908 26982387 19
375 16173762 16173971 18
128488 25046486 25140783 15
8619 8563018 8567774 20
373293 37843097 38066433 21
756828 12046155 12556770 5
929246 33787893 34469325 20
592925 25420359 25967296 25
734723 5294886 5857075 19
326138 31334322 31561747 6
949619 9098128 9889974 17
452956 14504286 14862903 7
639289 16906621 17382290 24
89416 32267655 32334868 19
208718 18954239 19093578 26
193223 5732869 5903356 18
784467 27241233 27870577 18
238062 12319732 12516550 17
320003 17725668 18007724 13
721079 29285248 30002184 14
