350
1.647 1.587 1.42 1.0
892134 2900932 3707248 9
423700 12233127 12546806 21
574722 27592868 28038040 24
605788 23842622 24334776 12
410124 26012537 26311771 22
753997 11320303 11995407 30
394207 24740361 25111151 16
658771 18815575 19218011 26
117340 20952842 21053604 24
377505 13057887 13302699 32
924431 1611409 2233213 10
466578 28185123 28595139 23
327719 28117609 28342389 24
8874 16542219 16548716 26
746309 18745257 19222106 25
100052 20013021 20091752 23
277497 1503021 1674613 17
846639 5936293 6734584 24
342173 29667072 30008663 22
851006 5980289 6734534 30
658296 8085955 8612001 22
252199 16931530 17152531 22
69005 17995559 18041836 22
486035 26392985 26810457 24
164057 6115442 6244138 13
109677 19172824 19252136 20
271940 18980935 19201740 15
543487 3335563 3860325 20
272771 24482734 24672431 21
923176 6457245 7257570 17
11388 3685180 3693776 21
963255 25151189 25948980 20
1021791 21362948 22170365 27
644433 9451363 10012354 14
674089 29228198 29862294 17
424850 25793751 26216469 10
429618 12897483 13326488 23
709104 23453342 24184997 12
562553 14141209 14523478 15
626988 27391915 27953958 27
960033 8397520 9317777 20
69124 24052241 24119642 21
890232 21201475 21754457 26
532928 70206 613467 22
306641 29633329 29928642 19
834261 22763911 23451825 15
885432 5818803 6557603 24
884937 23670055 24524916 25
912468 26967741 27804435 24
757162 13456835 13934807 23
802248 17058540 17716570 15
211737 17673223 17867114 20
50325 29752110 29783903 18
585686 1215588 1662812 15
862111 27485712 28075218 14
883891 5273387 6059657 22
299901 22059545 22337621 19
399106 24108151 24369232 23
708657 4523864 5041499 24
153202 29132330 29284797 24
780839 4207542 4845843 20
280675 7257579 7509156 19
1030816 9208474 10187279 15
227620 10587049 10767939 19
412503 17532215 17815389 25
116782 17426206 17538943 17
126238 11734703 11831119 21
322420 3515267 3736802 19
56275 16927647 16985052 21
412453 21194747 21548042 18
3688 12205921 12209395 11
101577 14486300 14570863 20
587897 4901815 5287405 17
507563 15040045 15434511 18
265935 2576944 2763609 22
869573 2441258 3294060 24
1022787 4765936 5830684 21
205559 20410770 20598540 20
138343 24459224 24554642 32
185953 14543080 14719763 24
606554 22551841 23004919 13
32759 5975659 5997587 23
749532 2437447 3126383 23
467343 17576036 17943165 10
347578 23569718 23824097 13
874398 3511309 4414300 23
588109 27442077 27859386 33
50910 13472824 13519468 29
249448 21687651 21926666 21
100303 24545628 24619512 15
859388 19550530 20407008 23
329830 1552521 1800129 19
125586 11643055 11728877 18
628364 26555555 27131644 26
141096 6510555 6617589 25
442974 1171510 1492023 13
382989 26799116 27156375 16
390054 14798356 15106828 22
669173 28348425 28990751 21
23141 3352477 3371818 22
807060 24432658 25221792 31
395217 29343324 29669441 23
985107 27431519 28312281 23
997508 13051556 13847646 20
660713 3867437 4401106 15
1025818 503272 1146156 28
828795 18909004 19571246 17
160363 23152829 23319680 19
930560 28778375 29626301 21
934642 5596653 6327306 24
38162 11154108 11179198 13
464220 23547394 23863178 16
759567 5459085 5938750 20
339245 22974824 23328355 13
101602 4041451 4119883 22
887113 21798935 22480410 23
88105 7641972 7734412 23
594491 9562168 10160367 32
751085 25208743 25680721 20
83848 30550195 30611539 37
643405 2342267 2980427 20
1043660 16033488 16892397 24
597427 22685117 23262189 23
239784 28691524 28851006 18
821460 6198669 6755766 26
785781 21677364 22370474 26
754967 21320760 21860719 18
165421 16127601 16288398 18
867571 6796502 7680538 30
105186 6217646 6300993 19
847623 27867259 28457795 6
231057 5730843 5900339 15
118059 14428337 14543483 14
623713 14747681 15192045 13
993185 18646681 19325646 21
899489 4917900 5594310 14
572859 28780234 29175840 14
814982 13776047 14407027 21
870471 17798683 18692052 12
384148 1708369 2051071 21
428730 19431418 19838277 18
960768 7820592 8659567 17
415349 9029044 9405222 18
535022 21037542 21591927 14
617218 15225308 15817047 24
731926 2288234 2825563 20
993626 13909926 14626221 16
687118 7095614 7687924 17
569498 23349762 23878197 21
99988 29428838 29524268 21
520236 7389847 7717989 21
637144 8685813 9284479 23
658336 3089027 3609965 10
180407 11815725 11984029 20
541693 17967336 18383724 14
535893 23883707 24442237 22
39112 13778170 13807802 26
1030445 11010464 11864216 20
269788 16378031 16579018 16
1014287 19814192 20461175 24
616981 278236 856120 24
798634 1461734 2076087 14
216201 10098076 10258787 18
57236 17523775 17571327 21
745415 28165608 28696921 27
557464 1220980 1593227 21
217160 2854699 2997634 18
538081 21691325 22240294 24
79760 6673648 6740883 18
419647 10710165 11059287 17
344966 5153128 5477468 27
960826 20735657 21566379 15
237392 21959640 22175436 21
914830 2939224 3672230 21
765795 7660063 8326999 23
572928 25454478 25933061 20
1023067 8286159 9088605 5
343819 29890999 30151577 18
626244 4840912 5283816 23
366068 7371062 7642499 12
475367 29203903 29542762 18
715433 8214383 8948694 24
143043 21371703 21479458 22
403066 14033330 14388048 6
533938 1012374 1405703 18
364163 16983379 17318785 18
670073 10254392 10917325 17
390458 11800869 12079681 20
558367 15573554 15942487 19
161157 21154848 21310169 14
541183 20861628 21313372 18
539131 14071937 14408771 25
393663 4887200 5211324 23
431178 11452973 11769174 26
842356 25181857 25899105 15
116572 24231696 24345013 13
812593 432855 1216402 13
966665 13022376 13957073 21
714784 16824808 17565201 11
773093 28437650 29165008 9
979004 22393523 22995847 24
408527 14472130 14863547 17
14927 9802854 9812463 24
1000026 22581627 23304106 12
1004619 23650706 24417981 19
209925 22954881 23113073 24
803859 13528178 14232669 13
109816 24096299 24200689 33
535507 3401222 3727784 26
955308 1752929 2413211 13
731797 29543908 30169687 26
85536 25836479 25896322 25
881606 29034396 29861245 22
130676 2906677 3031557 20
732944 18373468 18847118 18
268254 30237409 30441939 18
337864 1757029 2094954 26
587194 23916807 24524268 24
784491 7812802 8470710 14
695621 8374146 8840456 16
851574 3481580 4209284 19
339134 22157026 22376200 15
286359 22552606 22762440 24
81817 16550639 16628247 22
174724 3053429 3220229 14
231110 27051934 27274440 24
332758 14698596 15017853 21
104601 24076826 24159165 20
198636 10361864 10536395 10
221396 8836004 8974138 27
140350 23176695 23268167 21
989508 17170796 17897634 20
45138 25957740 25998644 16
625404 29006650 29600932 23
690913 11589796 12043577 31
264240 12516589 12692678 15
276752 9199844 9406717 23
117400 16866484 16976360 14
57069 12033641 12079135 26
279362 27720153 27995507 20
547400 5415333 5798661 16
383094 18087242 18380254 22
105191 1269457 1335032 11
762623 4884598 5356157 12
57161 17582471 17631585 18
684563 18509227 19115184 16
499253 18161592 18481856 21
25297 19704925 19721069 22
769059 13467 541827 21
423363 19469493 19877161 23
255910 12533978 12766448 20
155728 1229236 1384874 17
277776 4561410 4733183 18
1045396 28341173 29087719 23
432807 22911933 23184131 15
911602 755808 1447697 26
163337 425237 579404 16
255874 22539147 22785852 23
6800 25620688 25627509 24
723695 26381260 26997613 17
484635 16280368 16668276 16
985362 23634208 24648301 21
897598 4007926 4763881 17
763402 3717850 4376593 23
605458 28582784 29110093 12
451306 3489071 3769242 24
96504 15733322 15797012 14
190390 6124402 6268868 20
306486 26863998 27105911 10
169088 1835773 1976768 19
1013283 11548527 12546515 17
916297 25533713 26267143 20
913429 6405886 7276851 17
380578 14234348 14595125 29
130486 9725176 9842865 19
786869 11304093 11803400 17
270661 2621147 2885271 19
232079 29532935 29768469 27
382361 10678175 11047617 19
839205 18697739 19514676 24
102969 17400814 17503293 13
247185 19003893 19196300 24
502620 11203945 11663398 27
847362 19379958 20018591 23
113945 8586144 8698251 27
611625 22711929 23347676 19
914704 15199134 16074311 18
196348 28617050 28822732 20
531482 9804529 10311068 16
639828 24136362 24542582 26
127267 3462450 3583370 20
544317 11403766 11780039 14
693923 26120671 26643949 17
500209 936738 1344500 24
932599 23625895 24526790 24
588854 573204 973419 18
760497 25567695 26265555 31
2760 24065814 24068365 21
59701 13064814 13119138 18
275021 11539184 11754540 6
7503 30230863 30236359 8
566237 13713485 14189563 21
208208 10960081 11113910 13
538731 21211590 21712870 18
848942 19343076 20193300 23
211605 28226661 28371532 22
157175 3501906 3647132 21
738600 10786185 11340328 20
616640 22240038 22761529 24
678026 2098770 2756084 24
908209 18026571 18852570 4
460942 21507917 21849429 25
112753 25502705 25619167 23
59261 17133143 17195081 22
322489 986319 1202691 20
234213 23937285 24125261 22
33634 19084134 19112955 27
787518 26685075 27400484 22
531879 28235052 28658828 20
731902 22877825 23608479 17
416411 15687933 15974055 24
62290 3268581 3326590 22
547834 22482897 22977862 17
897639 4885925 5535392 15
19381 11164189 11182312 17
96892 7505301 7579176 18
141485 24291366 24419690 14
1043094 18231163 19244451 27
558218 14812867 15319537 21
897289 20661877 21502188 12
812109 887197 1454726 20
458014 1119952 1591848 20
534504 16309585 16685189 22
116024 1015117 1087314 20
642948 17873238 18397789 18
880999 6185938 7056648 19
157768 22959104 23093089 17
952046 4616238 5289854 18
402186 27031178 27419673 20
384322 7857855 8260732 25
560375 22436478 22992510 16
974705 26687605 27395592 18
303832 20087696 20373741 28
585412 15876427 16367066 20
90612 14305410 14385425 17
230729 19727921 19919505 20
91637 25847202 25942283 26
7702 90927 97942 23
724909 27741944 28187329 16
775564 24207002 25002096 25
