500
1.713 1.612 1.0 1.538
919288 39091108 39845902 23
58283 5458375 5518142 17
969245 25545346 26180648 22
691864 18721615 19136013 16
22105 25262236 25283154 15
319995 17330813 17663366 20
809892 25928613 26772154 15
338598 8345691 8548431 23
474833 34003220 34299804 23
604290 39693563 40207316 13
345879 17604145 17918952 22
20163 20246088 20261381 26
550072 17494405 17895088 9
960222 16381425 17347341 28
817356 39869248 40396395 24
353990 36992800 37358355 23
748507 21700448 22176913 24
880973 26331074 27160359 21
1017797 504878 1467555 32
367164 29286651 29530519 21
903695 36157589 36980747 17
306071 31494921 31766500 28
803284 19759874 20515051 11
63209 33614237 33664434 26
120021 23012124 23103759 13
780317 43302623 43766151 28
794095 32690280 33381803 27
1044591 43422461 44255823 15
526600 9374632 9900027 23
115350 42852390 42945425 27
227636 16146246 16338764 11
170662 1077787 1255659 18
62630 7703682 7741006 27
932985 658765 1447137 10
422585 16495891 16889606 15
725160 38933855 39645860 24
1041404 43118197 43747251 26
935542 7059770 7945788 21
871016 32443348 33153936 25
61581 32829696 32893586 21
113045 13539769 13657891 10
585958 37218555 37800687 14
366474 44291896 44508870 18
898597 12703848 13434833 28
786835 25975782 26663240 21
1017517 4058205 4999101 26
440581 4993290 5453423 15
951300 15386650 16176058 22
372896 16578852 16967153 25
989845 18119922 19017468 10
671618 10866813 11433385 12
722227 8372228 8823446 21
22634 31494924 31514794 16
294059 1291201 1472916 20
79927 27531179 27593748 22
922024 34670689 35382654 18
123 42771538 42771642 26
952072 11148849 11910247 16
582500 5415928 5821759 16
422344 43429456 43677768 23
898276 8778595 9483787 13
112181 18100092 18173791 25
772447 4021983 4606048 22
189738 28108543 28307084 15
935315 35979297 36750436 19
290496 2140729 2354977 24
1033298 5769838 6623862 17
982029 22426006 23323180 11
876464 29424314 30200588 7
991695 2218537 2956276 10
868557 39920879 40822414 12
879999 13520518 14115701 23
775624 14831391 15485945 18
756889 4295652 4943226 17
823484 8550772 9324017 19
132541 19439329 19566179 13
692429 26146312 26772875 18
587919 299750 743299 27
503829 17514024 17897468 17
993386 26468155 27322232 10
834829 37775429 38621709 21
979539 43529585 44357921 15
124191 814834 908602 15
348576 19090895 19300702 23
389158 40349094 40703861 25
989167 19710123 20321586 23
919432 1888285 2802501 23
386381 12681867 13087080 17
682110 4880281 5310823 22
648292 6633318 7133841 20
838313 19692183 20362642 18
419065 35114207 35525156 15
224025 3735340 3908822 21
607629 43051705 43460395 15
72505 11314086 11367488 29
576951 23866669 24253619 13
562827 17499217 17951564 17
929300 1371537 2079696 23
178313 19145365 19289060 24
871701 9597329 10297866 23
668129 33666199 34071906 17
209010 21816428 21991716 22
159516 15030404 15153267 17
724735 8133181 8869131 20
329286 36686243 36927899 18
68193 38953095 39021281 20
118773 30224655 30300066 27
531159 13593859 14034666 23
601481 34188540 34656088 18
582694 4034351 4574886 26
384330 18548540 18786590 17
446716 34953318 35331019 15
160872 35467979 35620460 17
551610 13886530 14279948 14
574200 21683153 22076662 19
605233 23549009 24165923 22
247333 10800932 10974181 26
525179 32813249 33264807 15
639577 1571289 2100544 18
1011774 22047139 22704964 22
272408 28301817 28587663 17
495893 16065763 16523642 24
48050 41528716 41579162 19
41426 26198694 26231521 18
384727 8432831 8789455 20
570052 1161801 1538216 16
310663 16718440 17001033 24
1255 30140220 30141291 19
142430 12051404 12188960 5
753267 239505 862745 26
311579 39270305 39574155 17
784524 6948874 7722295 17
909031 14666906 15215487 19
409290 29004791 29258777 14
411789 21883915 22297432 11
468125 8360704 8791222 13
406506 34658061 35043215 28
714068 26070280 26558654 20
58026 10969130 11024566 23
900283 36554205 37415668 19
154102 34163670 34264455 21
257811 40247501 40443016 20
1028648 35128765 36126151 23
66361 38424921 38485061 16
574750 9807391 10336537 16
452702 41307908 41767608 19
656883 37506540 38101292 10
390131 23832901 24090512 13
31352 8278172 8302539 23
564242 24505583 24853268 16
818520 8888390 9529807 26
454616 26571599 26929454 14
441133 4665032 4935167 18
998115 40479029 41452150 15
622665 18520831 19019441 13
102241 7889771 7991139 7
944149 30230509 31204972 16
232424 35799048 35950697 14
406785 41376580 41658990 17
849128 39004421 39542643 16
283137 18517463 18728450 22
554428 29067186 29391359 21
9116 43817478 43823825 22
483857 16070537 16377170 16
359374 7634116 7888908 30
89016 27801907 27889420 15
908751 29223091 30045240 26
574564 2064613 2659938 19
929963 29452301 30121680 25
768779 23619193 24167607 14
277679 16874655 17119495 19
496706 36127830 36605943 19
985697 6159905 6785580 20
288637 10599273 10842196 8
853344 17018373 17723252 18
615539 19502035 19971548 7
1026506 29632360 30374958 16
841157 9361448 9857318 21
174447 21874008 22014136 23
833197 36208213 36839947 17
960859 24899944 25465226 16
38658 1580483 1614131 22
312818 13853614 14168025 23
288945 21940253 22159523 21
1032856 13721538 14431370 23
311131 38265248 38455329 17
587514 19669807 20221701 28
760115 21383837 22119691 18
800621 41165682 41661988 23
110439 37447922 37532635 17
201128 7480735 7678398 16
860887 33126436 33812398 31
306974 3671265 3872356 21
882526 8675938 9469411 18
380156 43075341 43393257 24
628072 9447529 9869739 16
979462 29530532 30457384 23
783569 14751952 15399255 24
480709 24889372 25196623 22
896314 19067872 19991242 9
309396 13028850 13262235 20
534101 29224017 29648170 22
588329 5955165 6513432 26
556619 9924062 10361314 22
427390 36295926 36609180 16
977748 1089578 1899099 26
77720 4414409 4480605 20
426831 9552252 9983398 16
16459 35848245 35863248 21
580010 5164511 5707909 27
398469 4403417 4645432 20
704364 22576506 22987882 16
716596 30815297 31486331 33
245963 30962792 31197614 22
224475 15535818 15673782 18
229011 20549699 20705641 27
574229 44032984 44424389 22
848967 33676016 34509609 11
21424 26017480 26032851 22
395107 41039831 41351078 17
176923 11504240 11622740 18
567405 3247447 3670326 19
537912 12421971 12860891 23
186333 32183492 32311182 16
388733 9841115 10071871 20
215545 23677307 23832591 26
583201 31893764 32365830 33
524470 23793712 24297098 11
108403 15947690 16060415 30
898619 28497796 29314447 10
45737 43030680 43073928 16
685287 14403878 14944526 25
447529 21974208 22263422 24
943095 1339981 2059133 22
892931 1350967 2141721 29
761566 16625062 17187909 15
273307 16394269 16568621 22
845063 42947622 43553450 15
666158 37865833 38546363 23
378966 28229900 28527363 16
289620 883541 1179550 11
67545 32057555 32097965 27
277560 12227005 12438937 20
4472 20499501 20502568 26
816066 4113242 4915348 10
944325 13714900 14620682 14
815905 29843781 30612965 15
596242 37331937 37687043 19
764919 36773442 37338096 22
325420 1253452 1445560 16
119282 20022355 20093430 19
509677 21801330 22321069 21
783350 25909396 26700005 19
823801 15859957 16712088 19
804717 20552793 21376703 23
543265 20805214 21157759 21
618403 10740548 11148749 22
532352 5078731 5438895 20
190818 36465581 36616267 15
641841 32349305 32783856 18
20690 43669041 43686391 18
781544 23656648 24409950 17
839709 2196276 2838854 14
905769 26667618 27406130 23
794045 3342613 4005988 26
343438 5742900 5967088 30
317970 17620842 17921930 8
406869 33026142 33353451 22
693006 8747325 9430194 20
717608 21917095 22409179 27
1017659 39278206 40128214 20
437949 14025759 14406672 12
828721 35420897 36092539 17
519875 43152328 43605023 25
725117 37851531 38487148 22
288035 11364901 11574197 28
978585 29627001 30274708 22
384034 26738516 27141590 18
882575 32228653 32841356 24
337294 18490997 18793255 18
870777 38206663 39012444 22
927973 19633599 20458750 27
42131 32178231 32205494 20
540857 34684537 35060670 19
456960 34022556 34492910 14
985054 25818419 26543059 17
321101 19056710 19277422 24
290501 18953747 19247553 17
151473 882159 975241 17
263990 16404144 16677220 15
1003225 7811520 8714338 21
114120 40036613 40112290 19
566782 34812015 35277016 30
479738 10873339 11172847 19
384453 8269528 8669855 15
39378 34481258 34514749 19
1046834 22624089 23686846 20
899528 5827053 6642342 21
12492 22408772 22416151 14
543961 17864380 18288025 17
460681 11365726 11746995 23
233291 3335477 3543328 19
282819 9106436 9397797 28
680379 24938486 25509191 22
646934 3893317 4426523 19
565026 13480748 13830773 18
698576 7991287 8702540 8
643603 14806655 15316139 20
189997 16452172 16599255 15
148735 6625089 6753843 23
1023354 15042340 15749861 28
850206 2333083 2996541 21
37369 4132672 4162575 14
378175 24411720 24654525 17
903607 36819637 37483687 21
896479 23014654 23849480 16
70629 24071953 24123242 17
839303 28593287 29362494 11
113700 28871468 28958222 20
700908 29297053 29952262 23
76480 40791687 40848581 25
251973 18820330 19042005 17
615236 5803349 6417641 25
281887 1921666 2192578 17
920249 7351011 7962397 25
509200 40738077 41150278 22
497342 4655787 4958463 15
810541 18626903 19396300 13
770116 5120912 5667561 14
158786 47149 156851 29
521893 10497645 10923759 26
465674 21106650 21488298 20
849812 12772609 13363829 23
1030723 16927368 17733326 21
292069 21029153 21240264 19
402611 22496472 22830313 15
380396 35021151 35371103 13
184547 24102252 24273200 20
792498 15704271 16180584 16
717422 37546018 38151478 18
940574 6609115 7519425 22
935832 15199384 16092910 17
16261 7707454 7724201 17
741916 18342576 18841157 23
1490 27957276 27958574 26
46419 23468788 23503450 22
881006 28558642 29275862 22
858520 953074 1604885 18
55532 20969269 21018203 21
526877 2339939 2654162 20
645563 4246740 4702284 17
484223 2730859 3098898 26
531862 34872766 35331350 17
673310 1685221 2302046 19
247682 43308319 43552763 21
342123 37180105 37518165 23
926336 34584204 35301375 17
495450 39942930 40281732 19
458725 3090264 3424176 15
67346 13132099 13185215 26
1017949 33081245 33981306 26
771925 40832525 41642735 17
291171 10502943 10784043 25
327694 37640834 37836662 24
763545 11240787 11707231 23
474087 9207997 9566083 19
591600 34599872 35211918 23
5541 9165006 9168777 23
742542 6232871 6885251 16
282589 32531244 32804342 22
829289 42856411 43696115 19
723678 32767040 33392004 20
437739 24835165 25258740 13
194576 15161094 15328593 19
96669 14865073 14944868 14
570692 20985324 21412596 23
240540 42234032 42394241 14
87193 23378431 23447711 21
481300 41478312 41808325 12
402484 32105281 32428423 19
473775 17643011 17998065 21
296418 23467749 23769182 23
252412 7094586 7297296 21
515149 27887158 28415159 20
51903 23076358 23121015 26
558963 9061574 9487332 23
523831 24614401 25138790 14
139171 8288042 8432810 20
301131 32898629 33120352 14
771990 4995579 5524088 19
299783 19975914 20221563 14
872555 28535197 29313819 20
790662 15884127 16508577 21
185459 33289998 33478746 22
2377 14850462 14852049 18
999905 18977022 19880345 18
380919 7852339 8145290 19
415255 17923905 18209679 19
192416 32848875 32976961 20
120378 40515761 40623636 27
210682 4042471 4246767 23
565288 12561681 13027509 17
824020 34789910 35487681 12
582928 23639089 24105703 16
448622 9264571 9654900 27
472662 3260885 3657795 17
332700 25209502 25426673 26
963020 24881298 25867658 20
1046867 26623926 27562613 24
545022 15061318 15384985 20
206231 8270169 8475347 22
734403 9540025 10185036 26
129115 32227202 32350870 21
241032 3074550 3238107 18
498855 22507103 22956946 16
208455 13535685 13730013 18
684819 22661614 23157500 27
206955 34565407 34732576 23
885668 38973723 39898926 27
558320 34625414 35062471 18
98087 24614836 24701213 30
728954 32430387 32885663 26
536461 10381814 10903103 29
1014834 16820920 17478107 19
516609 30587815 31003237 22
251388 21475835 21666477 25
92496 1333325 1395359 32
877030 33382296 34177324 16
549827 41408702 41837042 21
1002392 39131870 39850984 22
635132 7807820 8382618 15
953420 35406575 36309345 21
497222 25231736 25554392 22
846041 1396827 2135208 24
1002195 1796489 2510405 18
976301 35360297 36208833 25
140821 6136501 6257540 12
999613 13973255 14727562 26
515092 41655135 42126447 20
361226 6054867 6379388 13
850902 18569215 19364752 21
1009162 8861587 9741999 17
217189 23495361 23646975 23
1030063 38010471 38659377 23
713820 33950196 34532125 17
963238 38467737 39376519 16
141312 23812783 23924190 28
692339 25783076 26454516 20
976187 17641593 18567070 32
380790 8160350 8389527 19
935733 15744854 16436412 17
108495 1454240 1555315 28
734713 8302727 8763878 22
720011 43885086 44477553 19
438559 23920429 24296052 20
743473 5431481 5996737 15
565853 20666438 21045937 16
41080 14647074 14677964 17
920651 23787179 24330490 26
896381 41591430 42312566 13
211571 26686270 26874163 18
33061 22109542 22134932 11
347976 8058754 8296085 13
706222 25878515 26340284 13
328369 35168094 35385415 19
340780 6497984 6830949 21
62983 34104718 34146007 24
751868 16452009 16922852 24
372513 294070 566470 14
91430 27153714 27221629 20
170012 27474543 27618991 24
247846 34375171 34534540 14
776277 37803041 38325809 19
924143 3710281 4360881 26
197541 37305501 37500737 17
975803 41200300 42020503 25
253740 7489187 7693101 29
462159 36672293 37071721 19
454225 21670141 22082259 24
453937 24661536 24966661 21
512829 39011071 39399598 14
290812 21442799 21677969 18
285116 26127795 26369656 25
149462 8570289 8678612 16
647595 14364657 14907763 20
302076 14411797 14690256 14
231906 10408618 10632982 15
320466 24732796 25009796 18
863713 21432986 22252022 28
669399 6305671 6811689 14
881231 38688952 39279285 17
578154 18485958 18846050 14
505313 39139146 39666870 21
746 28287919 28288407 23
11100 4261910 4271480 19
773630 8703401 9341947 22
986475 25455119 26401246 28
210109 35209314 35382288 21
669596 3990699 4559307 25
125851 43437082 43559403 17
