100
1.788 1.371 1.628 1.0
284360 1648707 1858746 15
534472 8737567 9073730 10
265930 6104896 6307421 26
165289 3889026 4047627 22
416903 1858451 2167728 22
422312 5351858 5700890 22
128187 331949 424702 13
487054 205372 692583 22
371107 8053584 8388988 17
676955 5098220 5734789 30
60703 2727672 2774491 15
152996 7626248 7743427 21
587562 2208278 2703881 17
497049 5377654 5830686 18
341807 3673563 3946344 18
824789 4770786 5339398 11
45787 6662509 6692599 27
996111 1918021 2784970 23
330353 298006 614376 16
172421 4150052 4270343 16
291931 7766226 7931705 22
546063 7643563 8196342 23
746741 5894548 6562521 34
859194 3648389 4518109 10
302066 8191138 8377299 27
600101 442093 780035 25
886276 2045314 2740884 14
289823 6164108 6454811 20
161116 5732540 5868427 27
935599 1298365 2241876 26
14641 4652542 4662408 21
1037775 5345621 6219441 11
757127 5186328 5741701 21
1002314 3376885 4293783 19
619760 8020215 8594452 18
312178 6837506 7147256 19
388229 8538417 8764037 18
1045072 8104828 8803332 27
438771 4746521 5122694 8
577130 3430215 3887294 22
251554 1106140 1335114 22
80548 2799082 2861436 16
935316 7387928 8214215 20
939276 6639098 7602118 19
909982 4956445 5493691 8
775691 5894967 6527900 19
478790 1154134 1529980 21
1010597 5562106 6473330 21
293881 1222427 1426321 15
794286 1528665 2151675 26
189594 2332164 2467457 19
509350 2390491 2824193 21
236385 2809631 2971980 18
186870 6748322 6924657 14
47402 3249297 3278493 21
50321 6524989 6562748 18
88194 9233604 9315292 26
1011093 3526803 4373129 15
370976 8758897 9144473 19
878088 337409 1160599 24
961860 2500371 3042088 25
387699 1976666 2245318 22
435700 2392541 2849504 23
161341 3264655 3362045 19
340396 110600 401220 13
408148 5334744 5708272 15
676873 8574120 8988907 24
441889 6072373 6495998 20
739452 7574915 8229680 25
452121 102943 513377 25
536595 1552058 2023028 23
1023344 1410006 2191827 21
937512 262541 1073389 15
1021910 6126565 6778236 18
872381 7844686 8711895 24
913945 4510553 5212370 19
140499 1151725 1248809 23
952634 3308490 3943191 13
995929 5476102 6401574 18
708601 4225347 4711597 24
951877 4948848 5549908 11
567707 4689254 5009370 9
71309 5945816 5985717 26
124629 328825 440953 25
871473 3011453 3528306 18
479412 5688804 6112309 20
446043 6891403 7276127 23
901025 2986920 3728236 25
758303 6048398 6488189 18
747446 2460878 3127350 23
336492 7374686 7588438 24
703188 5069850 5472635 14
976459 1859517 2875707 14
139986 7655550 7770390 24
865912 1344893 1956891 11
474406 7431123 7795692 23
608577 1890085 2265218 22
856869 7405631 7885200 11
349529 4796237 5022251 20
209905 8751535 8891660 19
