250
1.714 1.728 1.945 1.0
629413 16750676 17370967 20
65848 21045293 21085567 23
195174 11682837 11865762 15
756159 17472118 18218456 18
345851 19089159 19282959 17
710317 11222145 11850428 24
421096 8391444 8742703 16
875121 18956288 19734134 24
607845 18136721 18609879 16
66167 1201759 1248547 18
616775 9379662 9991544 25
860434 5107100 5777578 14
17195 18427577 18439427 22
511938 5785061 6134330 13
84916 9722802 9806205 22
842677 16637453 17375971 29
303379 15549971 15707834 27
191699 2591857 2698439 17
520390 10623582 11085028 14
994376 18010410 18773459 25
538482 6090408 6614542 21
571308 15744077 16126843 24
1016118 4938846 5543310 14
425211 16766972 17097019 20
910022 4611556 5395280 21
818138 12092234 12877602 21
922951 156456 952759 9
23933 18364066 18387024 18
145747 1454763 1560733 26
682973 10676236 11381621 24
521744 17394916 17672530 17
94917 16022496 16109169 23
1040731 4476614 5327857 24
121127 2006040 2094782 21
464303 2395171 2818074 20
217411 5103950 5324355 22
429890 3523266 3907727 27
360497 6595551 6917043 24
770542 10213696 10955002 15
680772 11523529 12045237 17
105752 204848 280387 12
991520 16629919 17157233 24
895549 4371037 5091124 22
174131 8260510 8442378 25
116541 4715265 4830417 23
27518 16907393 16925216 20
892604 13378437 14273296 19
930615 4000371 4775623 19
236550 15935817 16085163 19
437010 14137787 14516698 22
795782 3270317 3816231 19
491862 14376369 14802822 16
540369 6169793 6724936 14
677933 8157495 8551907 20
823117 2082943 2633539 15
474946 12115267 12505954 27
91773 3848915 3935294 16
753444 2115675 2506139 33
326532 19944560 20131679 11
869633 16094264 16873410 22
281626 17514266 17774499 22
62325 13815572 13864822 10
1043597 16047264 16932583 18
73601 13230272 13274599 16
854233 356495 841665 14
823756 18308263 19046062 12
419955 4912040 5308056 21
589466 7364006 7708384 20
762775 2596155 3202291 23
215409 10922934 11108035 14
727004 13686827 14112039 21
363744 19182048 19532096 22
104301 18348844 18448115 19
485692 11813828 12115982 25
285478 5607593 5894882 27
835193 2172949 2658894 34
566910 18613186 19131120 29
269010 6618228 6894996 21
381306 10161511 10471956 27
174956 9796097 9887813 24
948891 11473334 12108202 13
901771 1671156 2325992 22
679494 3087553 3530329 24
628970 6066904 6544665 20
104806 4574689 4650019 15
487901 10848314 11207905 23
914771 9585736 10314163 21
878241 1458485 2102242 11
746837 18383150 18921812 28
735341 10404655 10817974 21
399778 6323670 6687845 6
986905 19671371 20343615 30
335950 2664177 2996273 18
900499 3251237 3849470 17
92191 11419128 11507727 21
845052 9611655 10329242 14
781103 1671672 2082500 19
243262 3299140 3482909 23
243706 11797853 11958951 20
469243 6405195 6847511 21
624839 8010361 8547500 21
536177 3199801 3668384 18
171764 14961952 15065229 22
374917 9722244 10096943 22
985454 15826033 16413725 19
1011947 7154619 7937386 23
419243 15007153 15367877 20
243706 6361866 6538204 24
1018381 9210685 9957191 26
299108 13071010 13318323 14
479148 19896959 20278099 18
917632 1294467 1775561 22
878721 19946812 20584837 25
1011090 1073035 1982831 20
713128 478526 1160101 6
904857 10083819 10742907 23
110298 11571256 11661295 11
1046445 15633549 16249136 21
898499 14360734 15295737 17
802055 7130536 7626840 15
745945 16154183 16827069 16
797080 3594218 4108170 18
450837 16803903 17053858 19
1044498 10907932 11747534 20
780041 14881477 15640106 10
100020 780 88115 21
345862 7362034 7657829 17
406305 6643364 7033427 21
355581 618664 973677 1
209596 20491227 20688875 26
701551 20147793 20843515 20
722015 5868064 6462431 22
937944 9347226 10297610 18
82809 3296071 3363340 23
753437 100784 657428 23
1008888 19890051 20571778 22
155273 5931497 6054264 27
516141 9587379 9982590 11
241899 9099438 9337213 16
917613 14494287 15445667 21
1025507 11121051 12077589 11
831917 18144514 18889637 19
524693 15585585 15993896 18
276409 20674652 20949603 21
22528 4636839 4650146 18
264984 18250205 18405525 13
284761 1543837 1784556 23
538621 9490789 10014828 25
767156 18259701 19016205 16
78390 19002660 19048366 20
350319 7779966 8142096 15
1010490 7599186 8384026 17
420783 14946797 15243020 14
890821 9939975 10794787 20
857219 17113721 17627681 23
5076 13694005 13699194 8
424778 18474582 18774502 20
876802 8292952 8956009 18
846092 6238823 6992731 19
593519 12411039 12846701 12
395758 9335665 9582252 19
689964 8376423 8843517 25
398306 20388363 20606811 17
1043242 1512137 2340357 17
94994 4372422 4430357 22
323025 14568163 14882825 26
925894 13853199 14561800 25
373461 10667969 11032112 18
506723 14652590 15173512 17
339063 13138921 13434849 15
228517 15722375 15879359 22
223629 18500631 18723063 10
697284 17102898 17573896 18
834301 11275941 11830678 19
264341 9769451 9936171 27
893880 18946912 19584097 24
506688 19212292 19639856 17
995936 9507461 10461816 21
1023263 3287829 3982970 20
331980 2350221 2635349 23
501411 16063583 16415670 28
413613 11004258 11338330 26
607140 7154842 7751135 22
381342 19067735 19415568 17
56469 12372715 12418368 24
657545 17451662 17990389 22
298062 15242151 15475630 19
139168 11780118 11909293 24
57057 10428251 10487833 27
471559 20603099 21053857 17
236474 1319417 1460936 15
275128 16236609 16385513 20
979519 1306 983666 27
360395 10552345 10881538 16
86319 1035728 1123788 16
651350 2668002 3158474 14
923792 7965484 8703713 15
591214 19866946 20192988 16
724998 17839977 18446326 20
642254 10417103 10947009 8
946094 9866268 10592835 19
934890 12681066 13645067 21
387538 7347458 7631449 19
138053 14420983 14501780 21
826030 2477147 3084741 16
991975 6205806 7065852 27
35580 7434750 7457511 23
336509 3268656 3446306 25
925526 17962728 18634761 14
204080 8709702 8923397 25
823525 9554803 10343680 23
698663 11957218 12386811 27
435447 20327802 20749587 19
733738 13300810 13723671 19
877000 16745121 17363666 21
322058 5006056 5283613 24
690802 11579970 12053906 22
978402 2016827 2888843 17
727811 15471099 16152050 28
110663 14084209 14191486 18
742504 3225891 3924276 22
142318 16154635 16283587 19
267629 10596906 10863430 23
664806 7170389 7815768 18
848698 2057664 2828335 27
725209 9109 590210 23
756699 9765388 10165111 11
695865 18236803 18859153 23
239805 4404057 4621613 19
686586 16774899 17470292 26
239100 8353010 8504341 27
306355 8124765 8302728 23
262140 14554930 14738637 25
103494 19179943 19278634 20
1030000 17475698 18539759 20
83294 5731988 5789522 20
681576 12715592 13112576 14
717011 10106664 10611028 13
732307 12317367 12969242 20
742614 19034406 19509551 16
292056 1180567 1449310 16
261051 747034 956671 19
799744 10348410 11008783 24
966762 12152448 13165206 17
17303 7561775 7573516 21
402062 17262539 17568739 22
179912 6705719 6826101 21
1008190 965452 2013625 11
954308 12258992 12828521 24
1006165 713400 1494796 27
