150
1.815 1.0 1.76 1.424
525911 1660823 2009021 11
490654 3360615 3849187 27
620411 1753236 2254665 27
797818 9748902 10348874 26
537462 2426386 2761038 21
44034 5095601 5137147 16
450824 2456993 2748243 18
458933 510380 815417 26
272419 9328274 9602426 20
398308 4060103 4475218 12
700000 7907456 8627308 21
88010 9603081 9661401 15
607974 9253359 9789119 21
641450 3056197 3681839 11
742741 7372499 7906819 25
156841 11316953 11421825 27
59400 9612155 9646114 21
64722 6899931 6959735 23
829496 6276031 7123884 21
1024812 9577658 10635940 15
992939 7518224 8234531 14
785847 3500452 4019188 15
845708 7944950 8775952 23
476972 3541894 3947445 20
423945 11991885 12264341 21
133265 6645495 6733773 24
31773 4351172 4372407 24
71041 12575457 12619640 24
661542 6152468 6789830 12
659742 8433882 8965220 25
311561 1294562 1562042 18
5204 1076116 1079873 15
39235 3967673 3994701 23
98083 9845793 9920333 21
877026 8435514 8992259 23
270668 7471093 7684214 23
86534 11308075 11396767 26
838224 3954141 4455311 23
672334 804980 1488226 21
414755 7183017 7508262 24
820136 1346463 2126906 28
823112 4557770 5350268 21
432899 5328280 5754399 19
924080 1781067 2598792 19
737843 3255640 3681574 16
419712 3035674 3346219 21
97184 5740163 5815180 12
923690 10668396 11342638 24
625043 12307672 12823050 15
531131 3575309 4060973 24
344332 418319 765923 15
97669 11108085 11167758 23
167512 12150732 12314386 22
987172 5854939 6473639 26
382237 10907647 11293987 12
704909 4225551 4939686 18
103494 6009849 6099639 22
294914 8400238 8701300 21
1032980 9092750 10005118 18
485836 7407604 7715017 20
871857 921668 1744151 25
454278 9131139 9466600 25
473002 10723671 11029682 14
571144 3755277 4344948 15
522465 8919024 9280109 15
255755 5188105 5441238 23
822255 5095765 5953134 17
921270 4762408 5520612 24
55627 10610948 10668617 17
865143 1023968 1509585 23
836411 2792137 3261119 34
485106 169221 467497 15
467231 12022073 12433976 14
489245 7346132 7615895 17
881666 11533236 12236055 23
215386 5412627 5626278 23
630822 10301838 10874518 20
79054 3033080 3091807 13
996690 3316161 4146560 15
657581 4133457 4703424 18
701601 2526118 3052134 25
783023 6817001 7332670 13
787430 6888891 7528215 23
407993 5341973 5588449 29
483781 4308304 4681095 16
716198 11867627 12530802 22
24932 11972134 11997235 22
336382 11743440 11985683 23
609550 9389347 9775162 30
800176 9377886 10203989 22
959331 841153 1392506 20
372318 4974779 5360499 17
879662 4593531 5307661 18
910695 1301997 2231048 19
829623 596617 1245842 21
848128 4968206 5468303 17
625879 7908076 8359460 24
139185 2060320 2184727 29
94304 3147588 3226007 19
94053 7216927 7312888 28
317467 4009966 4339875 18
33442 5489755 5509865 25
751322 10237256 10750143 23
760601 6807693 7496339 18
986194 1969195 2961793 20
254778 10689738 10889808 19
760511 6610492 7359811 29
332420 1437085 1699367 17
458483 6150691 6440226 16
432511 11594864 12001089 29
402234 5415166 5654000 20
168463 9019842 9121928 19
1015552 2574650 3575780 23
233385 6611241 6820116 23
858962 11515585 12161056 19
820042 8835538 9663510 16
811052 6548964 7395494 20
645957 9955179 10534076 19
507503 643704 1141536 22
213867 1023223 1169289 22
33510 3008462 3040075 19
77428 2609987 2679564 21
96179 7890020 7985683 23
466602 2199547 2624361 18
902630 7914214 8707920 17
976860 5875702 6798970 24
471117 10615399 10957471 20
648015 3957529 4431641 22
880370 377274 945645 13
53713 1685742 1737110 23
959803 2406002 3391087 17
129265 3970984 4061111 19
845995 10603155 11464814 9
135395 10344760 10452317 27
362172 3583465 3948980 12
296018 730692 959568 23
353015 11364267 11622586 33
248077 10813683 10955761 19
36640 9764042 9797497 13
664573 7492023 8141318 17
626657 7243908 7620320 27
670189 11141571 11834086 10
842054 4412707 5289865 22
726198 475216 965954 19
929201 10428132 11164628 22
431434 6156360 6563541 21
606167 3412757 3885709 26
346261 10927948 11262308 12
758468 10218614 10777192 29
449714 5068551 5476395 12
