300
1.987 1.539 1.981 1.0
70778 12671004 12736899 20
348562 21130248 21417478 20
463626 3558886 3873066 15
10020 23342900 23350524 22
928563 14179509 14893228 22
42741 9877465 9903440 24
416668 18050695 18391141 17
567998 8981747 9344398 20
581837 4779861 5120001 20
764202 14286309 14878778 21
79046 2316545 2389961 14
71162 13649260 13694945 28
752424 21257020 21661473 29
267022 13333 292274 15
599203 22449285 22830780 23
838277 7907732 8635439 8
870868 19980018 20506655 25
491616 16112187 16599535 8
901217 10632068 11425325 14
1017793 3830908 4533973 29
821231 4404354 4975431 24
790040 21208553 21768747 20
619744 21438823 21890905 21
614873 17587875 17930115 15
342943 19396482 19667716 12
159331 20089292 20232646 20
418565 13519935 13919581 16
1011385 4909590 5536638 26
217371 2980645 3121388 20
344666 9289074 9633567 27
512879 12272107 12553254 17
863004 18675683 19238653 21
3450 7998410 8001799 25
158799 15193031 15276889 13
540793 8047482 8338644 25
907399 13666161 14568299 20
935410 13151224 13958638 14
782938 8073477 8894048 22
414057 6217687 6613448 15
528714 3104343 3582429 15
753051 9411044 10172227 25
848537 149070 1011914 23
440 8802458 8802726 18
869552 19903193 20410294 19
10048 20319449 20326006 16
841774 16914651 17429032 23
238983 12288300 12524931 15
556992 9786527 10182710 19
783027 9210623 9938971 15
762876 13464256 14191088 23
664380 20956582 21628929 20
794782 7585132 8272605 27
254533 19211547 19430534 26
735423 6204062 6764628 21
184176 7302176 7422769 9
280976 16707986 16990444 18
117932 2487640 2601633 18
194794 2773529 2972244 24
100648 17105496 17192263 19
908775 20424645 21173276 31
925824 13234967 14176915 29
792484 12839711 13330146 24
294678 1951745 2256294 19
387260 19507889 19747546 16
383395 7956267 8161990 21
35149 19756643 19787429 26
46179 2353442 2384797 20
899291 8709191 9189808 19
760180 21134940 21860290 24
581282 9681007 9995766 21
52497 9213512 9268566 20
442806 17468943 17834188 20
655898 745047 1332432 20
144328 1296637 1396991 28
865652 4386349 5081678 21
746505 638368 1176753 22
605092 14978800 15454765 22
565535 10091264 10439212 20
873789 14482996 15121453 18
645048 1245218 1631450 18
759411 18746245 19251130 25
956002 9932462 10527882 12
141846 23128499 23237313 24
542828 6576416 6911427 12
158621 22443789 22579372 13
1024563 17941757 18739238 13
646950 3292641 3738594 22
400340 9554477 9970970 23
774863 22433054 23192055 22
724151 3920770 4401209 17
416928 19427992 19747921 20
189423 23469197 23582730 29
115040 20738112 20831116 29
555374 878343 1287575 21
29056 8630353 8648722 21
213235 22473171 22630827 23
690217 15145711 15870095 13
381481 13558449 13863079 17
476484 18930277 19199856 18
294 17812116 17812286 24
1018722 19922691 20660260 26
302537 21645608 21857868 24
52760 6788963 6821639 26
330131 5319369 5500594 22
291882 18220922 18457168 13
41340 1710430 1731694 12
522409 7824495 8088117 23
887161 4047327 4686386 28
180690 12144328 12243316 16
300940 5993397 6226797 19
95274 9507478 9579806 23
648686 2002007 2475613 19
252813 859685 993472 18
903989 21327624 21826402 24
293293 23440150 23733307 18
495927 18115211 18405387 29
684503 14480029 15151178 20
134212 19460204 19591919 10
294074 8716494 8955621 15
932982 8051257 8937274 23
1006950 17636478 18516115 20
521783 5925068 6463429 22
693019 8841811 9304949 11
440942 4379448 4632809 21
494487 4927871 5372449 21
849577 8435275 9114967 19
875083 10011204 10785360 14
420478 13539765 13764857 17
254580 766007 909627 24
970617 692312 1374645 25
302332 7723118 7914952 18
882632 15831004 16518203 17
908833 21179808 22121337 16
93347 20967776 21051522 23
896805 10712729 11414597 29
154573 16754019 16861921 15
132019 13233682 13354818 19
985322 22760032 23389502 23
202492 2634698 2796489 11
425011 5217110 5438546 29
729256 15294029 15909076 14
835048 23012683 23835002 11
1014525 11502798 12373080 9
423421 4198234 4499322 15
724376 1262425 1810834 17
607913 12832077 13343559 25
238425 5432797 5590380 27
203815 2279534 2491872 20
79810 10312536 10386330 23
661333 20219254 20688427 28
495025 295666 619459 16
919719 1291172 2049822 19
93143 6885603 6983184 17
670221 14820760 15187691 15
35143 19740877 19775659 23
319919 7704172 8031149 18
316906 8815814 9012424 23
594925 10238164 10775593 24
925374 13043187 13712385 25
1018329 11780919 12540927 24
502119 5088001 5548113 18
761129 15331028 16069164 19
213263 5075179 5229733 26
87033 888138 934790 15
814245 11778578 12206768 16
697064 6067893 6472709 17
515836 14809474 15200562 16
308007 4936939 5148550 22
795204 5524294 6150466 23
139429 19860366 19940868 14
374793 4134110 4399132 14
578806 18416652 18924859 16
854540 11815328 12640190 12
737464 1797209 2222603 21
508113 21356572 21872004 24
34619 3417145 3435002 22
1003601 17790564 18824055 20
621868 19633150 20122936 21
673384 8182619 8764866 20
27506 6572405 6593747 14
336357 14402956 14712526 23
879997 13449009 14025076 19
918710 17803838 18555752 21
685902 22983578 23361911 18
650042 364338 754181 24
512438 16959833 17455020 21
897921 20868442 21458361 15
884634 18203489 18835963 15
119770 22231510 22315813 29
752122 3503805 3945362 17
609915 7913770 8297084 20
395733 19262765 19573324 23
475911 12095946 12430888 22
87942 10907311 10987274 11
768649 683751 1224140 25
887295 12099567 12963259 15
298761 11361977 11616678 21
257430 16201956 16464649 28
342308 3043879 3375759 19
72842 3321686 3358483 15
378570 4828239 5062165 15
536215 9321295 9758428 25
979178 20076931 20808757 19
504444 44472 415033 26
814904 6258364 6780753 26
1046545 1653911 2332750 23
416906 5992782 6301749 26
502409 21253231 21712563 18
377302 23387907 23623276 16
514293 13114800 13531721 23
648004 23226625 23845713 20
991236 8020947 8893373 21
903828 13073699 13954216 28
105265 10669862 10724685 15
735178 10874775 11305689 21
319093 926974 1250216 25
586199 1152374 1516318 23
28409 5020111 5049764 23
303504 19269996 19541155 28
374891 12199588 12576755 14
370372 15568397 15810586 16
454790 4553243 4799918 19
246648 15385772 15637433 15
773451 8458346 8915801 16
375659 22837533 23157449 22
572608 9780262 10141200 25
118068 18671012 18790057 19
732611 16939492 17412848 26
239711 23552566 23699774 18
597083 912531 1222867 14
693165 3443521 4037260 14
974640 9008034 9767996 20
394564 22117754 22450649 10
318560 11155876 11479126 19
549927 9857920 10310426 22
957638 7146306 7869631 20
212076 7128225 7293595 16
137030 23119154 23189773 20
781721 22626217 23305875 22
1002263 2105225 2936485 26
915702 9771874 10307023 23
375774 22211728 22454399 20
509154 20546771 20835724 23
740648 21160704 21728358 22
940823 13194365 14164761 24
465228 8627987 8991921 17
680160 14122884 14584235 31
104318 21517256 21584521 14
338844 18916215 19096859 17
290782 6974085 7164801 14
145602 17798170 17912616 13
949103 19822255 20764577 32
262367 9160428 9338451 21
578675 13431858 13739687 21
85019 11286317 11333265 13
93674 18396759 18459810 18
12434 1156231 1165453 12
77870 3844745 3909319 23
55073 9263253 9302055 21
952679 739296 1718385 11
839823 21316738 22135238 6
377323 15645678 15863671 15
298260 4140837 4409523 11
203967 16715890 16917497 12
1041277 19722648 20812166 18
626025 10882005 11471562 22
87442 6519613 6581106 18
388211 14461778 14677792 21
935477 7686515 8293264 23
300532 19167188 19373050 27
883584 20012585 20653739 18
279737 22320323 22513894 18
236023 10359883 10485076 19
1019745 20772600 21351266 21
957879 5163336 6035699 20
529240 18679878 19153499 18
857391 20121164 20907930 23
150306 23819918 23960031 20
715792 22068457 22509300 27
840337 21707565 22523132 20
572294 14548184 15118452 28
1039679 19316608 19929784 22
154008 2265633 2348397 27
543722 22791811 23135255 25
406824 22965443 23381804 18
475182 4158045 4611480 23
582946 1713558 2306963 11
586464 5304319 5896619 25
967894 5978900 6555754 17
469124 22094831 22507211 15
124938 17241532 17341785 29
470738 4442579 4889856 19
308586 22050237 22239746 22
845521 5717792 6559601 22
832943 13614541 14317880 18
422017 8825492 9047181 25
856985 14132678 14819331 20
910252 22038553 22655934 20
649360 22409729 22895684 16
304267 18048888 18356038 23
