200
1 1.5408839603066564 2.978476870211744 1.4973327176845352
20574 123794 144368 10
3333 260963 264296 1
58 141324 141382 1
2387 11302 13689 1
12323 61628 73951 1
14100 158672 172772 1
8402 104931 113333 1
2006 185216 187222 1
972 110781 111753 1
1522 165683 167205 1
5024 243653 248677 1
60121 199463 259584 1
8233 111107 119340 10
13526 211344 224870 1
6827 64497 71324 1
23413 245769 269182 1
13798 265766 279564 1
8844 151486 160330 1
5392 262895 268287 10
20057 145277 165334 1
13881 166593 180474 10
1267 150691 151958 1
4960 107752 112712 1
1184 271318 272502 1
10686 162095 172781 1
2624 93446 96070 1
2160 8672 10832 10
5132 38623 43755 1
5013 113872 118885 10
894 213696 214590 10
1337 229399 230736 10
8438 128765 137203 1
3211 109703 112914 1
1222 228177 229399 10
483 31160 31643 100
22029 142139 164168 1
2309 237919 240228 10
10453 224293 234746 10
8228 31296 39524 10
4133 29772 33905 1
18570 52057 70627 1
49544 186927 236471 1
5767 263373 269140 1
11089 271673 282762 1
1681 141575 143256 1
20663 76140 96803 1
31557 6786 38343 10
3349 33517 36866 10
5217 178466 183683 10
13476 250796 264272 10
6849 261073 267922 1
3272 102153 105425 1
4556 245583 250139 1
4749 31322 36071 1
653 15112 15765 1
13337 180738 194075 10
19183 214578 233761 1
13115 109158 122273 10
571 180218 180789 10
16332 97435 113767 1
4323 160074 164397 10
11450 0 11450 1
7771 241044 248815 1
20287 221362 241649 10
10901 54554 65455 1
11946 76071 88017 1
1256 231474 232730 1
39490 0 39490 1
1485 159576 161061 1
5578 107359 112937 1
960 0 960 100
8424 240302 248726 1
9755 221018 230773 1
6891 89940 96831 1
46699 42015 88714 1
6009 70953 76962 1
6577 272502 279079 1
21368 171254 192622 1
22758 263126 285884 1
5484 15331 20815 1
3141 52515 55656 1
11912 95747 107659 10
239 271513 271752 1
5214 17815 23029 1
12436 25597 38033 10
1114 74957 76071 10
6346 124647 130993 10
109 122890 122999 1
5821 19565 25386 1
1914 17172 19086 100
1001 213996 214997 1
24487 197098 221585 1
3664 212466 216130 1
6141 23535 29676 100
404 95612 96016 1
978 180410 181388 100
4928 141986 146914 1
1109 265309 266418 1
11844 213452 225296 10
5103 203561 208664 10
15484 94892 110376 1
11548 256287 267835 100
17394 193950 211344 1
1447 94542 95989 1
2144 123075 125219 1
21847 115555 137402 100
992 104598 105590 1
1824 277896 279720 1
10526 130702 141228 10
37370 57694 95064 10
6002 21520 27522 1
3826 94327 98153 1
10422 5172 15594 1
5939 66986 72925 1
45279 111084 156363 10
31535 32050 63585 1
32606 245340 277946 10
574 34669 35243 1
4003 232926 236929 1
16987 205472 222459 1
5675 9397 15072 1
2806 238481 241287 100
732 214332 215064 1
33839 134241 168080 1
5220 32916 38136 10
85 12104 12189 1
2443 185889 188332 1
20797 134592 155389 1
3785 64459 68244 10
2454 193481 195935 10
590 205274 205864 10
27951 70241 98192 100
3070 231896 234966 1
2744 36791 39535 10
4446 251011 255457 1
14019 154869 168888 10
1757 211876 213633 1
11 166194 166205 1
4471 238694 243165 1
4267 641 4908 1
8875 12132 21007 100
2160 259796 261956 1
20274 0 20274 1
10866 234270 245136 1
6498 104941 111439 1
9949 95508 105457 1
2922 261239 264161 1
21308 34861 56169 1
115 178428 178543 1
4934 3491 8425 1
9245 101363 110608 10
43437 168089 211526 1
3633 71324 74957 1
3307 224870 228177 10
1453 240556 242009 1
41165 79625 120790 10
38933 69626 108559 1
10934 227803 238737 10
3031 268287 271318 1
442 122926 123368 10
2708 260164 262872 10
15980 234911 250891 1
6765 195073 201838 1
392 104467 104859 1
647 186710 187357 1
2868 270398 273266 1
34566 159384 193950 1
4523 104338 108861 10
2086 211175 213261 10
3249 248626 251875 10
5413 263190 268603 1
18005 113767 131772 1
1758 74966 76724 1
27631 36866 64497 10
20275 230736 251011 1
10751 117669 128420 1
4814 99747 104561 1
7050 266805 273855 1
13243 20274 33517 10
1230 154456 155686 1
1697 161526 163223 1
35808 156202 192010 10
18072 271361 289433 10
1076 240195 241271 1
251 265681 265932 100
3443 149535 152978 1
933 141363 142296 10
27612 131772 159384 1
9895 25628 35523 10
9418 88017 97435 1
14982 42051 57033 10
850 109418 110268 1
3956 3844 7800 1
5142 27862 33004 1
1061 134236 135297 1
1178 166198 167376 10
1102 151117 152219 1
7438 255457 262895 1
21634 179441 201075 1
4916 277429 282345 1
