100
1 2.1617687924777336 1.5171668866841443 1.7776629259446348
7675 906 8581 1
6887 21751 28638 1
247 38885 39132 1
302 48723 49025 1
10148 47684 57832 1
8732 64181 72913 10
917 26071 26988 1
9099 54372 63471 1
322 757 1079 1
2221 26988 29209 1
3131 39381 42512 1
1622 63722 65344 1
832 12188 13020 1
2043 41664 43707 1
1464 20203 21667 1
6606 60666 67272 1
4022 66148 70170 1
814 23562 24376 1
3908 9996 13904 1
262 37725 37987 1
8528 58249 66777 1
1637 0 1637 10
5684 12318 18002 1
3956 50875 54831 1
2284 42660 44944 1
103 42980 43083 1
14256 37898 52154 1
1085 63571 64656 1
9841 4644 14485 1
5332 39132 44464 1
4874 66777 71651 1
11840 17535 29375 1
7383 16050 23433 1
964 16557 17521 10
15686 23984 39670 1
734 15637 16371 1
14725 31240 45965 1
9299 23535 32834 1
99 23938 24037 1
5901 47556 53457 1
3527 2080 5607 1
11832 0 11832 1
9647 6762 16409 1
252 18001 18253 1
591 47294 47885 1
7145 58296 65441 10
6633 13274 19907 1
1370 64472 65842 10
5144 68260 73404 1
1729 9196 10925 10
9482 48863 58345 1
7272 28766 36038 1
8590 4684 13274 1
112 42609 42721 1
3698 0 3698 1
8096 44464 52560 1
1423 62315 63738 10
809 63115 63924 1
5437 18167 23604 1
1884 36483 38367 1
16034 53249 69283 1
9235 53101 62336 10
5298 12657 17955 1
3389 34249 37638 10
4271 46747 51018 10
4459 21026 25485 1
3887 34998 38885 1
6164 19907 26071 10
5281 68008 73289 1
12075 26290 38365 1
8031 43038 51069 1
1242 4064 5306 1
405 4457 4862 1
11339 60786 72125 1
190 34808 34998 100
4836 12832 17668 10
632 60370 61002 1
12755 35262 48017 1
5105 7799 12904 1
2873 38052 40925 10
3551 69093 72644 1
2551 70451 73002 1
5689 52560 58249 1
4073 32857 36930 1
996 71091 72087 1
6551 43717 50268 1
4684 0 4684 1
3481 14947 18428 1
5599 29209 34808 10
2252 65106 67358 1
2532 11164 13696 10
3553 4763 8316 1
1189 23012 24201 10
1111 11804 12915 1
965 42437 43402 1
1804 40829 42633 1
3006 16020 19026 1
203 35148 35351 1
1149 17003 18152 1
43 71631 71674 1
