500
1 2.1776393156834644 3.306650266404781 1.6012610487222414
36899 820593 857492 1
22107 2382453 2404560 1
10389 4847436 4857825 10
60292 3524724 3585016 10
28423 1462388 1490811 1
217874 4631678 4849552 1
129510 6442740 6572250 1
34225 1974980 2009205 10
23700 5404092 5427792 100
197858 3793224 3991082 1
181071 6890746 7071817 1
216005 2898811 3114816 1
12005 1586913 1598918 1
23058 6860482 6883540 10
10295 2991934 3002229 1
673936 141831 815767 1
8068 4652005 4660073 1
4732 4347746 4352478 10
199992 5693632 5893624 1
249198 6973896 7223094 10
100131 1136164 1236295 100
4775 6594110 6598885 10
111964 6560128 6672092 10
68363 4537859 4606222 1
61279 3528732 3590011 1
53872 6642359 6696231 1
41519 4604601 4646120 1
105672 4505902 4611574 1
21494 6186493 6207987 1
28579 3542957 3571536 1
192832 5839334 6032166 10
65 5410679 5410744 10
39007 1244517 1283524 10
24630 7012986 7037616 1
182690 1888472 2071162 1
139822 5797049 5936871 1
35036 6485226 6520262 1
8102 5220749 5228851 10
144461 6321624 6466085 1
109892 7077288 7187180 1
80993 652290 733283 10
389082 146948 536030 1
14919 1388783 1403702 1
530300 3104747 3635047 10
18450 3698296 3716746 1
1465 930281 931746 10
84506 2729573 2814079 1
67688 4862949 4930637 1
187173 1368131 1555304 1
97724 0 97724 1
144762 5109657 5254419 1
43012 3990133 4033145 1
124721 3996408 4121129 1
53454 5352340 5405794 1
361504 3274286 3635790 10
253721 3867265 4120986 10
88799 5417494 5506293 1
123462 777424 900886 10
55943 4322056 4377999 10
23671 1112493 1136164 1
61655 658109 719764 1
75570 982465 1058035 1
4491 6599913 6604404 10
215980 4641218 4857198 1
404 6593988 6594392 1
116043 6853959 6970002 1
239366 239344 478710 1
23398 3916788 3940186 1
172438 5642935 5815373 1
6776 831216 837992 1
59797 4151558 4211355 1
6824 4964317 4971141 1
97025 3557826 3654851 10
86738 7110521 7197259 1
26536 5514549 5541085 10
55104 2112236 2167340 1
90082 4775582 4865664 1
27152 6164873 6192025 1
151384 388830 540214 1
57604 1966617 2024221 1
353617 3706769 4060386 10
32055 2332899 2364954 1
45591 1999281 2044872 1
66136 5279658 5345794 10
59286 4757271 4816557 1
2591 5301177 5303768 10
111671 3383613 3495284 1
18693 1990697 2009390 1
23187 7052632 7075819 1
10207 1790348 1800555 10
413703 833265 1246968 1
188504 702870 891374 1
44014 3943995 3988009 10
131085 688259 819344 10
75764 959552 1035316 1
39063 4331247 4370310 100
3863 4961905 4965768 1
308487 33267 341754 1
62578 2238889 2301467 1
102194 3435923 3538117 1
172684 4382309 4554993 1
49500 3657843 3707343 1
61930 6379387 6441317 1
101561 4009884 4111445 10
4445 311211 315656 10
29918 2071162 2101080 10
120509 3196818 3317327 1
91582 2998003 3089585 1
165289 136120 301409 1
82367 1534435 1616802 10
121158 3124682 3245840 1
60242 6378326 6438568 1
53052 3161322 3214374 1
78393 2392605 2470998 1
59349 3849316 3908665 10
74890 1789576 1864466 100
336871 1063832 1400703 1
49343 6178863 6228206 1
40620 3112397 3153017 1
345631 4147673 4493304 1
27633 6595554 6623187 10
470806 5410719 5881525 100
12825 4655710 4668535 1
5047 2842824 2847871 1
27421 126560 153981 1
48116 6998435 7046551 1
11996 6477318 6489314 1
31422 6871071 6902493 1
36456 5695084 5731540 1
196443 6246266 6442709 100
206929 4425425 4632354 1
115422 5320960 5436382 1
25834 3841504 3867338 1
70866 4518572 4589438 1
370056 1060912 1430968 10
211704 4434532 4646236 1
7726 732228 739954 1
541 1917942 1918483 1
41886 5266010 5307896 1
112166 6745695 6857861 1
60281 6794018 6854299 1
56236 1795453 1851689 1
20200 2155516 2175716 10
57048 2474431 2531479 1
12138 4270045 4282183 10
104845 6411841 6516686 1
79216 4733315 4812531 1
97743 4661599 4759342 1
210955 6305674 6516629 1
104306 6810908 6915214 10
536207 2549762 3085969 1
133896 2951441 3085337 10
37426 276914 314340 1
14495 641217 655712 10
47579 3538005 3585584 1
40627 914598 955225 1
197753 6889053 7086806 1
30269 4533798 4564067 1
126042 6802602 6928644 1
59492 4056523 4116015 1
13627 5880927 5894554 1
11750 4203797 4215547 1
547680 5051713 5599393 1
173315 6011672 6184987 1
4986 4859564 4864550 10
64540 4706484 4771024 10
13759 4923070 4936829 100
37783 4565342 4603125 10
94402 5844714 5939116 1
242103 6520262 6762365 1
40263 6724316 6764579 1
54169 3965258 4019427 10
177251 3220682 3397933 1
118285 4738227 4856512 10
135683 6642429 6778112 1
173247 970515 1143762 1
125157 5301960 5427117 1
147402 6201688 6349090 10
54213 5285219 5339432 1
112759 2066213 2178972 10
214000 1667659 1881659 10
18544 5994195 6012739 1
150799 3697974 3848773 1
29988 735776 765764 1
22915 3848773 3871688 10
209811 1470984 1680795 1
20336 6002333 6022669 10
16586 6772734 6789320 1
75543 5533864 5609407 10
384567 4736122 5120689 10
23059 340497 363556 1
60706 749547 810253 1
87958 2277969 2365927 1
42670 6784260 6826930 1
101769 2597105 2698874 10
58402 705409 763811 10
38592 3680574 3719166 1
223391 2756755 2980146 10
13438 4645834 4659272 1
126687 5785470 5912157 10
136908 5470994 5607902 1
89965 3451971 3541936 1
36164 1462922 1499086 1
157571 4083842 4241413 1
79126 6658651 6737777 10
130049 5904049 6034098 1
98931 6645371 6744302 10
21205 4726902 4748107 10
416744 3979136 4395880 1
160817 3869154 4029971 10
59332 1504813 1564145 1
172583 4211135 4383718 1
529315 2499690 3029005 1
42637 6704736 6747373 1
190768 6091260 6282028 1
156568 6762365 6918933 1
303389 1283524 1586913 1
21157 5897651 5918808 10
46932 6199917 6246849 10
8222 1236295 1244517 10
66889 4562828 4629717 1
204245 1836345 2040590 1
163834 1963898 2127732 1
173467 5427664 5601131 10
148078 5959611 6107689 10
291700 347471 639171 10
27126 5228851 5255977 1
11931 564241 576172 1
198684 6396545 6595229 1
216656 1984038 2200694 1
6294 6742805 6749099 1
335506 5070131 5405637 1
488021 1479529 1967550 1
49170 3567719 3616889 1
392784 5903669 6296453 1
160321 727902 888223 1
181 6028495 6028676 1
62043 2181075 2243118 10
62309 4904226 4966535 1
143691 5599480 5743171 10
64315 2161625 2225940 10
163739 2136632 2300371 1
411594 1793435 2205029 1
3360 6256529 6259889 1
161060 1917909 2078969 1
34525 3663449 3697974 1
192045 2491684 2683729 1
91300 3598426 3689726 100
15017 3181801 3196818 1
82868 5176133 5259001 1
29281 6369471 6398752 1
371353 3178749 3550102 1
108691 3808633 3917324 1
195380 2844594 3039974 1
168032 5943378 6111410 1
356281 1559344 1915625 1
52288 1352318 1404606 1
37364 3440671 3478035 10
556253 3957306 4513559 1
138860 2381503 2520363 100
123730 6083279 6207009 10
77509 2101080 2178589 10
166062 4328612 4494674 1
21196 3160605 3181801 1
11673 2428604 2440277 10
185323 4995668 5180991 1
12053 85121 97174 1
330227 2221469 2551696 100
244368 685913 930281 1
57824 6682580 6740404 1
6813 1881659 1888472 1
254300 5522574 5776874 10
28621 2767301 2795922 1
287992 5285244 5573236 1
68803 4883419 4952222 1
1275 5405794 5407069 1
12808 4767742 4780550 1
120777 3602381 3723158 1
119070 2178589 2297659 1
48911 939970 988881 1
25138 3131920 3157058 100
10105 2218413 2228518 1
61210 2824313 2885523 10
342347 4395880 4738227 1
87336 2727195 2814531 10
123468 6707154 6830622 1
58364 2711922 2770286 1
312324 920409 1232733 1
78051 0 78051 1
11850 2470848 2482698 1
190234 4273716 4463950 1
112851 5214187 5327038 1
164426 4349919 4514345 10
209261 6876048 7085309 1
224133 5704741 5928874 1
136717 2168710 2305427 1
136850 3349279 3486129 1
153225 3317327 3470552 1
147973 1300581 1448554 1
15003 2150979 2165982 1
39139 5568554 5607693 10
113165 6107689 6220854 10
11424 6885500 6896924 10
59010 4252199 4311209 1
12573 1821277 1833850 10
148352 5887185 6035537 1
203981 4228385 4432366 1
181519 2643839 2825358 1
281375 3551600 3832975 1
207497 0 207497 1
258556 2049559 2308115 1
12279 29554 41833 1
151884 3066464 3218348 100
29419 656494 685913 1
45883 2367627 2413510 10
139913 48743 188656 1
69283 6510199 6579482 10
428040 2297659 2725699 1
34238 3714229 3748467 1
53792 6777750 6831542 1
43736 3724583 3768319 1
105141 2433964 2539105 1
37048 4630014 4667062 10
212758 6502212 6714970 1
131376 4590283 4721659 10
38042 676754 714796 1
123667 1918190 2041857 1
181302 776386 957688 1
33836 4156201 4190037 1
40907 4850577 4891484 1
275594 5706109 5981703 1
29899 1291539 1321438 1
37338 2365307 2402645 1
153468 0 153468 10
139626 4805210 4944836 100
68741 1598918 1667659 10
48462 3943003 3991465 1
35675 6220854 6256529 1
62320 7136753 7199073 10
233234 5586528 5819762 1
94875 5999803 6094678 1
23104 1345331 1368435 100
76804 2127752 2204556 1
114747 6130171 6244918 1
129783 4343060 4472843 10
77001 3417384 3494385 1
88092 6601976 6690068 1
95814 6531152 6626966 100
67347 4706535 4773882 10
118779 2331706 2450485 1
103714 207497 311211 1
174636 315656 490292 10
309818 2725699 3035517 1
195688 2830251 3025939 100
163933 6948858 7112791 10
250843 483371 734214 10
156570 2423498 2580068 1
91473 1398100 1489573 1
5241 1703635 1708876 1
197800 3006645 3204445 1
29068 4520450 4549518 1
147954 6229226 6377180 10
145627 5257136 5402763 10
5295 4146072 4151367 1
1337 2498855 2500192 1
43324 900514 943838 10
28194 3470552 3498746 1
191198 2780444 2971642 1
220623 3655443 3876066 1
195666 5763945 5959611 1
117107 834119 951226 1
204881 4856512 5061393 10
157928 2903681 3061609 1
113326 5433588 5546914 10
34645 6173084 6207729 1
21711 1455822 1477533 1
28241 5393042 5421283 10
7241 1078709 1085950 1
150603 3479178 3629781 1
213705 4547698 4761403 1
236666 6918933 7155599 1
38350 2995048 3033398 1
782 655712 656494 1
144849 6728929 6873778 1
73438 3590011 3663449 1
236356 2256769 2493125 1
152802 6201522 6354324 10
29986 3498746 3528732 10
131582 5217343 5348925 1
24289 4498556 4522845 1
18085 2588801 2606886 1
19317 4939190 4958507 1
256383 3636694 3893077 10
17056 4951253 4968309 1
61420 2199838 2261258 10
52122 4074297 4126419 1
17882 1218528 1236410 1
29242 5255977 5285219 1
90578 550639 641217 1
17579 3527027 3544606 1
102790 1424736 1527526 10
31326 6120697 6152023 10
162612 4968579 5131191 1
106464 7020435 7126899 1
200041 3040059 3240100 1
58342 7059644 7117986 1
66563 2868245 2934808 100
257100 6484810 6741910 1
67930 4125529 4193459 1
119498 6259889 6379387 10
81183 5843647 5924830 10
50489 1473283 1523772 1
125088 3035517 3160605 1
19640 640024 659664 1
1839 4630530 4632369 1
428857 4912720 5341577 100
232193 1541867 1774060 1
305186 1172824 1478010 10
76838 3143464 3220302 1
134222 4775741 4909963 100
127785 5339811 5467596 1
489268 1083231 1572499 1
104094 3931400 4035494 1
13631 3216560 3230191 1
180970 6028550 6209520 1
26519 5407069 5433588 1
298457 567849 866306 1
372482 6271691 6644173 1
129599 3177366 3306965 100
233683 2352918 2586601 1
31894 70474 102368 10
39994 134853 174847 1
190413 3412122 3602535 10
200386 2020217 2220603 1
7888 4802824 4810712 1
113628 843636 957264 1
232037 2482246 2714283 1
502397 470530 972927 1
161140 1843944 2005084 1
177130 6456631 6633761 10
213079 4931228 5144307 10
243851 2952460 3196311 1
215659 1363889 1579548 10
242606 1226739 1469345 10
113832 5480124 5593956 1
180747 931746 1112493 1
36789 1827050 1863839 1
159356 5061393 5220749 1
84771 5378455 5463226 1
34289 2321337 2355626 1
123356 4171739 4295095 1
425082 435687 860769 100
146486 7088331 7234817 10
127134 6603911 6731045 1
60092 6148966 6209058 10
105934 1667091 1773025 10
217031 5546914 5763945 1
5375 2755129 2760504 1
44688 4576768 4621456 1
59938 6183562 6243500 10
27705 5458272 5485977 1
107448 3871688 3979136 1
27477 887896 915373 1
138113 4432319 4570432 1
194705 1706041 1900746 1
95435 6700068 6795503 1
71593 4106848 4178441 1
9086 701237 710323 1
11757 6797203 6808960 10
12908 5339432 5352340 1
67875 2137541 2205416 1
172823 288232 461055 1
804 2844350 2845154 1
40670 264614 305284 100
43687 3499744 3543431 10
28914 1455226 1484140 10
15529 4318914 4334443 10
102400 5955310 6057710 1
13218 4927231 4940449 10
56056 1338147 1394203 1
22513 4558533 4581046 1
43909 6441317 6485226 1
55044 2231492 2286536 1
3885 958377 962262 10
183826 1005319 1189145 1
126876 3499563 3626439 1
137924 6812248 6950172 1
164454 1686873 1851327 10
122516 4862677 4985193 1
23851 4188902 4212753 1
54244 5411259 5465503 1
60347 490292 550639 1
111442 90656 202098 10
234187 3737810 3971997 100
238373 7006733 7245106 1
25114 5789454 5814568 1
1260 4775200 4776460 10
301633 1699128 2000761 10
87361 1265119 1352480 1
41851 451311 493162 1
