250
1 2.0834131149105124 1.9581073483332794 1.1921214329931606
25268 104885 130153 10
6613 230333 236946 1
2225 374279 376504 1
27764 445101 472865 1
3308 360086 363394 1
1236 401081 402317 1
36064 353399 389463 1
37596 316282 353878 1
776 139399 140175 1
9986 301571 311557 1
21308 114611 135919 10
4403 362894 367297 10
17629 164382 182011 1
5167 12549 17716 10
11709 285745 297454 1
6599 461981 468580 1
16 126081 126097 1
12217 468580 480797 1
21633 465070 486703 1
12129 424096 436225 10
4630 379833 384463 10
16489 426130 442619 10
5848 6701 12549 1
40 362861 362901 1
13079 337229 350308 1
11127 213155 224282 1
13687 222371 236058 1
9816 271836 281652 1
4073 283665 287738 1
8172 475677 483849 10
5923 372960 378883 1
13648 429153 442801 1
22386 80553 102939 1
23708 429918 453626 1
21816 148904 170720 1
296 0 296 1
1923 71092 73015 100
61563 339299 400862 1
13894 184166 198060 1
41047 35347 76394 10
1724 43239 44963 10
132 308008 308140 10
52059 438468 490527 10
5665 472784 478449 1
29819 475453 505272 100
26439 138937 165376 1
925 180422 181347 100
22033 132341 154374 10
31404 382054 413458 1
2147 185322 187469 1
10114 369719 379833 100
12331 415787 428118 1
5186 371790 376976 10
21353 236526 257879 1
2237 371817 374054 1
29565 307664 337229 10
683 402317 403000 1
2504 313701 316205 1
1922 70169 72091 1
1400 111326 112726 10
2409 299485 301894 1
7132 409804 416936 1
6427 484982 491409 1
5443 111998 117441 1000
8897 72015 80912 1
1180 297577 298757 10
13506 275473 288979 10
4911 381108 386019 1
13003 101989 114992 10
15082 228554 243636 1
2550 314980 317530 1
17668 278139 295807 1
14372 48719 63091 1
8477 39170 47647 1
18314 259825 278139 1
5951 26225 32176 1
4896 320265 325161 1
20889 82338 103227 10
4653 44066 48719 1
16373 353346 369719 10
1893 257131 259024 1
6854 225264 232118 10
35789 280399 316188 1
7948 76285 84233 10
29999 75512 105511 10
10788 428187 438975 1
15842 275574 291416 1
11016 308075 319091 1
14263 75054 89317 1
18375 22367 40742 1
39682 100247 139929 1
26322 160045 186367 10
2673 6634 9307 1
3038 350308 353346 1
20248 154664 174912 10
15020 399403 414423 100
12102 23245 35347 1
9875 457583 467458 10
2399 441298 443697 10
16502 407073 423575 10
1227 10101 11328 10
1264 489766 491030 1
13974 375347 389321 1
4533 151627 156160 10
1192 178291 179483 1
21019 29081 50100 1
2600 182918 185518 10
11646 383616 395262 1
9775 442968 452743 1
4735 366588 371323 1
12041 133157 145198 1
9052 403000 412052 1
5339 97521 102860 10
4592 436123 440715 1
20675 447660 468335 1
17706 60787 78493 1
2484 47526 50010 10
13831 187032 200863 10
7141 55617 62758 10
14696 91919 106615 1
22487 257473 279960 10
5722 462323 468045 1
4159 76394 80553 1
3528 370097 373625 1
8144 126095 134239 10
3675 199096 202771 1
9439 236500 245939 1
4236 220208 224444 1
32366 10690 43056 10
19266 389563 408829 1
2796 298143 300939 10
1459 468390 469849 10
5988 322615 328603 1
7402 263045 270447 1
25134 325489 350623 10
4414 196842 201256 1
33545 241030 274575 1
10032 375984 386016 10
8466 200973 209439 1
17428 398975 416403 1
1223 148279 149502 10
24774 259945 284719 10
4214 392607 396821 10
2845 180894 183739 1
21552 236946 258498 1
4666 407340 412006 1
13553 448428 461981 1
9265 300870 310135 1
6283 98973 105256 10
4325 426944 431269 1
17332 124838 142170 10
4712 305601 310313 1
1049 287856 288905 1
6489 59044 65533 10
4260 396821 401081 1
4863 222548 227411 1
3848 397128 400976 1
18320 469614 487934 10
28445 205297 233742 10
2412 62159 64571 1
64501 132926 197427 100
14674 121615 136289 1
3638 337553 341191 1
12780 399084 411864 100
14277 63317 77594 1
1081 442449 443530 1
31361 37781 69142 10
17907 291725 309632 10
6701 0 6701 1
63566 141792 205358 1
3110 136289 139399 1
5893 94511 100404 1
7341 253724 261065 10
789 280020 280809 10
207 153803 154010 1
797 224882 225679 1
490 219957 220447 1
2556 46300 48856 1
2681 487691 490372 100
1617 140175 141792 10
77400 295160 372560 1
46503 190834 237337 1
920 368848 369768 10
26942 198634 225576 1
23161 120513 143674 1
8448 178863 187311 1
12315 415872 428187 1
5529 17716 23245 1
18821 343788 362609 1
738 7917 8655 1
11030 296634 307664 100
24975 205358 230333 1
11348 172844 184192 10
32148 7170 39318 10
1327 258498 259825 1
9176 143593 152769 1
3968 258040 262008 1
11291 415501 426792 1
1701 93642 95343 1
2677 90634 93311 10
11116 421267 432383 1
6451 108230 114681 1
5018 100676 105694 1
3788 220730 224518 100
30245 409579 439824 1
16263 335482 351745 1
1181 80100 81281 10
827 295807 296634 1
6894 480797 487691 1
35328 221234 256562 10
7413 269254 276667 1
12807 11624 24431 1
4654 218496 223150 1
7525 438975 446500 1
18676 102939 121615 1
13822 0 13822 10
262 219823 220085 1
13619 64087 77706 1
7658 288736 296394 1
14516 250869 265385 1
13857 0 13857 1
13577 173488 187065 10
14031 229361 243392 10
20603 479851 500454 100
1246 93006 94252 100
6126 439962 446088 1
7236 276547 283783 10
10231 69829 80060 1
8144 384463 392607 10
1256 286802 288058 1
15136 465054 480190 10
12321 247431 259752 10
1928 446500 448428 1
12958 268957 281915 10
1681 369290 370971 10
3811 8272 12083 1
28962 306364 335326 1
13744 151 13895 1
10326 390422 400748 1
1935 300642 302577 1
23678 370560 394238 1
20410 186419 206829 10
2412 89477 91889 10
1472 235793 237265 100
1586 153902 155488 1000
5826 182347 188173 10
18354 80667 99021 1
30481 45220 75701 10
3820 412052 415872 10
42358 23588 65946 1
