300
1 1.864196456435567 1.6378035791841692 2.3941499769684693
9857 3004174 3014031 10
25389 1285494 1310883 1
47389 2157660 2205049 1
195247 734047 929294 1
22326 1912668 1934994 1
89227 2538716 2627943 1
7725 2004479 2012204 10
156739 2474708 2631447 1
84829 2493211 2578040 10
5407 2064651 2070058 10
18164 1705643 1723807 1
122343 2693314 2815657 1
6252 2369441 2375693 1
57942 1438395 1496337 1
51590 3023829 3075419 10
12184 1679256 1691440 1
53322 2971171 3024493 1
24757 937236 961993 100
111752 1388129 1499881 10
9267 1194795 1204062 1
39548 2130278 2169826 1
63969 1366269 1430238 100
16887 1834986 1851873 1
13790 1293774 1307564 1
9889 22173 32062 10
98327 1050358 1148685 1
97175 1713229 1810404 1
32389 2440976 2473365 1
27880 1426273 1454153 1
102990 590635 693625 1
42405 1214127 1256532 1
6072 2672719 2678791 10
6238 545717 551955 1
51523 1255504 1307027 10
188962 1299534 1488496 1
21221 569414 590635 1
204620 2674533 2879153 1
88493 2017312 2105805 1
67873 1346687 1414560 10
129697 1119026 1248723 1
4867 1033618 1038485 10
82799 952352 1035151 1
155248 1753884 1909132 10
58609 377840 436449 1
110988 0 110988 1
6485 428997 435482 1
168861 2070306 2239167 10
12073 1932401 1944474 1
19579 725869 745448 10
63938 2007918 2071856 10
92926 2443364 2536290 1
105454 2790377 2895831 1
160101 447963 608064 10
85770 32913 118683 10
2331 2558819 2561150 1
48219 1659115 1707334 1
103836 2304739 2408575 1
96506 1314500 1411006 1
30655 214657 245312 1
51927 2108589 2160516 1
65556 1411014 1476570 1
59289 625634 684923 1
125273 1123282 1248555 1
197367 360689 558056 1
29282 1730801 1760083 1
3727 26304 30031 1
117917 1149498 1267415 1
165015 2372052 2537067 10
150323 747524 897847 10
65559 2443971 2509530 1
92293 110988 203281 1
15901 1587795 1603696 1
73473 2601426 2674899 1
65161 2400194 2465355 1
53086 0 53086 1
33357 1099256 1132613 1
19895 2951276 2971171 1
44422 68738 113160 10
1544 2185172 2186716 100
85580 431706 517286 1
101047 2805114 2906161 1
20539 2781798 2802337 1
230601 2462500 2693101 10
16300 2455692 2471992 1
42538 1007645 1050183 1
1082 2157080 2158162 1
273925 1647609 1921534 1
74477 2509530 2584007 1
190108 1848674 2038782 1
17934 1720970 1738904 1
3323 1464711 1468034 1
35216 2181627 2216843 1
170597 2697972 2868569 1
77936 1378461 1456397 1
7357 2640839 2648196 1
18762 1687511 1706273 1
50798 1911184 1961982 1
52240 1698905 1751145 1
55671 1851557 1907228 1
82012 2839150 2921162 1
9469 1884551 1894020 1
104828 1634899 1739727 10
56838 549526 606364 10
89989 1761799 1851788 1
158436 584229 742665 1
218287 901301 1119588 1
1500 2067952 2069452 1
20874 2103844 2124718 10
6641 1458070 1464711 1
44834 2023883 2068717 1
8434 1799386 1807820 10
4751 705324 710075 1
36959 1802909 1839868 100
15785 2935491 2951276 1
6857 2348110 2354967 1
374031 1480209 1854240 1
42389 785268 827657 100
18079 1267415 1285494 1
96850 1964749 2061599 1
27403 2265412 2292815 1
9341 1560412 1569753 10
172061 2064782 2236843 1
45133 2419153 2464286 1
35492 536130 571622 10
67619 499857 567476 1
66751 2276858 2343609 1
44212 2350974 2395186 1
31169 1924644 1955813 1
433956 495653 929609 10
176435 1564313 1740748 1
3865 1019168 1023033 1
59712 2843321 2903033 1
119761 1468034 1587795 1
29273 2356060 2385333 1
21433 954949 976382 1
11765 2011001 2022766 1
19108 1753818 1772926 1
16262 413625 429887 1
13875 87292 101167 1
50199 2196337 2246536 10
54890 345719 400609 1
34966 2378844 2413810 1
95005 2039176 2134181 10
13788 2183081 2196869 1
115377 245312 360689 10
12754 2068868 2081622 1
30777 851256 882033 1
21935 2051258 2073193 100
391505 2834424 3225929 10
19454 1552286 1571740 1
122763 555168 677931 1
55052 2441094 2496146 100
11376 203281 214657 10
74795 1680848 1755643 1
106371 811149 917520 10
1740 1462597 1464337 1
12096 27860 39956 1
1440 1018395 1019835 10
2843 2454505 2457348 1
79082 1202410 1281492 1
46009 2793141 2839150 1
84147 2952796 3036943 10
16792 367587 384379 10
240145 0 240145 1
1826 2439979 2441805 10
220395 2202163 2422558 10
40833 3010192 3051025 10
89420 2301814 2391234 1
32268 2644785 2677053 10
60236 840951 901187 1
51624 1244831 1296455 1
89268 657438 746706 1
78253 1272524 1350777 1
206953 0 206953 1
116349 365660 482009 1
115429 1034069 1149498 1
44531 2076655 2121186 10
244293 133026 377319 10
14005 1844044 1858049 1
22436 889266 911702 10
731 2354022 2354753 1
117660 1941364 2059024 10
102174 834457 936631 1
181520 879131 1060651 10
46283 2078858 2125141 10
72615 2559792 2632407 1
170825 680966 851791 1
29180 1464556 1493736 10
4433 2008623 2013056 100
2109 2217304 2219413 1
52906 1730590 1783496 10
45544 2398427 2443971 1
96215 1412944 1509159 10
46100 1098553 1144653 1
115390 1310883 1426273 1
66418 1058703 1125121 10
78915 1056221 1135136 1
15766 1638008 1653774 10
88200 2584007 2672207 10
77436 2146797 2224233 1
212990 1463324 1676314 100
3366 676910 680276 1
40101 1277025 1317126 1
14329 2921162 2935491 100
88257 963902 1052159 1
22133 2675977 2698110 10
5836 1881420 1887256 1
27677 2586579 2614256 10
19807 2662094 2681901 1
108862 680399 789261 10
232454 375163 607617 1
18870 2687849 2706719 1
56362 1984377 2040739 1
52371 1028483 1080854 100
201510 2193719 2395229 1
151416 126360 277776 100
11638 2789484 2801122 10
43913 1603696 1647609 1
8754 1025315 1034069 10
239502 1200453 1439955 1
14542 2116590 2131132 1
8523 1748680 1757203 1
36218 1036590 1072808 1
57715 1799146 1856861 1
28319 2336731 2365050 1
66076 1091427 1157503 1
7760 1002907 1010667 10
159260 2239167 2398427 1
292564 235063 527627 1
9098 1830105 1839203 1
24017 1245473 1269490 10
18242 1456361 1474603 1
4987 678316 683303 1
20883 3024493 3045376 1
17182 2258236 2275418 1
23043 1400583 1423626 1
29854 2245766 2275620 10
201295 2570408 2771703 100
67520 467451 534971 1
26285 2186114 2212399 1
243667 218811 462478 1
8599 621021 629620 1
274168 1467500 1741668 1
112365 1937444 2049809 100
69049 707872 776921 1
7580 1684345 1691925 1
88725 2795727 2884452 10
95619 93087 188706 10
61028 2590123 2651151 10
5953 2179141 2185094 10
14510 864111 878621 1
27167 331146 358313 10
21451 870171 891622 1
87860 1982446 2070306 1
4870 744912 749782 1
20104 357263 377367 1
34769 1644593 1679362 1
222267 1818346 2040613 10
10898 2034624 2045522 10
37868 2765981 2803849 10
56973 1119623 1176596 10
61959 2997949 3059908 1
124128 901187 1025315 1
4028 1910507 1914535 1
377176 128820 505996 100
16791 3035124 3051915 10
100135 876097 976232 10
141062 2615613 2756675 10
66144 1154409 1220553 1
48502 2155558 2204060 10
39977 423554 463531 1
39924 2354468 2394392 1
107554 733397 840951 1
316959 2875352 3192311 1
60912 1921534 1982446 1
49280 2125469 2174749 10
11358 558056 569414 1
11705 2349781 2361486 10
88345 2371763 2460108 1
66361 1000765 1067126 1
24648 1695347 1719995 10
97987 1173199 1271186 1
32643 1231838 1264481 1
6045 2190477 2196522 1
38918 1889630 1928548 1
24897 2098190 2123087 1
34535 698862 733397 10
22237 1190481 1212718 1
11737 828161 839898 10
120934 2672207 2793141 1
65209 1021241 1086450 1
14322 2759999 2774321 1
85369 815598 900967 1
3917 1454153 1458070 1
35289 414257 449546 1
140827 2866811 3007638 1
74895 1758970 1833865 1
66034 2218185 2284219 1
60764 2768013 2828777 1
5237 693625 698862 1
