150
1 2.684442176021041 1.717569990587002 1.3910466152262222
350 9233 9583 1
4132 20757 24889 1
2450 2601 5051 1
1007 15059 16066 1
5080 14268 19348 1
44 9217 9261 1
783 4350 5133 10
203 11874 12077 1
1486 22968 24454 1
442 539 981 1
2526 23162 25688 1
1262 1230 2492 1
570 22559 23129 1
302 2292 2594 10
44 14380 14424 10
593 1701 2294 1
481 2307 2788 10
1744 12086 13830 1
184 2513 2697 1
449 11449 11898 10
11 10187 10198 1
1034 1921 2955 10
2371 2645 5016 10
465 7609 8074 10
2176 13457 15633 1
196 7782 7978 1
2812 18796 21608 1
1611 18275 19886 1
480 14411 14891 1
2759 16160 18919 1
953 0 953 100
1088 12544 13632 1
762 6712 7474 1
380 17327 17707 1
81 8545 8626 1
1025 4832 5857 1
1489 6484 7973 1
122 4913 5035 1
1772 16904 18676 1
897 10254 11151 1
555 20434 20989 1
1141 9434 10575 10
97 22489 22586 1
2068 17516 19584 10
2680 11935 14615 1
2471 8296 10767 1
904 16017 16921 10
1060 16066 17126 1
690 17549 18239 1
1083 1735 2818 1
569 4027 4596 10
1792 14838 16630 10
1848 5499 7347 1
2229 21805 24034 1
538 11062 11600 10
122 11535 11657 10
1433 23200 24633 1
51 24614 24665 1
1280 21920 23200 1
1822 0 1822 1
1396 7156 8552 1
1389 3414 4803 1
2115 1061 3176 1
4970 5054 10024 1
39 12949 12988 1
238 5410 5648 10
442 21660 22102 1
715 24120 24835 1
289 22281 22570 1
522 17322 17844 1
707 12964 13671 1
235 17191 17426 10
457 5240 5697 1
596 18583 19179 10
75 5001 5076 10
600 19053 19653 1
613 8068 8681 10
1112 16543 17655 10
113 11765 11878 100
989 7969 8958 10
1 8296 8297 1
1126 19277 20403 10
2369 23271 25640 100
308 8696 9004 1
211 11783 11994 1
4264 12355 16619 1
679 3162 3841 100
4952 953 5905 1
721 13862 14583 1
1283 22793 24076 1
5584 9513 15097 1
571 7855 8426 1
1589 4240 5829 1
228 2468 2696 1
673 13830 14503 1
1453 17950 19403 1
233 15881 16114 10
642 8627 9269 1
136 18178 18314 1
233 1567 1800 100
742 12245 12987 10
116 24037 24153 100
434 4358 4792 100
698 279 977 1
754 11593 12347 10
122 9089 9211 10
595 18779 19374 1
1123 17126 18249 1
530 18249 18779 1
556 14503 15059 1
227 10899 11126 1
1183 9004 10187 1
609 24154 24763 10
2032 106 2138 1
359 17188 17547 1
315 12128 12443 10
425 22635 23060 100
524 2486 3010 1
1377 20670 22047 1
2546 19374 21920 10
1407 704 2111 10
71 5214 5285 1
795 6188 6983 1
148 0 148 1
627 24380 25007 1
1290 2681 3971 1
3609 4611 8220 1
2987 14757 17744 1
478 11950 12428 1
5660 19696 25356 1
358 9177 9535 1
7 1228 1235 1
1888 10198 12086 1
422 21978 22400 1
346 13328 13674 1
667 18805 19472 1
749 0 749 10
272 11607 11879 1
16 11772 11788 1
795 18286 19081 1
1720 19434 21154 100
808 11885 12693 10
93 11831 11924 1
827 3932 4759 10
5056 8592 13648 1
1531 7038 8569 1
2791 5905 8696 1
402 9364 9766 10
59 12522 12581 1
272 13227 13499 1
