400
1 1.1882129045714147 2.1902630300273875 1.8971244333598152
270121 4122085 4392206 1
16576 4685370 4701946 1
15005 954635 969640 1
166558 4926447 5093005 10
1939 2032343 2034282 1
115406 4727086 4842492 1
123108 2930096 3053204 1
10880 3558628 3569508 1
41415 1671770 1713185 1
207237 2363437 2570674 100
219629 3243110 3462739 1
3016 5753162 5756178 1
53086 3215128 3268214 1
8383 5788442 5796825 1
147681 3463599 3611280 1
66613 857091 923704 1
114937 244132 359069 1
45385 2950759 2996144 1
152156 3710381 3862537 1
208638 4124838 4333476 1
29618 3979538 4009156 1
66365 4842492 4908857 1
186320 5118005 5304325 1
106883 481320 588203 1
15440 4561190 4576630 1
280839 2363653 2644492 1
88755 4569230 4657985 10
207702 5480834 5688536 1
29150 3564363 3593513 1
117969 4724766 4842735 1
13437 2918277 2931714 10
42458 3604456 3646914 10
35849 4264470 4300319 1
27029 3286996 3314025 1
176651 962544 1139195 1
191636 1609889 1801525 1
25352 1277675 1303027 1
63503 1280114 1343617 10
21333 650108 671441 10
186228 5416651 5602879 10
48503 1997220 2045723 1
87231 3169520 3256751 1
230194 2133459 2363653 10
59815 1152979 1212794 100
337424 4358706 4696130 1
185937 2083355 2269292 1
129618 0 129618 10
145250 759387 904637 1
381914 3309744 3691658 10
56252 942893 999145 1
33495 99436 132931 100
160566 4356217 4516783 1
42952 2999686 3042638 1
96393 2229473 2325866 1
669802 413612 1083414 1
61279 3956368 4017647 10
304396 2750566 3054962 1
42825 5380610 5423435 1
695044 3239700 3934744 1
81209 409939 491148 10
50410 1489686 1540096 1
140600 4788037 4928637 1
89711 5754539 5844250 1
86958 130509 217467 1
26969 5703500 5730469 1
9047 4029717 4038764 1
12448 2924412 2936860 1
165978 219223 385201 1
121451 4058067 4179518 1
11173 1986047 1997220 1
59911 4845175 4905086 1
417 592532 592949 10
26506 3952014 3978520 10
195255 4057918 4253173 1
14390 1128073 1142463 1
113298 2112650 2225948 10
7707 3148804 3156511 1
31436 1736039 1767475 10
62975 5304325 5367300 1
34290 2181088 2215378 1
5501 11022 16523 1
112530 243047 355577 100
33062 5288067 5321129 1
81515 2775531 2857046 1
159707 5031650 5191357 1
105491 1752609 1858100 1
41937 5453454 5495391 1
158192 1204139 1362331 10
54251 4793385 4847636 1
17222 968575 985797 1
44469 2458054 2502523 1
4864 57851 62715 1
34776 4323930 4358706 1
168907 3902421 4071328 1
207915 1973760 2181675 1
52402 3974321 4026723 10
150674 2614212 2764886 10
31070 540414 571484 1
56995 2396767 2453762 1
347012 2498282 2845294 10
70170 77722 147892 1
72539 2885159 2957698 1
29447 1666443 1695890 1
130111 5575664 5705775 1
132974 2275913 2408887 10
26319 611817 638136 1
6751 5782761 5789512 10
123609 1581253 1704862 1
6748 1739540 1746288 1
1575 1821558 1823133 1
200332 1343617 1543949 1
202658 2683004 2885662 100
334308 1770112 2104420 1
34417 2836216 2870633 1
134993 3722291 3857284 100
87598 1927586 2015184 100
25284 5635068 5660352 10
105746 4076558 4182304 1
81497 568859 650356 1
27308 5167905 5195213 10
98115 5345842 5443957 10
28890 29542 58432 10
192854 835950 1028804 1
790 4787372 4788162 10
81375 3913474 3994849 1
95976 2071613 2167589 1
48795 5240142 5288937 1
45270 4962258 5007528 1
57159 592949 650108 10
11579 977317 988896 1
39438 380421 419859 1
72700 192216 264916 1
122984 976438 1099422 1
149545 3993061 4142606 1
23070 2812748 2835818 1
14631 4593880 4608511 1
28384 987973 1016357 10
147864 625690 773554 1
7949 1205477 1213426 10
105600 2309419 2415019 1
843 1742621 1743464 1
24461 4037331 4061792 1
48214 3631162 3679376 10
36556 5367300 5403856 1
1673 4559782 4561455 1
147571 4445026 4592597 10
36498 3938615 3975113 10
132091 149355 281446 1
180717 1394428 1575145 10
215630 2932754 3148384 1
279094 4441805 4720899 1
7917 4440853 4448770 1
30902 1905487 1936389 1
125188 294150 419338 1
359186 3358879 3718065 1
159713 1310241 1469954 1
32424 2733475 2765899 1
27410 170212 197622 1
3056 26486 29542 100
45655 218982 264637 1
123304 1516258 1639562 10
177124 3628927 3806051 1
190627 2790327 2980954 1
159152 323641 482793 1
151059 4882633 5033692 10
99250 2181365 2280615 1
67920 4705537 4773457 1
137583 5390638 5528221 1
15504 3597378 3612882 1
229774 2986303 3216077 1
74884 4986120 5061004 1
101801 1299011 1400812 1
135299 3644224 3779523 1
97803 4542327 4640130 1
183574 3132500 3316074 1
7405 1999297 2006702 1
289004 1497265 1786269 1
7561 5736766 5744327 1
225873 3975113 4200986 1
44692 2045723 2090415 1
253151 4283346 4536497 1
33466 5236893 5270359 1
39623 5568004 5607627 1
45772 3604800 3650572 1
30809 1911346 1942155 10
782 1821146 1821928 1
23331 747089 770420 1
64291 2644492 2708783 1
66483 3209347 3275830 1
26240 940803 967043 10
66901 4840279 4907180 1
99505 4653087 4752592 1
12155 4071008 4083163 1
7138 3594119 3601257 1
138728 5104566 5243294 100
97692 4601592 4699284 1
8652 1032589 1041241 10
712 887504 888216 1
48584 1948573 1997157 1
138206 4283366 4421572 10
79937 182726 262663 1
10626 2387824 2398450 10
289687 530119 819806 1
72429 400330 472759 1
77707 4890968 4968675 1
44504 1204342 1248846 1
34864 4390211 4425075 1
60354 3091210 3151564 1
99153 4306764 4405917 10
97065 13534 110599 1
79624 5313598 5393222 1
47003 340863 387866 1
43096 1287524 1330620 100
30215 2472853 2503068 1
44122 4870824 4914946 1
93753 3035835 3129588 1
104962 433398 538360 1
1215 1203320 1204535 1
221055 5388616 5609671 1
168765 1822388 1991153 1
32496 1241797 1274293 1
70826 4727765 4798591 1
9233 3114737 3123970 1
125609 5573381 5698990 1
19700 5034085 5053785 10
228248 1036539 1264787 1
20401 1196162 1216563 100
38487 5281208 5319695 1
24142 0 24142 1
6065 937606 943671 10
121920 4982481 5104401 1
44644 3623841 3668485 1
43044 2090415 2133459 10
182486 4574184 4756670 1
43140 4692938 4736078 1
128606 1424263 1552869 1
18034 5472601 5490635 1
87277 331473 418750 1
23118 887829 910947 10
25234 1960813 1986047 100
30956 4696130 4727086 1
16110 5025593 5041703 1
7661 1793346 1801007 10
234687 2911017 3145704 1
98738 4741339 4840077 10
63450 4254377 4317827 1
166623 4419552 4586175 1
3969 1149639 1153608 10
22893 556792 579685 1
10515 951555 962070 1
28112 525596 553708 1
17831 68323 86154 1
103037 3034724 3137761 1
135122 2046414 2181536 1
121369 1140749 1262118 1
18111 1778104 1796215 1
50929 5264815 5315744 1
173522 1601542 1775064 1
1082 987062 988144 10
80328 3828605 3908933 1
28255 5690600 5718855 1
3158 0 3158 1
48470 2287290 2335760 1
82445 703631 786076 1
71685 2196744 2268429 1
50850 5094830 5145680 10
96540 5180373 5276913 1
33713 1922745 1956458 1
9952 2108107 2118059 1
20511 4906366 4926877 10
326652 5128890 5455542 100
37020 4522813 4559833 1
13766 5121634 5135400 10
4567 407532 412099 10
133784 58432 192216 100
27690 5252172 5279862 1
90614 4609753 4700367 10000
27571 3814072 3841643 1
47025 1384687 1431712 1
13725 1970755 1984480 1
315215 3148384 3463599 1
13420 4018423 4031843 1
65726 114710 180436 1
13604 5104401 5118005 10
24424 1936389 1960813 1
187871 5607627 5795498 1
341082 1341539 1682621 1
75087 4220095 4295182 1
173194 419338 592532 1
22857 1938138 1960995 1
951 1747578 1748529 10
24797 898384 923181 1
82039 1532498 1614537 1
11151 4876755 4887906 1
191596 5505137 5696733 1
248496 5664512 5913008 10
108162 5679093 5787255 1
75008 4651124 4726132 1
63536 371321 434857 1
33786 2658 36444 1
271808 1209106 1480914 1
100427 4222244 4322671 1
45756 4278174 4323930 1
18255 1333204 1351459 10
9603 3705997 3715600 1
34563 114729 149292 1
310 5736625 5736935 1
79308 820881 900189 10
37667 3152322 3189989 10
21181 4061338 4082519 10
27707 3136153 3163860 10
143799 5312818 5456617 1
78052 3779851 3857903 1
22281 5301073 5323354 1
102586 1681965 1784551 1
95542 5044469 5140011 1
44722 2033975 2078697 1
129917 1135658 1265575 1
15017 5770122 5785139 1
164148 5403856 5568004 1
72689 909705 982394 1
20626 5743745 5764371 1
107021 1690678 1797699 1
20706 5002491 5023197 1
80678 3870947 3951625 1
107652 1172462 1280114 10
27254 5224450 5251704 1
33418 3887163 3920581 1
527143 2455611 2982754 1
76983 874572 951555 1
22660 60071 82731 1
7724 5740218 5747942 1
131657 3988669 4120326 10
30241 2273483 2303724 1
96345 5646612 5742957 1
12751 2988955 3001706 100
163710 1011861 1175571 1
141224 3140686 3281910 1
43283 4234891 4278174 1
56376 495879 552255 1
122837 2172533 2295370 1
45582 5715814 5761396 1
10135 1269145 1279280 10
97987 3089036 3187023 1
356705 4939939 5296644 1
95795 2002678 2098473 1
223971 2708783 2932754 10
93206 1629215 1722421 1
137378 1055659 1193037 1
241141 3671739 3912880 1
156991 3815486 3972477 1
59368 1743006 1802374 1
65940 1543949 1609889 10
33905 4200986 4234891 1
219294 2340018 2559312 1
39127 3793448 3832575 10
40366 302363 342729 10
201734 2233681 2435415 1
81830 452746 534576 10
19763 3548211 3567974 100
203131 671441 874572 1
110759 5606130 5716889 1
72805 2580971 2653776 10
40204 31092 71296 1
327335 3611280 3938615 1
29234 264916 294150 1
36599 2164378 2200977 1
38006 1646409 1684415 1
91885 3874684 3966569 1
26486 0 26486 1
19381 4923628 4943009 1
63560 70417 133977 1
24531 1808215 1832746 1
38085 3118765 3156850 1
93916 4398926 4492842 1
135034 4778627 4913661 1
43158 5011945 5055103 1
103962 1801525 1905487 1
81225 3557034 3638259 1
85760 171957 257717 1
276318 1799794 2076112 1
11873 3122508 3134381 1
127173 64928 192101 1
93480 5303162 5396642 1
28331 2823281 2851612 1
224752 2478357 2703109 10
347158 662381 1009539 10
44001 4821982 4865983 10
23235 295002 318237 10
73624 4908857 4982481 1
12712 2357633 2370345 1
56646 305611 362257 1
72780 2851930 2924710 1
48789 1977021 2025810 10
23939 2152386 2176325 10
33412 2444734 2478146 1
35320 1748379 1783699 1
47563 3579729 3627292 10
26572 4712634 4739206 1
210392 962070 1172462 1
