50
1 1.571937750655892 1.134414444344724 1.7093462484946083
571 1739 2310 1
275 685 960 1
222 169 391 1
318 2625 2943 1
69 1112 1181 1
803 581 1384 10
719 1130 1849 10
157 1649 1806 10
309 2122 2431 1
958 1918 2876 10
85 1173 1258 10
93 2828 2921 10
242 628 870 1
685 0 685 1
91 1659 1750 1
190 1576 1766 1
219 2686 2905 10
782 83 865 1
165 0 165 10
394 1704 2098 1
29 1687 1716 1
261 1709 1970 10
9 2879 2888 100
255 981 1236 1
36 1248 1284 1
15 361 376 10
464 960 1424 1
159 1424 1583 1
837 375 1212 1
430 1280 1710 1
131 0 131 1
90 2064 2154 1
453 2374 2827 1
11 2876 2887 1
971 1092 2063 10
124 97 221 1
89 1935 2024 1
107 2310 2417 1
425 2639 3064 10
112 1806 1918 1
66 1583 1649 1
77 2243 2320 1
483 2318 2801 1
43 1551 1594 10
319 2405 2724 10
362 769 1131 1
562 299 861 1
662 1987 2649 1
410 0 410 1
297 1875 2172 1
