450
1 2.166380590106653 1.5792167290916046 1.6924134705078864
80332 7865071 7945403 1
116373 9031449 9147822 1
116806 2043863 2160669 1
355807 8501460 8857267 100
57315 8993996 9051311 1
1532 6262984 6264516 1
42910 5566711 5609621 1
118059 48585 166644 100
360164 2527079 2887243 1
10830 2943558 2954388 10
1036 1857675 1858711 10
42068 7593599 7635667 1
85236 3844222 3929458 10
480739 6116934 6597673 1
124079 7422136 7546215 1
162921 1151312 1314233 1
307621 7082854 7390475 1
215858 5974107 6189965 1
255605 9351434 9607039 1
119027 2267909 2386936 1
225832 8024074 8249906 1
5614 1852061 1857675 1
71497 5140395 5211892 1
75506 1070906 1146412 1
382700 461087 843787 10
161444 858075 1019519 1
5788 103081 108869 100
64104 817483 881587 1
56998 5067896 5124894 10
228117 0 228117 1
141783 5717247 5859030 1
78206 7945868 8024074 1
46770 5443788 5490558 1
222421 1770597 1993018 1
100062 5094206 5194268 1
120554 7006516 7127070 1
87506 2421138 2508644 1
344788 2308751 2653539 1
158401 1693660 1852061 10
5325 9383410 9388735 10
161327 1247578 1408905 10
54785 4908735 4963520 1
972723 3027544 4000267 1
494841 8822363 9317204 1
64357 6893231 6957588 10
328597 1393397 1721994 1
863 27463 28326 1
60575 1115520 1176095 1
523401 1873266 2396667 1
181034 960306 1141340 100
30684 1549933 1580617 1
364101 4381329 4745430 1
70246 4828841 4899087 1
467274 8612891 9080165 1
225511 2950416 3175927 1
26272 3565528 3591800 1
74738 0 74738 1
69544 5544507 5614051 1
482800 7915939 8398739 1
75258 3593298 3668556 1
180894 9962902 10143796 1
269782 8488359 8758141 1
54716 2947120 3001836 1
154643 1342901 1497544 1
20064 2021237 2041301 1
476914 3986610 4463524 1
79794 2158403 2238197 1
156324 7479411 7635735 10
51579 9870947 9922526 1
331601 4242193 4573794 1
111124 4512139 4623263 10
198781 785411 984192 1
23813 142917 166730 10
175628 9966271 10141899 10
255875 10181867 10437742 10
255777 4623109 4878886 1
112737 7560817 7673554 10
140078 6917816 7057894 1
999099 1568063 2567162 1
62065 77951 140016 10
38335 5670110 5708445 1
97554 861892 959446 10
266234 6374882 6641116 10
236725 10232102 10468827 1
132701 6157445 6290146 1
14105 8275791 8289896 1
90369 760259 850628 1
4239 4826336 4830575 10
122438 3752512 3874950 1
289120 7692181 7981301 10
411358 7202563 7613921 1
86662 1434275 1520937 1
49631 4243979 4293610 1
487471 10431667 10919138 1
376028 9512869 9888897 10
44117 9864733 9908850 10
251136 3434273 3685409 10
82337 5609621 5691958 1
181627 348793 530420 1
203587 4870347 5073934 1
5698 9085166 9090864 10
515313 2699915 3215228 1
213812 4562870 4776682 1
76093 3186913 3263006 10
189331 7745181 7934512 1
6007 114624 120631 1
52975 5580308 5633283 1
595 1695325 1695920 1
176294 442322 618616 10
237595 3283822 3521417 1
5979 5771073 5777052 1
186911 3602299 3789210 100
161118 6545405 6706523 1
52846 4079523 4132369 1
763028 4596445 5359473 1
200526 3948497 4149023 1
8916 7556702 7565618 1
141990 8732452 8874442 10
32957 5329449 5362406 1
112441 8004070 8116511 1
57270 2461531 2518801 10
405442 3712740 4118182 1
146205 1911878 2058083 10
213470 4159636 4373106 1
854 2420744 2421598 10
121674 7920546 8042220 1
108681 10030323 10139004 10
84237 2897347 2981584 1
11083 10656683 10667766 1
35659 6296269 6331928 1
4116 4577799 4581915 1
202128 872843 1074971 10
129216 7886459 8015675 1
41549 7604594 7646143 1
38839 3322155 3360994 1
210825 8440635 8651460 10
290018 4934024 5224042 1
382667 3531217 3913884 1
37349 4110748 4148097 1
111567 7151063 7262630 10
342761 4623808 4966569 100
179332 2845718 3025050 1
12116 1858711 1870827 1
54245 7279388 7333633 10
73751 4580231 4653982 10
192019 3233520 3425539 1
83146 6640605 6723751 1
172938 4423507 4596445 1
287695 3050134 3337829 1
691131 984192 1675323 10
47622 4148593 4196215 10
68179 74738 142917 1
133076 992275 1125351 1
98836 5576608 5675444 1
90752 144449 235201 100
14830 6689733 6704563 1
166645 4831812 4998457 1
278293 8410344 8688637 10
154364 8249906 8404270 1
24826 4990641 5015467 10
172396 4258173 4430569 10
144267 8282301 8426568 1
87285 8348895 8436180 1
99358 5041953 5141311 1
635497 118173 753670 1
240956 536339 777295 1
17986 259159 277145 10
10336 7277648 7287984 1
111291 6922938 7034229 10
391173 9135709 9526882 10
126815 105753 232568 1
33887 9585758 9619645 1
395468 6989784 7385252 1
60206 6056728 6116934 10
242823 7284193 7527016 1
261891 5871612 6133503 10
428194 2338239 2766433 10
68934 5953381 6022315 10
126872 3906271 4033143 10
95001 1331879 1426880 1
557 9832407 9832964 1
30863 8809019 8839882 1
30509 1620879 1651388 1
96744 3707855 3804599 100
325664 8881122 9206786 10
86837 6323573 6410410 10
39189 9051311 9090500 1
107987 2285115 2393102 10
30245 6783285 6813530 100
54799 6263890 6318689 1
86830 7859038 7945868 10
12706 7544944 7557650 1
16154 10468827 10484981 1
69647 554159 623806 100
129470 1305465 1434935 1
79767 2980412 3060179 1
12852 3358708 3371560 1
76629 1296507 1373136 1
268144 8223758 8491902 100
163291 9409469 9572760 1
231569 6294520 6526089 1
52031 5200674 5252705 1
205173 9601400 9806573 1
545603 2154312 2699915 10
391600 5348923 5740523 1
173367 4513329 4686696 1
242750 2579103 2821853 1
289531 6974310 7263841 1
432922 3954119 4387041 1
84585 27972 112557 10
79477 9205088 9284565 10
131965 9750980 9882945 1
66199 7618456 7684655 1
36413 851327 887740 1
77359 2851638 2928997 10
131052 2591247 2722299 1
691062 8943105 9634167 1
63706 6877475 6941181 1
56094 1876357 1932451 1
80249 3952304 4032553 1
204133 6698496 6902629 1
43564 3471399 3514963 1
305816 2668682 2974498 1
165911 5231417 5397328 1
316792 2691156 3007948 1
27382 523699 551081 1
30584 0 30584 1
276089 9538283 9814372 1
144949 6597673 6742622 1
34751 8064221 8098972 10
156108 8055973 8212081 1
238247 5720748 5958995 1
30093 1044506 1074599 1
103724 5622231 5725955 1
286815 1412525 1699340 1
148025 6413969 6561994 10
269877 5611610 5881487 1
207744 2954240 3161984 10
724 8993272 8993996 1
147 9396425 9396572 1
150410 1870827 2021237 1
57117 1711738 1768855 1
91403 5911190 6002593 1
181066 9502178 9683244 1
122239 3093215 3215454 10
60769 4332213 4392982 1
168960 7437954 7606914 1
197 8827255 8827452 10
43305 8861133 8904438 1
28039 1105435 1133474 10
27203 6401412 6428615 10
202200 3647478 3849678 1
119942 4661565 4781507 1
28252 6482297 6510549 10
235567 7140198 7375765 1
320101 8128032 8448133 1
117214 6193726 6310940 1
235429 8352380 8587809 1
106021 8827372 8933393 1
53054 4288604 4341658 1
65695 1263865 1329560 10
207238 5359473 5566711 1
70513 8828584 8899097 1
57833 10105668 10163501 1
74670 14118 88788 1
931275 6043937 6975212 1
464317 647564 1111881 1
266504 5788172 6054676 1
158277 8252155 8410432 1
36365 8404270 8440635 1
236012 9090500 9326512 1
517 998612 999129 1
2558 4293610 4296168 1
54545 10080490 10135035 10
317587 5774605 6092192 1
297546 2755144 3052690 1
160548 9832664 9993212 10
34463 7119835 7154298 1
38271 1375731 1414002 1
192239 4785073 4977312 1
67266 10132363 10199629 1
83563 3999721 4083284 10
509196 166730 675926 1
254097 9087797 9341894 100
176196 267461 443657 1
94956 4149023 4243979 10
12305 4153956 4166261 1
235251 8084754 8320005 1
5148 7116793 7121941 1
10303 3640954 3651257 10
157871 925739 1083610 1
93385 7107957 7201342 1
178770 3170620 3349390 1
40347 3340083 3380430 10
241792 7450731 7692523 1
102224 3883567 3985791 1
21548 7731537 7753085 10
311846 5523279 5835125 10
35866 7657571 7693437 10
125259 4438126 4563385 10
202121 10542371 10744492 10
95326 4770899 4866225 10
256171 3215228 3471399 1
60908 10069787 10130695 1
49941 10168914 10218855 1
80213 1490007 1570220 1
100134 9914767 10014901 1
124328 6809065 6933393 100
8619 3182934 3191553 1
301460 7543928 7845388 1
374155 224163 598318 1
35133 201916 237049 1
517109 9657357 10174466 1
115257 5104869 5220126 10
221786 10105776 10327562 1
10364 432632 442996 10
46478 0 46478 10
22708 7678764 7701472 1
89847 8890017 8979864 1
17318 9906773 9924091 10
110817 8651460 8762277 1000
206491 3775516 3982007 1
145070 2218151 2363221 1
223751 2114868 2338619 1
1628 2979450 2981078 1
50619 3930753 3981372 1
57489 9834543 9892032 1
47637 8382196 8429833 100
803964 5173398 5977362 10
21206 1537403 1558609 1
262143 9502464 9764607 1
206024 5005310 5211334 1
180465 6633644 6814109 1
50361 9814372 9864733 1
25324 1695702 1721026 1
11117 7551570 7562687 1
141362 5354274 5495636 1
11867 5782694 5794561 10
185836 2334962 2520798 1
20053 5962259 5982312 1
15815 4322199 4338014 1
62229 2004458 2066687 10
113011 2041301 2154312 1
197436 2487966 2685402 1
89757 703423 793180 1
29426 3510254 3539680 1
15987 3523837 3539824 1
285286 10299979 10585265 10
158921 7630904 7789825 1
26701 4132816 4159517 10
109485 675926 785411 10
205521 164291 369812 1
213367 6684795 6898162 1
63782 5687805 5751587 1
135987 9241774 9377761 1
125575 7946105 8071680 1
2158 1262499 1264657 10
69913 9326512 9396425 10
81494 7552990 7634484 1
10628 437416 448044 1
18048 2837387 2855435 1
998 1261867 1262865 1
10551 6317339 6327890 1
396431 8574779 8971210 1
97938 6112237 6210175 10
142055 3806442 3948497 1
42221 1594143 1636364 1
55768 2928497 2984265 10
410306 10259818 10670124 10
87058 1640198 1727256 1
89956 493671 583627 1
25604 6797247 6822851 10
28966 6819113 6848079 1
295276 9696108 9991384 1
27015 10141899 10168914 1
57421 9908850 9966271 1
204598 6747919 6952517 1
213429 4906804 5120233 1
150203 9960989 10111192 10
804272 10152514 10956786 1
39601 1387449 1427050 1
158676 7385252 7543928 1
18337 1675323 1693660 1
247162 6742622 6989784 1
410437 6495338 6905775 1
101903 1058397 1160300 1
295103 6942425 7237528 1
13247 10218855 10232102 1
50565 3514963 3565528 1
51494 4049096 4100590 10
76240 3809030 3885270 1
7659 1485482 1493141 1
364770 5691958 6056728 1
141711 9396572 9538283 1
42754 3490519 3533273 1
592726 7612857 8205583 1
67891 10502256 10570147 10
355277 595311 950588 1
12415 546823 559238 1
58006 6866455 6924461 10
227474 1545077 1772551 10
78008 805235 883243 100
3821 2849380 2853201 1
29503 10484981 10514484 1
13650 7845388 7859038 1
192477 1155299 1347776 1
78764 5473404 5552168 1
235738 7311440 7547178 1
127339 4296168 4423507 1
46095 1232678 1278773 1
219638 4374248 4593886 1
272701 3364640 3637341 1
22360 6532193 6554553 1
214848 8389186 8604034 10
428147 9304546 9732693 1
39979 10163413 10203392 1
5613 4370694 4376307 10
124612 5127044 5251656 10
121484 7992439 8113923 1
275208 5985201 6260409 1
202853 1747906 1950759 10
155827 6101652 6257479 1
79985 1118378 1198363 1
393077 9903608 10296685 10
278608 5177852 5456460 1
261087 1650079 1911166 1
24875 3222037 3246912 1
164254 6218700 6382954 1
36635 4814901 4851536 100
40762 906923 947685 1
113432 1244147 1357579 1
105536 2205551 2311087 10
147315 10514484 10661799 1
97367 7863014 7960381 1
230995 8762277 8993272 1
98907 998851 1097758 1000
94406 4337751 4432157 1
179730 6836228 7015958 1
116916 4716930 4833846 10
29185 4549398 4578583 1
38916 10236824 10275740 1
48159 8221660 8269819 100
35828 9386782 9422610 1
64322 7392445 7456767 1
249101 1074941 1324042 1
301509 2117828 2419337 1
110787 4176732 4287519 1
10247 6037448 6047695 1
8979 8726766 8735745 1
214642 3591800 3806442 1
