350
1 2.814987973856158 1.2892715965922656 1.9940601712697814
32978 738674 771652 10
220748 4944122 5164870 1
45493 2608865 2654358 10
33852 3290358 3324210 10
45212 5314704 5359916 10
3317 5233083 5236400 10
33307 1785134 1818441 10
38504 4044817 4083321 1
97552 819988 917540 100
145030 976306 1121336 1
90313 2806417 2896730 1
198691 2144513 2343204 10
79863 3506333 3586196 10
270135 633382 903517 1
498424 1210587 1709011 1
170476 1687648 1858124 1
157375 3852570 4009945 1
25226 4419376 4444602 10
21279 3635149 3656428 10
32595 844510 877105 10
109885 3171011 3280896 1
89450 4522934 4612384 1
35312 4723342 4758654 1
2971 238699 241670 1
6816 714607 721423 10
122306 2278535 2400841 1
94589 1175849 1270438 100
60620 5284304 5344924 10
34571 3647907 3682478 1
59911 906630 966541 1
57259 2064745 2122004 10
238024 720150 958174 1
109515 106487 216002 10
219 5026748 5026967 10
121204 2786158 2907362 10
256923 4626686 4883609 1
86571 3124130 3210701 1
16883 3307334 3324217 10
6639 3250649 3257288 1
93254 3159145 3252399 10
59486 1490311 1549797 1
386205 462658 848863 1
74896 2852455 2927351 1
16780 3051293 3068073 10
329267 245529 574796 10
24021 1140557 1164578 1
69548 437952 507500 10
58766 917540 976306 1
164328 3192273 3356601 1
119034 842908 961942 100
48654 4879534 4928188 10
30420 3454763 3485183 1
13247 4782923 4796170 10
12187 3048028 3060215 10
31519 1594549 1626068 1
220557 1500358 1720915 1
416697 5222693 5639390 1
41559 1218926 1260485 10
38925 5026967 5065892 10
31394 4607841 4639235 1
51113 1594842 1645955 1
24597 3665074 3689671 100
135724 27164 162888 1
9503 839516 849019 1
88027 2646237 2734264 1
246080 1003231 1249311 10
46413 4474326 4520739 1
76466 0 76466 1
201420 1578709 1780129 10
178416 1860437 2038853 10
214167 3378682 3592849 1
143294 4702595 4845889 1
5851 3195171 3201022 1
23793 668311 692104 1
89936 1748208 1838144 1
32498 2976505 3009003 1
21400 3040426 3061826 1
212021 927913 1139934 10
286237 1916010 2202247 1
42751 2283086 2325837 1
49232 4825648 4874880 10
795 2106894 2107689 1
146110 3052358 3198468 1
565590 143170 708760 10
52875 2767374 2820249 10
66373 3624329 3690702 10
381565 2268328 2649893 100
40216 4388183 4428399 10
234008 1384704 1618712 1
98565 721423 819988 1
91896 956285 1048181 1
62267 2304525 2366792 1
35916 4873842 4909758 1
261306 3673811 3935117 10
156698 64588 221286 1
94928 860856 955784 1
99869 2731897 2831766 1
153987 525911 679898 100
333522 4493827 4827349 1
224249 5009724 5233973 1
115686 197603 313289 10
45055 5261709 5306764 1
13752 3660188 3673940 1
144591 1121336 1265927 1
80716 2346412 2427128 10
22503 692104 714607 1
67931 4544055 4611986 1
33907 750389 784296 1
59019 4001085 4060104 10
107677 1620474 1728151 1
6911 3167545 3174456 10
189090 599854 788944 1
476756 0 476756 10
65358 2890014 2955372 100
10143 1626068 1636211 1
205215 2109157 2314372 10
88578 3821103 3909681 10
112365 5042560 5154925 10
429970 4164038 4594008 1
14548 1152604 1167152 10
38756 4344844 4383600 1
329787 2337163 2666950 1
119886 2393616 2513502 1
128792 0 128792 1
152516 3104965 3257481 10
95393 2844592 2939985 1
44752 1549797 1594549 1
29028 2631679 2660707 1
42867 1780157 1823024 10
52296 1669070 1721366 1
63594 5338830 5402424 1
46078 3483225 3529303 1
3736 4234943 4238679 10
28197 3059708 3087905 1
60684 1830406 1891090 1
38121 2244154 2282275 1
225722 1881378 2107100 1
57881 4939550 4997431 1
15620 1363775 1379395 10
144949 5022541 5167490 1
48779 501449 550228 1
117702 1159899 1277601 10
128100 3226117 3354217 1
18415 1770851 1789266 1
49429 5250347 5299776 10
53192 4756248 4809440 1
16551 5224783 5241334 1
470706 2523884 2994590 1
43993 4401474 4445467 1
96255 4795715 4891970 100
64685 4294672 4359357 1
46851 4685951 4732802 100
1980 3104262 3106242 1
205875 4864830 5070705 10
321582 3629737 3951319 1
222813 0 222813 1
389134 4384697 4773831 1
65930 3449181 3515111 1
52045 4475264 4527309 1
197222 3526503 3723725 1
60757 1564373 1625130 1
10903 4717874 4728777 1
73847 1149616 1223463 10
26520 2436204 2462724 1
261350 1923818 2185168 1
13575 5144665 5158240 100
29798 2283081 2312879 1
5919 145392 151311 1
20912 5142219 5163131 1
57392 1479970 1537362 1
65845 1251252 1317097 10
254202 5065892 5320094 1
171526 3465570 3637096 100
52944 1650262 1703206 10
245333 422978 668311 1
2896 5337378 5340274 1
6899 4058495 4065394 10
12619 3279428 3292047 1
30024 2059555 2089579 1
107110 2922790 3029900 1
155625 1881755 2037380 1
285130 3805575 4090705 1
123737 1027562 1151299 1
89936 5158439 5248375 10
67784 4237841 4305625 10
32833 1750620 1783453 1
91132 978148 1069280 10
178727 3937593 4116320 1
5519 1877474 1882993 1
481640 1674473 2156113 10
78157 3596564 3674721 100
149640 2898099 3047739 1
91911 4671782 4763693 1
27140 935234 962374 10
30833 5339888 5370721 1
30852 2016660 2047512 10
28724 4917271 4945995 1
54993 4466249 4521242 1
42823 4441111 4483934 1
42967 85072 128039 10
11872 2876467 2888339 1
54101 4588622 4642723 1
61212 3948564 4009776 10
36467 2831637 2868104 10
46737 2549440 2596177 10
162008 222813 384821 1
128013 2445625 2573638 10
2796 4438942 4441738 10
68490 1360374 1428864 1
85172 4423536 4508708 1
43492 4379663 4423155 1
75995 3285392 3361387 1
58186 3022113 3080299 1
58401 3600450 3658851 1
63522 4993291 5056813 10
323184 2690381 3013565 10
22150 5228196 5250346 1
24125 3312388 3336513 1
556 5222496 5223052 10
405869 4240516 4646385 1
121332 2712308 2833640 1
100266 3073848 3174114 1
156153 3978571 4134724 10
71760 2572878 2644638 10
17120 4374904 4392024 10
107812 3546383 3654195 1
138959 908462 1047421 1
91161 3253008 3344169 1
97925 1783453 1881378 1
15358 362499 377857 1
27288 75379 102667 10
223376 3411773 3635149 1
1955 3482244 3484199 1
16122 5129714 5145836 1
168051 4789566 4957617 10
183121 1795385 1978506 1
102796 1323856 1426652 1
24284 2312879 2337163 100
118839 4753499 4872338 1
116082 4618993 4735075 10
96496 1411704 1508200 1
211502 4060946 4272448 1
455878 2878479 3334357 1
32670 1138010 1170680 10
44831 5122182 5167013 1
61477 1265927 1327404 1
184881 2728294 2913175 1
5607 1327404 1333011 100
61141 2710177 2771318 10
3551 3975817 3979368 1
35011 2381178 2416189 10
17696 2107177 2124873 1
207935 1460095 1668030 10
30304 4741051 4771355 1
72405 4660230 4732635 100
112232 1123537 1235769 1
113841 3191129 3304970 1
95461 4554710 4650171 10
65346 3328939 3394285 1
153127 2386890 2540017 1
36114 4022051 4058165 10
92286 2491101 2583387 1
152253 3324596 3476849 1
153788 2463682 2617470 10
21330 4661085 4682415 1
16256 239754 256010 1
81966 3908476 3990442 1
17316 100336 117652 1
17219 2540805 2558024 1
29049 3791007 3820056 10
150822 2321983 2472805 1
122493 5163354 5285847 10
455 844282 844737 1
339846 369787 709633 10
141054 147494 288548 10
38603 4596744 4635347 1
27972 4034880 4062852 1
153318 3766638 3919956 1
132396 3382786 3515182 1
43487 4510325 4553812 1
38157 384821 422978 10
139387 2074612 2213999 1
19794 5320094 5339888 1
23692 5151472 5175164 1
69066 4825964 4895030 10
137208 1209451 1346659 1
80299 2002462 2082761 1
190846 2564282 2755128 1
21057 603134 624191 1
11405 4984445 4995850 10
61743 5200562 5262305 10
49117 2089446 2138563 10
121291 613694 734985 1
104296 2913175 3017471 10
39510 2263272 2302782 10
356178 5074033 5430211 100
539892 3935372 4475264 10
114988 1258193 1373181 1
26232 4995227 5021459 1
61344 2666950 2728294 10
17333 4937965 4955298 1
10239 3320958 3331197 1
175038 3055364 3230402 1
177700 3017471 3195171 1
58447 2992802 3051249 1
464676 2113463 2578139 1
210751 3201022 3411773 10
53117 3014165 3067282 10
223908 1597181 1821089 10
25060 1810968 1836028 1
298339 4527309 4825648 1
53705 2691099 2744804 1
201685 667027 868712 1
148840 426808 575648 1
3791 5247406 5251197 1
53766 5234746 5288512 1
98301 4829909 4928210 1
293986 4136080 4430066 1
133321 1090649 1223970 10
51214 3289215 3340429 1
512606 3379623 3892229 10
197043 367954 564997 1
16018 2885675 2901693 10
157300 1333011 1490311 1
5487 4290416 4295903 1
90378 4949904 5040282 10
114409 1636211 1750620 1
79952 1371609 1451561 1
174380 4099689 4274069 1
105767 5288686 5394453 1
151868 4874880 5026748 1
232722 1023850 1256572 1
22901 1239767 1262668 10
256050 3777217 4033267 10
21259 2335751 2357010 1
6821 2829214 2836035 10
405909 762434 1168343 10
90988 674520 765508 10
15811 2375561 2391372 10
34165 1467834 1501999 1
69853 1299042 1368895 1
133573 3315801 3449374 1
174039 2027620 2201659 10
158534 1284272 1442806 10
2675 5008382 5011057 1
175981 2107100 2283081 10
115756 4891853 5007609 1
278944 3656428 3935372 10
2617 5245377 5247994 1
368455 3979262 4347717 1
