100
1.0 3.7757234187581474 2.9602247479273878 4.76619320728698 
991 0 14158 4 
205 3361 3719 1 
236 9903 10352 1 
691 5933 6691 2 
209 8225 8534 1 
807 3155 4077 3 
272 8369 8725 2 
410 3416 4014 2 
808 10588 11426 2 
711 12244 13158 2 
176 6569 6888 2 
813 205 1168 2 
940 3056 4082 4 
244 12818 13180 1 
752 6020 7002 3 
379 7473 7939 4 
106 10589 10910 4 
522 5823 6456 2 
852 3893 4827 2 
869 9591 10603 4 
818 8273 9324 1 
901 7831 8942 4 
520 6676 7291 2 
208 2733 2989 1 
665 10306 11120 2 
836 633 1550 1 
878 3153 4056 4 
836 3255 4329 1 
674 5297 6097 3 
792 13590 14610 3 
822 7615 8533 3 
666 6850 7665 3 
854 10570 11600 1 
419 3590 4076 2 
315 12014 12444 2 
470 4370 4971 4 
665 6013 6834 2 
551 12177 12970 4 
719 11789 12612 2 
461 5760 6347 2 
743 9918 10703 4 
291 6493 7025 1 
488 8435 9129 4 
958 8915 10068 1 
325 10160 10552 3 
836 11088 12002 4 
791 6314 7228 2 
131 3315 3665 2 
139 7593 7795 3 
832 10653 11651 1 
159 4814 5170 2 
858 7151 8039 2 
497 8454 9121 1 
438 13134 13813 2 
116 2119 2304 3 
880 4243 5239 3 
492 4875 5395 1 
121 12910 13246 2 
277 5866 6183 3 
291 7936 8332 3 
638 12933 13776 1 
762 2480 3356 2 
531 6059 6604 2 
299 3644 4002 3 
180 6825 7194 4 
790 735 1528 2 
193 2727 3129 2 
290 6356 6835 1 
767 1346 2278 2 
616 4900 5709 4 
783 11527 12378 1 
629 12604 13424 3 
624 11491 12188 3 
808 8447 9264 4 
952 4 1089 3 
104 2763 3016 3 
171 2194 2549 1 
159 6325 6553 4 
216 2130 2373 2 
234 1833 2276 2 
978 9474 10592 1 
848 57 983 3 
632 5955 6634 1 
368 5133 5631 4 
947 13151 14124 4 
192 9360 9718 3 
328 5639 6132 2 
977 2844 4056 2 
751 11530 12388 1 
318 11725 12061 3 
517 3915 4578 2 
550 12455 13011 3 
286 3803 4280 3 
920 3221 4157 3 
150 9033 9259 2 
662 6949 7724 3 
379 11618 12201 3 
466 6583 7202 1 
122 6247 6561 2 
983 9853 11047 1 
145 353 284 405 267 332 300 433 142 108 237 480 439 124 180 197 186 444 111 451 249 282 206 207 425 291 466 267 125 483 234 221 193 184 192 315 152 237 273 271 267 328 382 184 346 170 256 155 219 243 471 312 209 222 131 200 240 263 480 211 422 116 442 265 494 339 317 439 166 124 129 415 127 226 157 454 473 450 204 114 270 326 128 301 339 163 183 193 417 398 320 377 301 233 452 379 219 117 104 464 
437 311 129 320 241 215 452 378 213 397 134 394 288 219 220 400 219 293 276 307 290 114 351 454 408 293 400 180 200 132 262 479 382 451 358 287 117 293 199 220 282 350 229 465 185 489 209 277 468 285 287 449 220 248 129 377 312 295 304 388 459 467 261 302 157 296 205 335 109 254 176 241 263 126 300 159 309 339 235 287 375 108 290 245 118 291 236 471 213 468 291 424 459 204 334 263 443 155 135 485 
311 369 379 435 192 281 289 399 460 336 362 207 474 153 389 302 145 443 301 294 222 251 426 435 166 397 424 143 357 342 136 195 485 192 248 295 291 166 219 165 460 411 469 124 476 460 340 434 244 266 260 312 457 458 208 407 132 450 164 223 233 449 486 117 332 260 359 171 314 461 135 317 339 189 356 426 338 239 158 285 193 166 491 359 316 172 229 401 393 379 180 332 233 247 357 460 204 386 361 118 
122 114 292 430 378 170 428 127 282 272 256 190 377 403 321 320 232 429 146 410 192 494 159 420 355 327 267 466 142 315 219 271 373 313 404 231 439 494 283 473 354 291 403 430 152 302 126 378 408 202 341 260 388 387 468 158 431 266 495 220 354 437 396 154 211 400 225 327 372 217 335 451 419 194 356 489 367 296 458 176 396 212 195 456 453 306 367 453 296 481 226 384 364 172 217 104 148 204 205 213 
265 232 261 388 458 490 332 477 439 156 328 122 483 286 370 147 239 474 150 457 473 475 174 165 423 203 376 172 204 158 358 407 470 206 319 333 359 178 128 362 176 457 389 330 322 467 276 318 149 321 144 365 144 376 131 416 388 468 213 307 419 200 391 275 138 166 351 480 315 412 416 423 495 197 136 211 184 472 163 149 349 268 360 288 313 403 260 429 220 219 361 327 291 338 282 311 179 150 276 367 
236 312 439 481 121 430 301 342 447 104 483 188 186 443 399 158 221 494 383 458 389 429 439 366 178 300 291 194 476 265 165 219 454 162 453 151 219 306 216 300 240 289 192 445 324 415 196 419 392 369 459 425 318 390 130 105 393 388 132 476 121 123 241 125 260 251 492 304 385 325 470 442 221 113 138 300 474 448 325 147 269 253 348 138 437 406 217 397 445 472 490 353 491 490 416 335 423 123 184 332 
225 221 174 136 459 247 419 279 356 164 116 112 147 313 390 340 426 495 145 453 265 168 219 398 399 417 388 321 456 329 194 333 480 488 362 450 444 168 194 179 302 214 237 464 362 117 114 222 489 290 487 376 271 296 130 237 298 386 350 319 311 459 490 410 134 307 434 173 250 191 272 330 119 382 228 456 389 241 332 149 126 413 388 157 178 257 122 311 480 456 381 124 118 418 263 366 149 240 404 353 
337 261 234 302 319 310 433 282 349 391 406 141 445 173 180 304 230 461 377 357 466 282 310 286 193 465 392 311 495 278 141 156 170 240 170 256 224 163 185 459 465 456 468 380 243 231 165 166 333 456 219 451 298 446 489 104 465 365 147 278 491 236 480 445 308 229 455 196 205 326 383 272 491 428 369 184 487 372 121 136 171 129 463 153 219 438 386 213 471 140 494 363 171 321 384 231 330 284 479 201 
393 190 482 456 458 335 198 180 419 380 278 265 331 283 126 141 198 158 399 130 164 331 221 111 345 330 124 120 392 446 238 343 485 204 204 192 450 238 130 341 209 243 295 441 165 390 143 131 283 203 493 185 214 425 365 466 432 353 121 329 479 106 406 362 184 119 234 248 373 171 189 358 147 391 133 366 269 203 241 110 282 164 144 120 492 179 305 435 302 440 200 120 185 428 336 189 491 284 130 408 
426 151 240 176 153 129 207 194 297 276 191 210 135 423 464 439 401 286 293 115 362 438 264 119 359 190 295 130 278 428 231 491 120 162 462 157 104 307 157 293 406 222 319 188 214 382 480 207 366 353 142 290 169 474 143 115 262 172 335 447 313 411 412 383 472 303 133 446 335 270 295 371 430 168 390 423 313 190 195 393 126 390 436 373 196 222 188 470 119 327 400 419 292 183 335 471 204 447 476 279 
403 444 404 487 429 439 396 165 138 301 157 165 366 229 483 206 388 374 291 313 272 294 240 440 114 225 370 393 233 176 128 193 489 333 487 109 474 268 304 240 460 290 403 128 123 257 130 127 422 230 237 127 319 391 462 475 394 481 251 422 449 139 292 110 352 273 426 491 292 411 185 251 179 380 346 231 234 418 145 284 372 168 263 453 369 106 338 375 324 403 363 237 235 193 224 429 481 479 308 174 
247 354 469 469 493 414 417 220 316 279 219 362 463 305 481 390 410 367 347 486 476 330 299 435 389 176 370 190 328 252 191 322 125 175 252 430 487 443 456 443 417 157 175 299 323 224 253 178 405 107 470 108 109 128 210 159 292 438 361 451 363 372 155 199 351 287 258 378 254 219 230 327 202 138 340 161 421 268 248 137 154 464 364 160 320 338 243 454 187 175 449 461 237 406 183 236 364 116 131 380 
186 206 444 362 274 313 409 421 192 170 450 148 213 215 406 444 207 204 327 299 400 474 263 123 122 160 489 374 318 482 176 207 174 338 239 280 270 373 140 295 417 108 106 184 238 364 307 453 327 188 448 149 122 169 319 413 168 425 165 483 201 492 311 471 242 444 130 136 159 370 178 454 452 468 338 378 460 417 222 302 427 285 357 189 403 176 239 146 417 245 374 215 210 308 117 491 261 110 463 411 
381 410 338 272 474 151 487 236 441 412 262 280 485 309 409 477 330 378 234 330 488 377 337 176 423 470 490 205 159 468 323 368 422 438 414 274 282 398 319 162 431 254 324 228 470 225 178 317 235 137 321 452 152 139 243 167 427 450 325 208 196 133 460 461 195 151 363 422 380 410 138 151 256 317 227 177 275 133 124 356 473 383 390 156 417 193 188 296 314 213 179 428 445 443 304 310 208 147 274 481 
309 374 355 135 129 317 272 314 457 473 482 343 377 411 199 216 113 174 478 119 379 320 223 425 365 452 262 395 471 252 249 195 417 326 159 377 272 217 191 212 221 125 149 343 116 120 181 164 113 468 401 320 403 238 183 277 332 255 382 395 367 479 492 421 133 419 347 342 262 109 229 180 388 121 428 397 116 157 406 289 268 179 309 276 123 373 424 480 112 210 391 142 171 318 287 389 480 206 257 176 
489 311 156 162 471 375 487 495 271 362 335 325 324 393 308 464 260 181 479 145 209 448 482 158 237 479 369 131 136 441 494 269 397 180 389 140 168 329 352 354 199 399 396 402 408 306 245 123 331 165 330 486 256 160 456 303 334 228 125 170 392 317 110 330 132 196 145 488 400 230 129 449 459 381 317 494 413 202 245 125 214 125 226 393 118 303 406 479 207 301 211 351 410 479 356 238 251 177 368 319 
445 432 419 383 348 352 151 240 167 374 129 363 361 374 275 205 234 315 436 329 465 187 203 405 412 187 238 371 222 454 354 183 146 468 422 181 338 467 187 219 258 209 407 386 331 176 407 373 395 395 306 132 226 385 109 371 219 332 196 463 437 347 373 360 255 345 183 201 267 213 414 390 125 255 175 419 108 345 479 442 344 143 205 114 450 326 201 157 413 248 224 247 442 281 462 406 428 176 235 170 
250 245 110 272 368 307 188 247 427 384 315 432 434 410 307 450 222 268 470 465 304 234 196 136 481 414 357 233 265 428 229 413 423 293 450 275 417 172 224 215 309 111 390 111 160 368 263 254 174 155 254 422 456 288 442 249 263 272 410 237 267 179 135 232 278 457 380 431 195 116 230 270 356 172 156 359 232 224 113 445 180 159 493 164 223 318 490 425 167 486 274 453 224 231 455 219 220 334 144 276 
298 186 454 232 265 461 273 341 480 377 322 208 485 200 455 257 346 427 392 404 312 475 362 231 318 304 221 380 174 179 466 151 220 184 305 365 255 350 448 443 483 476 430 317 471 152 236 490 449 416 399 443 174 280 218 400 423 396 478 488 179 334 299 144 364 251 260 423 326 376 164 427 406 297 152 228 298 473 376 231 206 359 180 272 325 339 268 453 351 218 357 381 268 356 313 481 253 158 269 483 
416 407 361 285 433 463 453 480 133 465 485 417 289 295 380 371 219 208 291 431 442 381 469 337 367 415 281 155 373 262 213 187 490 409 266 132 263 359 195 386 121 300 474 400 233 470 263 291 393 388 460 472 109 340 242 191 162 398 149 440 368 250 137 319 109 490 248 346 256 117 471 148 122 484 181 262 118 396 307 385 236 203 397 138 138 148 325 451 331 248 309 379 471 309 459 188 297 455 409 244 
226 466 114 270 109 415 110 210 459 171 197 422 379 313 378 261 448 392 149 390 175 366 267 116 405 257 124 120 266 392 422 112 148 455 282 438 424 139 147 133 345 240 234 468 466 400 356 480 389 155 108 483 338 233 137 268 418 443 329 145 356 417 399 367 175 378 252 380 470 341 293 406 148 351 463 463 239 295 484 152 281 113 341 409 167 482 122 260 254 122 407 215 384 447 247 312 412 205 280 391 
239 285 421 294 125 165 370 125 288 260 369 403 126 271 341 412 262 209 211 211 335 293 291 320 406 451 425 450 492 490 452 411 301 233 186 302 427 170 266 128 455 476 389 465 465 452 292 156 212 367 476 159 487 169 256 469 264 424 233 323 424 392 467 441 324 441 159 321 292 286 291 308 448 273 158 250 459 337 176 357 485 307 318 419 276 284 311 312 426 171 208 462 381 147 443 474 243 270 190 452 
407 217 144 126 492 393 193 218 370 236 357 174 242 466 194 228 188 284 221 121 138 435 473 208 216 221 441 397 469 410 435 298 333 352 484 276 193 314 284 305 153 213 300 181 365 186 296 112 424 489 148 108 180 119 397 351 287 160 312 229 382 301 475 444 470 232 153 477 423 212 160 326 195 199 353 204 451 475 413 474 291 477 307 384 168 488 286 261 252 212 486 228 468 206 277 194 191 454 134 331 
378 370 417 495 276 300 407 453 387 149 441 176 473 309 356 340 236 471 336 195 415 246 315 191 315 174 290 255 415 382 346 485 264 246 245 314 438 206 322 433 358 317 344 334 174 473 109 338 291 258 150 378 312 268 338 205 195 245 460 194 147 129 383 210 116 216 456 383 165 422 124 464 454 159 108 350 493 322 275 420 158 414 219 251 160 194 336 162 444 142 283 410 271 337 143 376 427 236 115 473 
121 461 281 462 165 291 225 342 412 294 135 242 494 294 183 105 107 218 320 123 200 192 114 208 195 258 389 388 460 282 110 350 114 447 213 475 304 425 257 406 474 354 392 362 383 337 107 247 313 246 396 421 248 266 110 372 110 358 147 359 347 163 465 345 480 152 125 110 271 366 254 325 235 136 270 345 266 144 378 320 425 472 397 183 304 428 263 122 359 195 285 315 201 259 349 279 279 461 409 354 
309 388 477 299 474 189 155 310 453 401 212 456 426 370 491 160 134 362 406 240 122 184 472 107 118 474 399 287 336 485 295 130 293 473 277 132 464 442 323 356 120 146 250 241 172 139 154 417 132 127 225 136 364 456 218 271 115 170 269 427 210 209 320 334 472 408 209 309 449 417 472 186 458 133 476 184 410 241 413 278 463 247 109 436 165 215 215 278 411 477 439 309 223 355 149 214 417 306 178 218 
296 325 421 429 310 473 155 382 259 157 189 157 428 215 141 247 302 371 167 159 220 237 217 431 303 463 314 168 217 276 494 427 287 220 249 264 249 157 174 143 314 350 139 380 174 475 204 390 352 235 488 229 386 179 172 476 263 240 466 154 280 243 318 356 129 228 171 394 353 194 349 467 333 160 435 214 173 214 276 162 319 106 362 192 236 244 389 424 320 370 493 430 224 440 415 351 260 428 387 254 
299 285 247 246 221 364 357 446 218 326 132 412 145 298 392 491 356 269 119 392 252 350 203 456 416 253 137 211 367 295 393 212 486 333 431 319 233 430 148 412 368 205 171 272 410 271 256 461 129 415 359 413 314 175 192 179 158 239 426 226 491 191 487 241 208 148 174 428 212 298 359 359 176 462 389 338 431 399 142 484 392 433 448 424 348 157 365 352 356 322 445 327 238 368 219 338 314 482 143 338 
363 389 451 244 193 452 243 208 455 321 118 454 393 398 394 344 385 248 433 274 256 133 245 213 116 230 333 178 392 126 222 362 446 219 335 369 137 435 177 475 280 428 434 146 119 283 399 140 462 257 421 196 257 115 174 394 229 221 440 236 362 133 449 165 205 189 221 254 448 175 382 210 289 240 434 412 343 480 307 405 441 323 478 459 466 209 231 168 425 414 480 157 465 404 176 346 395 369 176 289 
364 133 358 246 465 150 404 443 219 129 281 275 417 123 253 483 262 295 485 324 485 489 343 472 376 245 446 212 292 449 194 160 144 488 468 277 441 260 386 493 230 464 383 403 165 367 104 339 195 365 410 304 331 205 307 191 343 391 217 193 229 125 234 475 281 364 256 275 410 338 434 325 474 236 225 142 398 331 436 265 475 250 490 168 378 461 211 432 186 406 468 495 135 303 143 120 356 296 370 177 
309 158 188 241 229 392 460 443 313 160 376 491 229 316 428 394 173 353 199 160 205 445 115 159 336 492 338 232 335 300 366 470 333 231 444 259 151 463 262 429 141 219 197 268 284 114 196 397 105 280 488 200 283 119 374 394 392 406 252 195 484 282 336 441 392 387 357 253 445 488 108 219 494 375 442 408 481 384 487 342 156 165 449 479 378 304 135 441 463 419 262 153 271 268 174 384 169 312 331 343 
404 345 298 228 420 464 198 188 180 415 342 444 144 298 299 216 451 468 470 193 128 408 294 124 391 403 493 461 466 367 252 120 145 112 396 288 431 293 327 406 323 315 361 418 433 282 468 437 396 338 216 402 277 427 485 447 289 202 197 306 453 458 349 104 422 309 374 167 485 293 293 404 300 437 199 195 279 163 120 270 178 213 326 427 494 313 321 369 211 375 418 371 270 354 192 160 131 120 382 225 
490 277 456 415 332 474 341 468 205 138 372 340 238 486 105 111 240 476 453 297 442 356 294 300 138 493 142 468 437 360 444 282 338 422 395 461 216 240 485 341 488 270 120 463 477 416 448 434 443 423 370 438 365 160 324 172 304 451 391 320 201 352 467 353 239 398 236 282 325 276 127 275 382 341 350 126 219 470 123 274 177 190 133 181 130 401 320 209 163 195 104 130 135 414 226 359 468 231 355 221 
140 453 270 347 154 174 450 111 110 257 173 281 323 160 491 129 118 154 112 313 464 187 277 154 186 330 314 124 448 432 441 254 190 263 290 219 190 106 191 202 133 219 194 155 159 279 420 120 290 489 281 328 187 320 363 190 387 280 168 473 361 262 413 323 439 237 212 129 382 344 157 483 222 221 302 296 182 324 168 142 438 383 234 299 297 237 245 197 281 303 157 113 444 339 341 241 432 210 256 339 
463 469 221 306 271 492 294 240 199 133 144 370 188 174 254 340 285 269 392 487 176 187 159 183 212 447 108 274 173 133 464 366 294 378 261 267 379 443 179 483 311 403 433 133 455 311 132 208 410 375 469 250 276 250 414 172 465 243 294 120 134 316 388 468 367 202 377 267 265 390 237 294 201 488 122 254 319 204 189 414 426 152 427 184 387 274 320 458 446 390 230 447 153 212 400 435 251 355 296 150 
320 356 309 114 302 443 175 307 399 209 214 138 327 445 191 235 437 409 162 364 489 340 458 166 167 366 481 364 441 169 217 495 315 283 419 460 129 427 325 369 309 182 117 147 408 493 440 187 238 315 341 132 183 461 106 182 482 354 306 184 340 131 179 481 398 495 170 349 457 130 351 317 482 175 217 327 424 169 459 369 427 236 297 373 423 107 477 486 333 337 120 349 334 194 342 150 348 116 318 306 
453 158 299 473 335 221 184 472 242 211 216 413 211 453 453 289 211 389 481 153 283 470 452 420 330 425 258 312 189 358 179 173 321 286 124 164 316 293 198 134 396 393 414 471 342 176 278 201 266 431 123 183 359 410 197 204 125 375 203 475 390 466 225 486 313 148 342 486 387 308 414 250 340 466 120 305 185 182 211 372 147 435 208 290 190 430 325 280 271 443 397 290 113 491 427 259 410 212 297 365 
152 290 378 376 368 326 319 295 452 408 227 229 430 493 391 308 438 319 251 288 425 223 426 337 457 193 341 301 225 182 183 291 282 185 265 219 225 262 219 329 396 382 238 218 226 300 245 165 115 285 363 194 210 231 242 201 228 167 423 456 214 332 235 208 357 458 112 426 474 136 122 148 411 493 231 140 135 170 435 208 340 298 455 469 318 207 366 144 233 285 121 419 172 162 302 197 315 350 182 442 
445 360 227 364 211 464 356 471 477 143 453 328 151 265 254 366 195 455 333 432 374 213 194 468 478 439 427 441 231 144 145 140 251 246 335 266 284 158 433 164 137 141 122 480 428 200 469 445 280 391 365 374 294 192 289 203 399 319 378 288 374 312 295 396 130 241 199 353 381 482 462 293 119 205 190 440 495 255 165 389 383 364 186 130 437 413 179 147 300 258 359 290 430 194 123 357 160 424 145 333 
343 484 221 275 478 425 442 259 194 337 350 436 187 335 242 311 387 329 377 404 271 277 444 372 326 256 444 122 300 424 314 158 258 237 281 110 406 408 470 224 146 116 370 415 358 122 112 439 493 176 125 164 130 390 367 425 285 287 349 122 439 347 299 288 424 242 361 403 417 160 168 422 170 163 493 156 126 320 123 263 189 408 431 359 331 353 489 478 462 392 132 110 328 105 340 267 404 358 266 492 
129 234 137 480 356 290 137 379 202 211 418 297 441 364 303 153 408 484 221 240 434 320 285 231 280 366 117 307 322 374 157 133 464 353 372 490 112 283 476 290 218 460 326 193 208 454 397 402 315 303 456 393 421 269 164 275 203 465 421 303 443 309 135 492 274 123 182 375 198 192 178 177 134 218 150 381 397 360 292 373 246 154 202 127 489 212 449 265 335 458 412 357 307 257 342 201 291 118 220 429 
352 329 181 417 416 275 192 441 206 388 315 459 167 361 356 302 161 180 412 115 173 158 322 201 269 181 141 485 278 378 231 242 328 485 160 346 371 359 423 348 259 355 294 285 309 264 127 262 463 402 278 285 375 495 112 257 440 152 388 437 477 490 490 416 308 333 185 262 468 147 146 291 182 212 277 165 231 188 181 467 476 208 384 404 414 373 484 440 330 208 255 495 353 385 176 177 293 269 246 344 
407 406 255 155 170 317 265 458 433 135 290 250 411 422 281 385 241 381 259 141 479 406 283 448 347 427 188 437 451 257 124 166 237 438 352 384 328 158 246 444 316 361 422 142 385 255 225 248 493 293 362 134 417 212 475 186 221 366 391 363 269 254 292 247 406 145 285 248 238 163 347 453 407 108 443 473 412 157 370 273 202 477 271 364 259 334 318 280 271 184 113 343 348 127 331 290 121 118 119 321 
224 384 298 298 117 483 432 348 389 400 107 128 487 239 175 195 324 176 233 431 358 445 460 277 173 421 156 404 372 155 149 160 175 398 151 193 332 161 494 130 193 137 114 194 419 340 456 261 477 215 382 262 363 338 439 493 278 382 109 395 491 389 302 279 361 318 260 300 256 243 153 474 463 413 338 339 332 257 476 422 120 212 438 423 262 225 269 326 179 127 206 345 240 481 393 201 423 172 225 279 
415 371 124 300 231 485 230 388 158 235 411 429 277 357 150 475 168 349 475 376 243 157 383 265 140 474 298 223 465 208 405 234 233 233 168 254 471 280 402 281 459 395 115 145 210 491 127 216 298 375 357 400 311 208 324 124 412 269 487 401 346 110 428 125 259 334 342 386 328 196 427 373 461 332 352 123 239 317 233 178 348 454 143 153 211 277 176 167 341 461 396 156 208 348 385 243 255 145 441 353 
417 353 375 389 190 278 180 292 416 126 189 420 252 316 456 446 223 495 402 261 193 330 395 462 398 466 426 126 187 345 170 489 391 452 226 194 344 164 358 379 279 448 215 392 197 392 458 157 351 185 402 473 463 446 275 429 231 265 320 142 445 142 110 434 485 286 122 468 362 292 485 204 429 415 398 316 480 288 342 161 148 342 420 381 305 301 279 493 241 218 404 168 232 396 237 284 370 254 439 241 
112 339 157 132 216 233 477 227 248 147 306 313 460 153 176 208 346 356 119 462 138 211 205 239 268 195 139 409 378 334 228 145 126 364 409 281 302 330 465 270 166 426 472 297 153 342 167 392 272 366 134 139 205 383 453 187 452 332 363 174 308 168 282 227 117 279 304 478 474 271 467 257 248 305 379 320 490 344 206 389 470 452 401 407 395 422 287 311 467 494 339 199 333 484 456 161 249 119 473 322 
475 338 476 309 309 479 210 430 407 323 305 174 185 295 463 295 418 235 353 170 382 349 242 208 134 480 154 161 180 474 247 104 401 423 422 304 198 200 132 114 495 328 376 458 356 403 346 191 153 111 152 362 371 235 295 189 362 179 260 183 401 196 240 270 134 427 489 329 113 384 240 143 433 415 249 216 214 402 283 267 329 236 120 476 104 342 236 370 168 223 107 179 166 390 290 456 353 248 297 290 
223 221 459 478 458 164 361 259 340 429 482 322 462 371 372 205 422 365 296 177 209 380 478 414 163 266 476 254 465 395 204 244 307 489 134 179 276 104 321 298 222 192 350 327 423 145 354 313 377 321 397 273 145 289 224 318 212 209 252 212 123 335 410 345 189 110 378 329 192 175 364 140 339 160 443 241 309 224 362 282 421 438 285 165 421 478 207 462 227 400 354 312 490 167 314 361 418 244 128 151 
387 115 357 281 442 409 287 224 493 286 142 174 330 418 320 220 224 339 264 142 280 105 381 421 279 104 449 342 290 330 410 289 475 470 389 415 398 275 394 233 439 205 148 180 400 278 224 308 211 324 246 494 162 258 275 336 253 114 441 148 172 465 314 237 448 144 242 212 439 314 186 195 393 135 373 319 314 222 442 406 351 137 357 402 366 167 252 218 294 201 414 393 172 252 160 453 270 194 252 338 
437 479 367 307 470 130 260 416 185 147 490 109 192 195 170 124 285 270 432 431 166 220 303 137 407 481 224 374 155 445 322 458 172 245 138 153 456 276 110 330 139 156 338 236 228 153 238 299 485 309 131 281 194 158 373 241 209 274 453 317 385 147 219 182 190 364 359 491 367 276 240 194 153 130 178 372 401 483 114 274 385 470 216 263 176 315 392 268 390 301 128 233 332 109 160 409 278 439 358 361 
194 162 302 366 263 228 405 235 368 459 233 387 330 324 120 345 128 386 313 229 363 128 320 492 294 205 142 265 230 390 114 391 108 437 260 395 391 406 469 490 245 413 257 441 243 237 493 391 419 440 350 197 443 110 224 193 472 340 469 128 228 387 313 133 241 111 333 254 355 265 179 129 119 253 248 448 436 109 294 169 303 172 483 230 453 466 452 459 166 402 384 273 438 277 406 183 372 253 356 253 
489 184 447 329 431 235 408 271 257 454 445 256 349 194 173 475 166 142 120 132 322 382 274 423 171 134 482 117 441 153 268 131 184 321 191 429 476 413 354 292 176 222 151 236 400 177 122 328 342 149 473 166 344 240 378 356 137 186 284 204 339 347 188 205 191 479 408 420 190 116 423 313 324 340 141 141 208 323 341 466 431 224 187 163 369 284 106 147 431 275 205 288 391 132 466 198 478 253 195 125 
349 136 276 194 293 246 196 121 452 431 300 410 481 368 145 274 235 248 356 242 487 437 430 333 167 426 487 272 442 213 179 386 208 228 190 230 179 241 414 466 142 327 221 435 292 392 231 442 321 444 358 178 110 115 305 278 177 172 162 259 480 464 108 313 177 490 207 237 112 126 330 403 321 287 245 247 269 484 391 406 243 161 437 226 154 266 370 297 189 340 415 202 158 383 330 190 301 295 481 359 
333 403 388 145 354 234 365 292 112 341 191 271 413 471 166 223 200 420 341 252 423 199 488 209 107 191 347 444 328 237 249 434 337 430 343 490 106 334 119 224 154 183 118 404 493 254 417 182 254 113 397 376 415 291 456 426 387 371 130 316 247 307 130 120 170 424 134 126 475 385 178 241 416 453 188 140 242 280 230 155 214 139 304 256 279 366 474 282 477 403 482 475 350 412 127 202 493 208 361 241 
287 114 472 216 412 162 297 308 490 327 335 355 192 169 389 467 263 263 323 438 350 217 176 283 212 109 194 179 375 214 196 136 292 400 387 217 218 454 265 355 262 407 303 177 310 124 472 212 488 128 380 190 431 305 465 473 160 216 374 404 475 463 409 218 194 392 472 216 237 343 449 366 439 428 261 333 452 272 330 387 249 347 432 442 457 385 421 378 399 162 252 128 308 167 209 423 130 454 107 267 
119 221 302 106 213 339 460 461 134 202 376 129 263 168 260 216 479 398 480 180 432 363 148 106 476 133 138 173 331 258 281 120 221 228 355 352 360 432 428 158 218 232 472 200 448 446 390 384 179 207 401 409 118 128 312 138 279 441 207 481 491 166 188 138 428 208 449 149 328 292 494 467 322 384 300 199 179 231 348 294 195 156 176 366 482 435 409 208 210 162 486 464 255 386 221 230 387 353 327 303 
387 186 459 119 151 331 316 474 241 136 470 126 334 462 360 244 448 146 373 418 189 265 304 300 286 151 166 309 202 439 154 348 371 343 320 360 302 109 193 162 109 157 435 436 431 282 263 481 238 186 286 357 481 402 238 212 307 185 135 460 299 263 111 356 201 115 434 355 374 389 328 143 239 187 257 429 273 447 212 455 207 277 245 256 212 332 388 212 341 415 245 127 308 120 283 406 241 333 388 356 
153 447 179 436 487 420 410 288 218 407 293 377 130 138 424 232 481 234 193 370 493 263 197 441 238 493 329 210 414 411 235 266 185 279 432 347 373 410 279 491 333 443 247 209 354 423 245 400 345 226 264 147 105 290 115 192 346 464 172 188 440 434 396 241 141 242 388 149 328 418 316 349 104 398 483 328 266 475 286 138 359 139 129 380 258 161 450 490 110 197 397 317 475 216 447 351 257 277 269 162 
286 224 376 377 254 288 187 462 130 234 403 159 417 305 380 237 435 456 421 459 463 225 237 115 350 345 156 192 206 150 396 371 112 399 495 292 115 106 312 368 241 166 138 365 323 147 306 178 108 348 286 446 373 389 469 294 234 384 201 475 316 414 229 301 460 354 190 171 186 203 178 437 252 400 489 114 311 350 220 492 302 311 397 294 115 486 192 144 449 422 298 316 345 420 430 462 123 281 388 258 
204 379 344 345 446 469 460 471 158 197 176 269 382 277 249 482 280 272 474 235 118 134 298 144 271 341 329 297 358 118 292 368 335 400 272 183 316 134 322 250 192 127 334 401 405 258 495 431 126 185 314 337 166 463 117 457 318 203 467 263 295 436 207 349 417 262 450 322 424 485 295 465 446 253 449 362 146 467 157 135 353 294 162 177 366 410 320 261 255 461 300 135 260 128 428 139 367 132 280 271 
297 266 163 133 316 307 255 181 122 288 172 486 210 391 234 133 179 358 209 141 178 270 350 337 274 331 258 154 213 295 270 200 314 291 453 221 385 166 219 347 455 158 295 152 290 350 402 380 359 484 431 423 264 457 125 345 215 272 494 303 442 452 233 169 366 239 284 367 135 493 189 364 403 122 110 247 233 342 402 373 176 113 270 166 444 174 329 357 297 279 354 256 308 338 174 336 227 222 343 227 
257 442 358 385 165 187 244 460 232 261 484 335 181 391 167 246 218 273 408 129 489 458 343 426 234 203 474 326 358 283 118 149 339 347 105 464 365 309 153 178 414 350 288 334 365 215 332 279 326 214 473 353 134 341 193 358 221 155 252 244 487 400 174 426 271 145 116 124 451 416 483 461 306 297 112 243 153 356 159 271 227 122 259 207 238 294 108 111 368 388 239 235 465 406 327 151 202 160 218 284 
443 308 211 291 269 423 449 296 379 135 398 193 107 275 123 417 155 257 401 314 166 216 264 337 474 448 212 346 105 491 142 189 457 319 457 406 388 132 202 359 173 157 166 445 322 286 163 376 465 445 240 444 318 256 452 419 457 394 440 320 230 415 117 205 457 470 425 126 204 107 405 345 495 138 302 214 435 134 246 494 151 208 394 290 418 300 380 386 345 191 456 475 387 447 314 493 323 371 167 320 
465 477 293 437 465 385 250 245 221 114 334 276 127 229 225 158 477 225 294 198 218 417 157 460 242 344 173 403 433 387 229 491 239 373 140 300 170 462 382 484 315 438 430 249 313 346 208 251 212 456 210 177 390 417 293 222 441 125 295 486 138 317 190 257 200 182 141 477 198 116 382 105 178 345 391 421 246 341 491 388 172 113 259 214 116 263 469 402 327 324 493 316 469 216 236 245 391 371 442 117 
322 393 431 252 234 267 414 387 410 287 445 303 319 494 230 202 289 237 474 210 191 162 219 283 264 189 393 279 272 416 339 198 321 273 247 270 414 143 400 228 226 318 294 185 450 423 297 214 262 165 372 204 474 310 463 314 252 387 187 154 153 331 460 135 422 190 344 465 275 474 421 330 464 226 161 343 405 397 459 352 335 406 267 197 456 297 467 211 371 178 359 376 294 176 162 406 225 261 154 139 
126 378 397 373 368 433 175 373 131 296 461 336 286 277 483 313 368 211 486 370 151 333 491 391 459 297 171 352 260 191 150 184 414 346 312 203 242 312 389 477 455 325 431 316 225 421 197 344 296 146 295 297 124 167 276 152 476 388 276 237 481 200 144 317 410 183 427 438 124 211 466 266 163 443 271 475 367 186 186 159 313 355 241 270 477 176 338 393 153 125 232 177 134 218 343 127 299 353 131 167 
297 165 417 477 131 383 274 130 412 325 417 425 236 439 339 384 369 387 400 361 347 108 297 274 463 269 405 291 203 128 154 160 402 202 355 438 400 463 267 331 262 214 291 173 303 244 402 129 381 479 367 449 317 435 286 387 282 428 425 213 487 417 137 114 416 126 417 160 298 194 214 259 276 414 185 272 463 214 115 483 487 293 188 356 183 164 332 104 110 384 387 471 460 357 152 494 283 194 490 207 
217 410 294 311 409 233 380 131 221 312 307 379 327 263 229 306 468 195 391 209 167 475 471 470 133 166 466 382 439 381 130 393 132 264 134 473 245 208 125 273 168 485 432 271 407 272 442 486 239 444 144 273 399 417 194 391 244 425 330 398 382 254 389 322 376 363 436 267 475 459 158 140 380 369 458 495 289 370 333 161 324 445 172 268 466 441 142 446 321 282 140 362 298 422 262 423 307 384 340 413 
357 468 475 202 304 159 382 242 447 205 221 179 414 485 286 266 227 346 153 162 459 112 298 271 191 275 165 441 393 199 408 285 374 188 343 401 364 171 302 300 483 416 323 211 451 212 170 190 183 306 223 350 370 443 220 127 390 445 339 313 282 254 379 254 116 380 135 106 132 106 220 487 438 143 156 415 194 458 477 109 441 348 362 120 301 118 372 349 387 284 236 212 419 118 469 430 217 203 273 252 
172 425 108 189 296 298 265 392 293 309 479 463 263 441 225 378 482 420 456 394 217 184 153 406 410 348 459 178 416 421 231 297 164 312 110 359 115 314 377 204 137 363 171 394 126 301 442 299 243 154 419 212 272 236 489 467 493 107 201 394 494 266 114 232 474 313 194 145 368 273 341 377 110 247 132 247 480 451 402 164 156 302 334 124 108 337 112 275 187 123 408 238 296 471 246 355 226 219 422 242 
137 184 189 158 138 467 342 332 221 270 198 108 486 364 367 252 384 328 378 299 137 463 437 286 424 274 336 400 258 271 324 491 274 252 236 214 360 111 265 234 383 135 333 129 264 110 437 382 116 337 235 217 352 371 453 341 194 397 281 121 454 336 438 247 483 441 299 326 120 427 397 227 128 308 189 336 363 349 439 192 129 344 133 152 224 154 375 437 338 474 256 396 272 401 371 306 493 458 420 318 
125 173 127 373 271 147 225 338 484 218 219 402 430 342 363 327 331 107 204 352 264 352 488 436 194 344 244 111 456 461 105 448 286 122 334 122 470 408 459 149 378 349 240 232 361 346 366 275 255 401 275 334 489 125 200 246 268 421 488 460 282 438 157 115 225 369 340 244 173 382 463 109 354 292 362 207 338 163 152 110 311 430 370 370 311 266 253 148 137 420 340 234 308 222 144 172 188 168 260 413 
273 117 371 466 293 444 196 390 209 158 375 490 152 119 458 420 270 276 475 325 227 183 197 385 264 451 420 370 326 285 157 366 466 236 292 112 328 311 350 433 190 271 269 205 280 144 404 379 490 330 281 422 216 406 461 194 138 170 413 177 456 228 202 397 484 423 269 392 457 283 128 306 244 110 423 195 316 298 277 219 358 318 115 243 254 457 305 236 401 490 435 336 224 332 129 185 194 272 363 446 
156 462 396 461 134 424 434 207 210 203 166 253 419 356 417 348 286 173 114 241 308 492 258 206 427 293 368 206 357 325 364 413 227 212 354 327 313 466 485 334 299 490 258 465 403 106 280 225 154 162 393 261 445 122 447 162 343 217 454 208 398 212 263 202 120 214 294 356 374 319 394 300 288 172 322 327 417 403 387 437 223 370 384 275 287 386 376 117 479 198 125 392 457 305 384 213 221 283 248 183 
194 186 380 352 321 493 417 348 435 421 268 145 152 438 310 427 490 226 137 375 465 306 466 349 358 483 471 404 202 485 177 330 138 128 297 267 330 423 196 449 481 478 346 390 198 161 363 162 351 202 124 344 332 374 398 402 408 246 460 433 146 113 210 263 312 230 479 422 446 465 304 300 133 275 286 470 227 405 395 495 320 451 169 372 120 346 495 391 442 396 270 411 337 343 278 156 118 160 104 405 
118 291 321 370 161 172 370 298 274 273 494 440 411 279 396 193 359 406 283 174 380 199 141 233 337 132 316 245 352 179 395 180 167 156 208 306 238 299 232 334 334 401 377 403 267 413 337 207 290 471 451 196 172 427 310 376 282 169 285 389 287 106 382 196 248 378 403 334 401 137 206 263 387 108 109 317 377 224 437 404 164 451 129 116 484 197 209 105 154 459 302 164 185 443 445 147 316 492 404 200 
366 419 442 120 125 410 145 218 431 161 482 110 166 462 185 409 326 253 282 417 132 122 416 380 237 483 217 257 396 207 467 140 432 311 180 335 133 461 138 444 134 414 414 190 357 326 449 287 244 419 222 174 330 202 277 183 258 465 322 339 210 107 263 111 388 463 130 423 391 233 151 239 120 126 281 435 161 313 311 287 272 437 277 465 236 232 432 491 274 258 134 463 241 179 397 394 174 330 319 482 
226 345 164 230 130 460 291 273 445 233 311 485 317 302 449 215 351 400 415 329 268 479 163 401 296 227 141 429 350 287 470 200 297 355 308 340 180 302 382 305 200 261 250 164 477 430 343 209 429 358 284 131 154 117 278 287 246 291 387 145 336 249 363 283 309 121 427 426 197 164 283 217 106 104 296 305 487 383 436 244 178 132 491 279 468 338 478 200 250 349 257 455 272 152 462 356 439 254 177 217 
484 288 353 306 323 213 105 440 230 338 482 190 381 483 231 441 447 181 275 339 323 128 401 288 390 262 405 389 410 154 131 359 373 444 307 116 321 309 131 252 268 387 267 130 402 332 490 141 405 171 175 486 327 429 396 324 149 278 227 416 175 278 149 312 459 451 277 460 249 482 195 215 310 447 201 168 222 365 228 258 399 268 138 341 445 158 198 467 177 226 121 400 282 471 369 302 196 370 259 290 
461 146 442 329 197 421 363 179 435 171 352 348 310 150 406 457 443 253 306 238 469 323 300 205 254 121 386 448 270 110 395 489 193 118 445 368 398 458 142 181 122 249 112 114 274 402 188 464 318 380 124 104 206 435 278 466 369 385 393 166 345 223 249 416 444 207 340 239 123 403 425 430 215 329 449 183 463 354 131 384 495 187 313 278 385 410 306 313 387 198 451 472 412 224 159 207 196 366 239 192 
411 183 105 145 407 320 159 329 226 133 150 276 292 202 436 310 141 416 213 158 253 200 285 454 364 328 488 313 393 490 252 107 361 114 133 403 130 455 347 179 284 346 481 178 184 142 140 139 275 331 104 208 412 470 175 167 326 478 453 318 240 112 387 493 171 194 419 434 260 422 432 285 175 495 253 316 325 478 200 476 488 306 237 459 423 157 469 228 143 438 397 362 374 164 274 222 249 352 425 196 
217 466 158 375 393 334 302 364 386 260 381 319 441 325 383 396 461 243 138 147 276 189 405 475 457 135 327 482 468 260 160 238 211 130 303 392 382 213 334 263 289 208 230 268 266 342 469 228 470 130 239 222 115 426 228 371 387 305 431 128 432 362 469 248 394 249 110 123 431 316 213 199 253 318 396 366 404 486 480 491 466 146 208 262 186 413 242 404 157 297 303 174 196 464 379 401 231 240 131 203 
394 216 163 187 441 152 213 232 418 330 204 441 297 342 232 158 316 231 444 242 263 293 271 437 487 365 253 463 234 157 469 482 286 304 116 324 478 327 440 376 387 244 457 340 379 215 267 267 316 238 299 467 299 319 317 386 364 378 144 209 236 262 178 238 474 403 171 325 151 324 412 408 244 278 277 400 300 472 230 214 160 329 418 453 465 373 106 118 255 396 282 272 242 267 224 144 233 162 184 380 
216 131 134 106 202 356 388 490 432 414 324 487 417 259 334 259 214 396 416 192 196 348 364 344 422 118 161 185 184 335 282 402 431 458 283 192 143 346 407 310 426 421 448 352 359 133 344 217 320 464 174 134 235 240 321 453 394 326 399 442 171 433 311 210 186 426 266 235 273 164 238 322 113 357 174 105 372 227 380 376 387 440 125 304 449 146 268 238 106 153 119 210 254 153 400 313 201 420 105 373 
347 217 232 374 380 469 370 262 444 149 312 216 396 277 399 305 108 188 196 375 255 393 362 440 300 218 180 364 139 192 199 415 357 358 114 304 222 238 430 282 487 315 410 388 353 201 379 263 223 459 121 183 120 126 466 272 318 168 197 135 459 443 388 435 349 140 194 376 437 195 352 137 127 486 259 408 417 374 462 286 439 150 457 416 216 493 244 342 245 455 293 132 479 394 363 213 329 246 205 334 
332 382 484 293 494 368 170 368 414 237 395 121 186 394 298 262 120 228 222 438 349 410 170 478 461 194 123 340 397 168 420 363 424 267 329 375 448 395 133 410 450 453 360 423 292 412 266 381 293 180 403 357 419 411 397 434 475 119 144 116 261 343 447 140 430 332 258 243 265 378 152 345 359 332 449 240 479 337 158 358 195 386 258 238 136 467 227 110 331 166 114 139 274 169 301 401 136 278 413 172 
361 374 442 258 108 472 492 483 201 174 239 373 330 494 189 123 183 398 144 463 180 448 450 303 272 290 320 378 436 387 317 278 123 308 175 131 239 157 382 286 381 241 431 375 490 148 225 322 252 224 126 296 309 442 349 189 372 455 118 473 175 371 137 322 435 417 203 129 192 393 381 365 185 194 348 257 340 282 164 154 220 164 156 109 435 221 223 267 488 142 480 301 424 322 203 386 178 246 348 468 
352 478 390 210 269 460 209 338 158 190 352 190 281 232 328 240 255 312 222 456 173 149 338 118 128 235 414 202 279 105 488 193 166 190 181 279 167 131 219 375 351 144 435 202 235 246 466 328 390 446 438 454 307 492 108 453 201 341 132 251 215 234 470 180 274 271 390 352 110 167 217 430 252 362 473 326 181 410 344 142 486 177 434 486 221 470 108 179 492 366 250 182 262 466 212 382 293 150 194 397 
491 468 314 452 261 323 325 237 274 471 412 471 139 337 377 350 184 226 265 303 223 213 259 213 422 205 485 205 301 199 269 156 462 465 325 179 442 320 314 320 264 220 346 277 221 112 436 289 215 215 290 469 485 152 299 298 212 206 146 352 141 242 221 152 217 495 389 147 361 154 394 380 114 183 480 104 198 199 493 462 171 414 183 393 463 401 335 342 278 274 333 439 362 203 391 150 473 207 260 146 
257 327 155 390 117 403 465 451 489 442 336 470 167 413 352 458 462 329 460 244 361 276 117 208 214 132 223 348 353 404 493 232 483 269 201 149 345 374 219 229 451 283 193 451 183 252 386 481 348 211 470 388 371 360 204 359 488 200 225 461 279 237 383 309 449 137 357 358 473 430 155 260 275 360 314 279 306 410 320 119 354 310 435 422 147 395 460 200 416 252 468 261 267 326 265 383 347 374 284 410 
350 335 333 222 232 304 421 483 293 299 369 405 291 150 399 351 184 384 283 422 421 363 104 325 222 461 436 276 359 469 172 269 181 343 288 437 126 236 457 347 296 348 492 462 265 281 112 254 361 231 367 467 340 213 446 201 236 266 191 317 301 288 119 180 408 407 218 187 366 465 267 364 290 428 136 207 395 175 435 234 166 115 440 339 129 342 155 207 175 246 452 111 454 245 307 261 387 416 296 197 
276 158 251 115 333 115 398 421 159 178 323 152 196 155 164 197 206 148 322 400 348 171 274 277 382 228 467 363 269 275 418 251 441 115 468 248 357 247 205 321 242 190 467 303 225 302 162 317 235 414 191 444 290 199 249 171 238 371 453 484 270 165 362 247 153 324 353 436 319 444 420 172 147 324 290 461 157 477 441 162 113 456 297 222 415 273 289 262 144 200 267 374 429 320 116 344 415 189 235 389 
333 371 356 479 197 379 167 275 438 359 308 305 419 311 224 187 301 482 340 120 149 366 129 233 414 452 475 416 233 313 224 270 446 310 200 462 274 142 462 241 320 222 448 167 355 226 138 289 205 438 247 147 130 231 260 262 170 234 225 390 205 181 325 448 478 492 261 216 290 461 407 426 263 411 343 420 377 117 194 435 162 126 335 372 307 138 274 323 347 296 273 436 331 283 163 494 370 334 185 363 
328 343 347 350 271 210 178 479 268 112 472 307 283 476 488 277 324 440 405 355 403 191 207 317 417 336 333 274 336 283 219 303 148 251 266 281 377 343 433 345 176 108 235 333 217 402 282 255 273 372 464 467 224 193 432 308 365 393 307 111 349 108 273 147 157 249 139 164 356 483 395 104 262 276 428 224 304 435 176 440 463 388 480 427 435 256 286 118 471 419 204 332 106 206 458 295 161 185 452 381 
444 354 266 282 472 168 216 249 141 190 363 338 278 150 144 490 461 374 358 386 309 109 487 287 232 221 311 296 201 135 223 309 165 129 422 316 208 223 490 294 388 350 161 400 336 111 192 104 492 440 445 382 335 266 395 312 232 178 224 332 125 485 183 416 111 110 335 222 161 443 194 292 249 329 278 384 493 108 260 384 481 295 372 435 286 122 490 340 137 291 144 387 341 339 329 121 125 144 110 233 
291 155 136 314 368 299 258 428 445 318 485 488 257 376 217 241 381 263 108 124 411 165 112 204 408 280 468 175 306 399 265 416 211 331 453 206 177 287 272 388 125 233 106 394 155 443 484 382 206 229 165 189 167 413 185 169 236 129 112 391 455 133 164 127 178 246 477 392 129 338 389 327 461 149 394 388 441 323 184 235 269 238 314 253 181 284 186 483 187 395 346 194 185 319 228 369 312 186 267 397 
209 433 455 170 359 480 305 487 291 247 314 165 259 159 162 489 292 435 438 263 119 277 180 312 304 381 119 234 423 439 349 350 458 366 286 278 347 259 332 366 364 359 213 272 419 416 416 281 160 372 271 382 148 346 174 384 132 335 111 495 435 451 307 214 138 222 378 418 469 416 398 173 151 167 224 319 449 149 160 166 271 419 229 420 311 432 495 162 434 354 212 460 116 184 472 476 393 372 183 471 
385 488 406 457 232 202 372 296 349 226 246 138 455 484 277 477 471 204 234 418 386 108 412 144 383 174 240 415 184 489 406 360 370 309 231 436 171 240 406 382 251 424 399 361 197 135 213 388 355 235 476 344 491 158 163 269 378 121 175 132 444 493 234 228 302 217 274 491 330 196 151 326 411 145 243 276 294 268 418 241 159 400 258 188 326 493 269 168 330 409 225 451 480 379 154 248 303 354 292 237 
180 348 262 207 317 366 140 420 113 184 269 477 266 367 449 402 270 265 295 445 303 434 284 350 356 352 428 478 271 441 346 434 145 255 257 289 126 115 120 271 475 197 451 313 397 206 169 357 412 394 286 287 236 387 334 422 441 429 472 422 371 457 460 305 312 290 409 322 224 341 189 127 230 181 470 226 236 374 350 493 122 454 488 329 261 224 236 356 318 142 156 298 418 443 347 145 182 348 396 439 
