50
2.017838868970001 2.158792910107774 1.0 3.8705651013040097 
362 0 4440 2 
671 5297 6059 3 
516 1717 2294 3 
553 1424 2107 3 
376 4810 5406 3 
453 3901 4534 1 
859 1422 2512 2 
298 2124 2582 3 
385 5497 5962 3 
316 4348 4865 1 
710 3464 4367 4 
244 4991 5273 4 
494 1949 2474 4 
684 1610 2502 4 
716 4560 5512 4 
196 5693 6052 3 
277 26 547 2 
395 1978 2485 4 
655 2272 3049 4 
186 2037 2285 3 
880 5779 6902 3 
919 2796 3753 1 
931 4707 5705 3 
199 712 1106 1 
511 1314 1977 2 
934 5277 6238 3 
160 6401 6704 4 
586 3188 3978 3 
716 1572 2483 1 
479 474 1059 3 
582 3321 4143 2 
345 1957 2474 3 
403 5252 5859 3 
580 3335 4111 3 
790 5109 6034 2 
748 6115 7053 4 
992 5648 6877 1 
348 3107 3579 1 
343 6003 6380 3 
327 5137 5519 4 
334 3310 3751 3 
237 3999 4378 4 
628 6254 7060 3 
451 2882 3493 4 
507 3240 3936 2 
192 5829 6242 3 
412 5016 5577 4 
920 1897 3049 4 
500 381 959 3 
551 657 1342 1 
281 399 309 187 375 262 297 317 270 462 331 227 433 185 437 338 321 190 265 382 459 299 330 169 228 255 440 307 266 216 342 444 230 395 484 346 197 355 272 249 489 166 464 233 300 374 372 343 267 483 
181 263 393 243 339 370 244 323 479 397 231 242 464 408 325 379 300 359 371 399 244 196 305 263 226 298 190 176 488 332 410 163 430 323 336 317 239 352 339 354 287 267 217 200 307 288 325 440 397 276 
185 486 406 443 383 428 330 482 298 411 482 249 469 429 285 224 482 471 492 226 332 286 456 187 182 252 340 340 223 436 453 381 343 398 364 416 182 251 436 472 324 217 452 179 487 407 436 405 434 237 
244 175 339 195 163 491 429 367 341 233 482 253 201 388 387 178 254 302 452 321 215 301 160 478 426 254 474 216 328 266 327 191 287 440 345 404 164 309 193 367 367 415 430 252 315 353 206 176 167 461 
256 281 484 440 380 346 188 391 470 372 253 341 483 357 355 330 371 432 429 215 390 472 197 439 269 402 304 307 473 493 197 394 263 384 216 424 201 321 459 253 360 272 292 268 335 161 246 357 313 491 
232 443 256 335 402 319 325 240 394 348 362 353 419 297 491 269 325 305 325 189 237 486 253 433 452 450 459 286 465 400 244 414 203 389 161 271 199 298 254 241 242 255 395 325 366 352 266 278 494 288 
163 235 259 358 352 473 266 365 271 248 330 405 426 464 179 357 248 344 222 187 436 469 415 444 277 280 300 221 164 451 180 404 291 374 254 489 176 175 217 457 222 172 367 276 171 186 249 225 232 204 
344 295 482 347 165 305 474 391 313 242 489 450 276 390 479 200 481 438 178 246 425 227 309 369 343 181 433 471 470 392 212 312 187 413 381 405 332 308 301 219 417 245 162 296 493 246 167 300 250 347 
253 362 479 327 174 477 232 366 285 194 336 469 402 265 367 457 491 454 188 367 173 186 161 424 218 446 363 330 257 321 210 338 360 415 206 407 481 418 298 360 281 327 451 417 161 419 358 217 278 323 
383 170 319 172 433 259 471 181 416 376 277 273 344 204 391 293 279 396 364 222 229 266 470 240 199 437 316 329 160 296 165 340 454 462 282 288 334 170 336 460 315 467 381 399 377 341 333 335 247 221 
216 460 197 216 206 485 470 476 429 360 165 220 267 273 476 287 452 491 191 325 351 223 432 425 400 369 173 495 264 390 338 376 179 285 454 194 276 271 320 352 224 256 392 294 455 304 385 191 408 323 
375 302 455 204 337 419 313 356 393 491 486 226 424 344 468 266 423 444 367 282 258 363 237 187 487 264 310 252 416 194 493 465 320 173 493 381 258 193 436 450 409 491 167 298 190 458 447 412 417 404 
179 390 432 326 200 282 201 372 362 449 336 444 164 198 178 241 214 449 274 446 331 320 263 269 281 235 344 255 222 409 260 315 198 414 268 420 320 222 370 345 174 347 211 453 243 474 240 239 275 345 
296 314 225 313 367 360 201 380 433 256 297 324 488 488 261 200 395 387 258 275 332 200 207 290 161 253 269 420 257 474 480 365 331 331 217 358 378 180 174 492 373 441 290 394 425 195 448 172 352 167 
444 219 259 186 167 446 453 218 444 432 218 249 362 361 287 444 368 355 415 161 187 175 193 219 461 162 174 360 309 208 193 468 361 233 261 235 211 314 277 478 224 339 208 410 228 457 211 194 374 417 
409 313 169 296 178 280 484 284 466 361 342 319 457 260 379 245 299 454 455 478 439 206 248 429 216 231 404 443 473 409 309 260 494 192 288 302 350 193 306 371 266 408 346 438 442 482 456 231 354 414 
217 292 252 372 167 453 215 257 475 351 423 160 482 355 469 275 267 238 215 309 194 232 378 176 182 309 381 174 239 279 461 491 342 327 336 197 434 259 349 200 307 448 188 233 275 343 472 271 339 260 
288 247 346 430 262 360 431 246 361 300 414 287 211 270 229 236 435 449 464 235 194 267 318 160 346 436 193 437 293 304 192 241 289 257 426 495 458 204 336 185 320 415 412 397 290 401 178 193 443 299 
482 246 208 319 322 258 230 421 481 169 217 350 249 346 293 406 327 278 426 175 187 186 239 308 183 443 377 223 411 415 437 431 417 406 474 447 358 291 235 424 289 195 174 201 206 295 456 371 480 246 
204 182 480 209 359 275 426 265 215 290 355 227 160 448 284 474 423 343 230 199 165 494 437 421 390 360 444 330 242 272 350 460 447 429 258 259 208 474 188 494 373 315 401 238 374 303 420 342 239 188 
462 405 412 377 181 198 385 262 440 369 454 421 221 374 367 254 403 348 429 173 392 449 252 264 433 475 256 484 394 377 183 485 244 381 194 205 273 282 396 450 174 474 395 369 344 291 188 289 451 378 
345 265 257 423 167 372 311 217 271 181 318 230 418 308 261 392 443 432 228 491 345 429 284 490 247 380 273 233 317 171 263 258 316 325 396 179 426 292 172 220 173 433 460 464 354 238 252 326 481 415 
492 422 211 165 425 261 250 211 293 283 318 246 259 482 342 234 392 287 204 432 240 266 491 227 283 282 400 375 294 207 381 394 357 254 434 453 339 166 478 419 377 495 450 277 486 464 279 453 415 382 
196 465 387 295 494 406 246 219 425 307 461 494 286 272 424 329 473 245 349 463 410 248 491 408 314 408 182 239 217 376 402 371 259 240 199 405 272 479 323 436 378 453 165 383 489 421 364 274 489 448 
368 473 358 448 487 330 492 215 209 346 482 179 233 364 192 402 316 387 229 312 420 286 337 177 469 491 483 332 494 335 174 407 298 278 294 361 345 456 166 493 315 495 217 160 416 363 469 267 425 314 
331 366 437 474 191 345 416 206 269 276 333 416 224 482 421 375 197 315 414 359 171 249 212 177 312 182 404 284 492 397 262 277 372 416 170 492 290 367 179 308 317 423 468 288 259 342 377 309 392 436 
174 166 490 460 160 201 289 287 429 316 444 223 314 165 173 379 444 363 277 420 415 245 199 483 218 239 283 329 293 277 179 473 377 408 325 336 333 261 390 180 399 376 349 287 234 377 494 231 172 479 
360 378 386 397 478 401 410 344 372 162 468 346 217 435 173 462 333 261 239 415 283 407 462 440 291 192 191 237 213 277 210 293 270 214 176 445 431 489 279 236 229 488 393 487 212 223 319 279 194 341 
232 436 263 227 423 326 317 301 244 327 331 364 487 483 357 471 249 248 469 307 208 169 419 240 388 245 238 389 162 161 371 264 462 451 360 437 316 298 358 333 421 488 333 437 353 402 267 229 233 265 
405 361 186 222 355 464 479 492 198 378 182 468 464 185 454 341 183 183 319 161 393 427 280 385 450 267 340 362 484 220 326 186 218 254 240 266 279 354 423 233 395 345 347 464 251 349 313 292 326 308 
425 438 253 401 319 358 163 272 293 411 173 461 242 355 391 327 283 245 258 269 313 169 314 492 435 163 372 214 477 411 410 225 247 383 459 194 473 234 191 340 324 192 353 392 240 286 314 276 495 310 
206 416 401 379 394 347 208 252 462 491 261 185 219 337 437 226 227 423 407 472 163 276 269 407 371 379 364 444 293 432 181 341 169 488 186 166 383 434 454 185 445 397 330 180 222 174 316 378 202 448 
176 335 392 279 446 332 212 199 379 394 289 164 329 212 469 301 480 469 358 409 410 185 316 472 464 164 396 384 317 284 204 361 229 468 308 420 354 338 273 459 342 370 486 468 387 488 164 462 187 257 
435 455 439 250 206 247 272 277 411 352 215 474 170 315 477 337 441 342 486 192 192 311 373 482 309 329 469 483 266 303 468 348 370 203 417 237 388 275 195 273 400 291 361 391 205 276 225 314 258 445 
261 489 187 460 165 241 376 365 477 327 317 356 285 242 323 357 193 313 299 209 185 369 297 471 451 298 434 181 215 477 310 233 414 310 299 176 217 407 346 225 476 396 252 270 275 381 371 220 469 193 
346 359 173 300 329 484 267 172 167 331 196 182 409 340 454 486 377 449 381 340 475 387 291 463 220 411 484 412 240 413 324 301 164 233 334 399 356 286 424 177 185 245 167 213 237 294 206 471 377 186 
279 494 285 192 463 200 492 314 171 396 444 284 407 174 444 225 276 167 211 263 257 443 227 221 359 362 412 443 245 477 410 169 485 197 295 469 181 460 462 379 490 377 200 171 452 305 160 160 480 381 
217 181 254 400 242 332 332 375 315 230 244 243 362 403 483 293 477 408 455 396 261 192 462 482 373 172 285 281 437 307 409 185 380 405 455 447 161 383 206 375 171 251 339 364 478 381 276 284 464 432 
429 232 466 429 395 235 399 327 331 167 494 468 347 396 471 207 212 367 236 436 213 264 486 279 392 191 316 286 470 238 165 367 431 285 487 420 285 440 270 448 168 488 277 429 223 325 494 449 407 202 
161 391 238 401 243 278 351 254 455 324 343 377 478 199 384 248 430 326 371 195 414 478 260 396 217 343 261 317 394 226 294 335 205 469 480 180 280 163 323 197 332 422 230 172 435 370 192 268 312 376 
175 465 192 258 234 184 328 193 295 470 232 293 352 299 484 221 165 349 405 366 470 296 453 339 363 164 170 444 482 224 385 260 366 290 394 180 295 389 292 359 326 267 321 395 431 345 307 189 410 236 
465 441 317 285 406 281 282 242 174 164 490 240 248 413 189 305 355 302 251 297 455 488 405 392 214 272 193 197 321 436 330 366 296 374 277 312 380 244 314 181 259 495 206 428 464 364 385 326 374 403 
173 355 322 188 194 266 422 347 306 206 418 338 414 212 169 327 279 422 249 437 476 409 197 429 410 274 481 487 455 210 486 470 179 248 188 479 273 195 478 294 181 439 326 380 362 382 320 194 364 415 
161 359 414 245 350 431 465 348 244 176 481 166 176 360 199 379 222 478 216 436 251 488 204 398 390 287 236 277 313 486 483 259 392 486 323 270 431 245 294 233 483 481 283 419 397 185 469 445 220 447 
438 347 218 414 387 495 184 452 325 165 272 275 256 179 390 241 277 264 383 440 266 248 432 438 362 182 390 396 422 368 423 395 388 175 313 487 451 268 260 320 180 221 178 277 176 213 290 353 399 319 
283 334 281 374 253 256 384 301 181 319 326 351 292 421 271 460 448 432 245 385 451 240 455 447 415 218 171 239 442 184 359 241 171 176 162 460 489 455 259 469 472 222 451 483 354 326 160 359 259 337 
447 386 295 415 279 237 463 412 180 214 296 418 472 255 326 353 301 383 292 427 455 451 335 193 175 188 229 383 168 225 480 270 313 404 338 419 184 227 297 494 386 240 206 451 406 489 474 494 174 301 
283 477 267 314 286 325 287 316 291 160 262 302 365 458 204 423 327 176 320 282 432 239 321 224 331 471 467 183 298 351 181 342 294 454 168 339 486 475 462 339 401 339 423 200 327 342 262 355 375 322 
338 198 201 342 431 237 333 419 391 186 309 356 354 252 296 252 357 187 421 373 251 461 425 250 160 300 244 189 204 398 197 259 309 297 394 475 346 468 449 256 234 188 368 226 395 453 245 177 399 429 
287 206 235 281 214 169 166 280 436 418 473 177 221 400 334 346 226 187 376 375 198 229 166 283 214 204 328 309 236 365 360 294 300 439 272 463 241 433 266 421 239 298 451 430 391 204 191 340 291 186 
