300
1.637 1.0 1.712 1.301
75 683 1055 2
54 315 394 2
54 684 891 5
27 122 152 3
10 601 641 2
73 501 795 2
82 258 447 2
64 143 234 3
48 836 920 4
80 923 1221 4
24 793 879 1
61 564 817 5
39 36 197 5
81 669 1071 5
38 1191 1349 1
46 3 193 2
65 467 559 2
68 821 1051 5
32 423 562 4
55 0 260 4
38 595 716 2
84 908 1015 5
66 951 1227 1
15 1203 1243 2
97 1245 1419 4
79 354 499 4
10 1110 1155 1
91 31 452 3
75 907 1040 4
12 767 786 5
20 372 462 4
83 208 400 4
51 861 1061 3
62 522 699 5
64 943 1200 3
65 235 414 2
71 710 906 5
93 463 783 1
25 828 940 3
19 89 150 4
68 1230 1499 3
86 855 990 5
76 518 766 1
56 168 377 5
69 632 777 3
55 1217 1317 5
70 545 857 1
76 681 992 4
80 73 153 5
56 831 1048 3
41 519 583 1
30 103 176 5
16 1169 1194 3
53 388 500 3
50 87 187 5
80 190 570 5
52 1007 1149 1
26 1218 1278 5
11 1211 1242 2
50 868 1104 1
96 453 807 5
61 431 665 1
43 610 798 5
77 1150 1405 4
42 784 879 2
53 455 552 5
20 150 203 1
22 322 391 1
25 697 784 4
38 655 727 3
73 201 366 4
85 661 1010 2
28 1196 1314 4
63 568 706 2
45 205 262 5
55 1247 1455 2
44 813 990 5
85 1117 1535 2
13 581 628 4
58 593 876 3
23 28 66 1
74 255 396 2
75 1212 1334 5
67 1142 1295 1
24 1166 1217 4
58 807 893 5
84 567 816 5
74 257 416 4
24 225 344 4
100 456 764 3
83 508 848 3
90 488 616 5
42 1226 1277 1
63 1272 1561 1
56 540 727 1
67 936 1260 3
26 1201 1277 2
58 283 496 3
55 525 704 4
100 832 1318 3
65 558 650 3
99 1068 1467 4
70 1195 1511 4
28 261 360 5
16 234 304 2
31 250 310 3
57 167 322 5
94 530 953 5
85 626 981 3
70 907 1170 4
64 985 1135 4
39 911 989 3
21 639 693 2
48 804 860 2
68 103 414 3
19 436 473 3
56 759 893 4
28 185 304 5
18 1145 1175 2
91 728 1078 5
77 805 1156 3
95 988 1314 1
83 268 615 1
61 891 992 4
25 389 468 3
95 430 526 3
30 350 492 2
43 447 542 1
73 40 194 2
13 1035 1086 1
71 661 977 2
91 620 1003 1
40 86 149 5
92 557 778 5
53 632 879 1
86 601 688 4
17 1210 1294 3
55 1278 1416 1
43 902 1020 4
17 1087 1108 5
66 229 476 4
76 186 288 1
69 637 948 3
31 780 843 4
15 1073 1101 1
47 417 602 2
72 596 797 1
64 898 986 4
60 1166 1390 2
94 1112 1312 2
40 1032 1138 1
96 1092 1193 2
36 605 742 3
20 717 800 1
11 1239 1265 4
47 357 404 1
49 84 283 2
50 636 823 3
25 592 653 2
56 887 1100 4
65 130 329 5
37 640 769 3
42 470 652 1
90 552 774 3
59 170 274 5
66 815 890 2
21 1191 1281 2
52 1030 1167 3
32 344 480 1
34 1118 1192 2
96 449 643 5
96 879 1257 1
99 566 1043 3
10 451 488 5
21 83 140 5
77 327 571 1
91 510 614 5
90 103 290 4
49 1211 1417 4
12 1010 1066 4
34 620 696 4
59 612 695 2
23 470 514 4
80 1081 1323 3
53 891 1023 5
14 57 125 4
71 1109 1197 3
84 1132 1325 1
35 1171 1342 3
65 129 325 3
73 828 1006 2
25 1237 1324 3
79 143 512 3
89 280 537 5
75 1113 1331 1
92 533 946 3
100 509 853 3
56 143 234 1
87 87 195 1
55 1231 1354 1
97 821 1174 1
79 1225 1542 3
29 1027 1156 2
99 423 611 1
54 400 561 4
43 674 741 2
68 821 1062 4
26 831 936 2
97 293 483 2
37 419 520 3
83 968 1155 2
95 5 322 5
81 1075 1346 2
49 782 893 4
30 132 206 2
34 1073 1220 5
44 571 621 4
97 172 482 2
98 531 887 4
13 452 466 3
25 387 489 3
67 986 1091 3
79 387 680 3
82 78 268 2
59 420 662 5
77 752 955 2
92 930 1389 1
52 722 906 4
24 26 127 4
41 6 81 4
71 56 331 2
80 160 263 5
86 969 1062 1
43 241 443 1
40 489 688 5
47 1059 1279 2
11 79 115 2
16 43 60 2
92 241 627 1
81 260 557 5
22 876 938 1
57 1180 1277 3
45 1132 1198 1
100 962 1159 3
64 9 262 5
60 688 807 4
95 1075 1288 4
87 204 535 1
51 510 638 5
93 827 1137 4
45 133 330 5
97 1202 1389 3
41 535 688 2
54 858 1063 5
29 485 564 2
18 830 881 5
33 1248 1362 5
41 842 965 1
84 715 992 4
41 737 832 2
94 188 635 1
61 120 296 5
92 394 725 4
87 1048 1292 2
56 581 749 3
12 689 727 1
84 186 339 2
20 1041 1134 4
38 1252 1381 2
42 612 677 4
67 988 1239 5
91 1277 1726 1
65 434 652 5
16 125 164 3
70 681 760 1
68 162 387 3
49 269 440 2
56 422 592 5
77 1254 1447 3
62 1083 1376 5
18 1203 1265 3
90 1189 1582 1
35 336 381 3
27 256 316 5
25 168 223 3
97 843 1312 5
76 927 1241 4
21 723 785 3
30 447 525 4
10 625 638 4
75 29 302 3
27 182 275 3
86 1118 1544 5
92 426 624 5
26 292 327 3
77 857 1059 1
68 1142 1434 5
92 1006 1233 5
93 42 429 1
32 1058 1154 2