450
1.0 1.981 1.065 1.668
16 65 144 1
22 1435 1468 2
13 1850 1881 5
26 241 306 3
11 1504 1554 5
21 1070 1139 2
18 1273 1320 5
46 927 1048 4
94 4 255 3
17 557 577 4
62 602 844 1
10 1495 1524 4
51 1818 2065 5
100 58 408 3
12 1742 1765 3
63 399 511 4
52 285 421 2
74 252 616 2
93 1067 1400 4
40 1154 1345 2
24 397 479 3
83 861 1150 5
42 706 884 2
85 431 577 4
90 1233 1502 3
56 722 928 2
38 137 300 4
38 1635 1811 1
56 570 775 5
56 1840 2051 4
35 13 56 2
27 1352 1401 4
45 692 780 5
54 164 379 2
47 1816 1994 2
24 885 979 1
53 1087 1202 3
10 1080 1116 5
57 1524 1673 2
74 287 553 4
45 152 317 1
99 853 1156 5
18 915 939 2
60 554 742 4
62 1412 1712 2
39 633 804 3
13 1340 1364 4
34 430 513 4
52 1096 1161 5
35 1526 1581 2
42 1209 1333 4
41 1624 1708 2
55 85 198 2
42 275 427 5
90 1215 1658 5
20 1685 1759 2
98 1728 2020 4
66 1780 2106 4
84 1760 2124 2
82 185 404 5
53 38 201 2
29 1167 1279 3
80 742 872 5
22 864 920 2
34 208 374 2
86 1833 2080 3
71 548 786 5
10 372 420 2
99 270 415 1
36 1180 1308 5
59 1460 1571 2
23 1556 1660 1
97 805 1050 5
68 1342 1634 1
29 1613 1748 2
20 1584 1683 4
72 137 250 5
76 141 354 3
27 56 118 4
28 161 205 2
41 526 677 2
41 444 532 1
79 1456 1694 3
20 600 635 1
86 121 523 3
22 646 689 2
32 720 847 4
96 251 471 5
56 1076 1185 5
46 77 199 5
99 1833 2289 5
37 86 171 1
56 503 656 2
22 1612 1637 1
74 1140 1320 4
48 244 312 3
26 348 465 2
22 643 722 1
84 1495 1736 3
40 902 1086 3
63 691 784 1
93 1012 1463 3
47 442 672 3
90 1033 1184 1
37 1376 1520 5
34 120 193 5
30 435 498 3
45 1711 1893 4
62 1516 1657 5
42 142 338 1
59 347 623 5
96 427 541 3
29 1674 1803 5
95 293 601 5
48 1836 2034 3
59 1427 1713 3
88 356 615 1
10 795 836 5
36 422 488 3
29 341 474 3
51 120 210 4
63 321 455 3
27 379 496 2
91 940 1340 2
52 1182 1412 3
49 1199 1296 3
11 1154 1187 2
23 381 436 4
71 1671 1857 3
94 88 295 5
90 1518 1766 1
21 407 482 2
88 752 917 2
10 1593 1631 3
45 1098 1307 4
90 634 1023 1
48 1691 1746 2
22 299 397 2
34 490 641 4
87 1053 1222 2
48 1012 1161 2
44 98 292 1
94 444 857 3
66 1556 1693 1
92 478 931 2
78 775 983 1
63 1237 1509 3
45 1482 1635 2
39 188 243 1
67 716 983 1
87 1655 1982 3
27 1399 1479 1
94 667 801 5
83 375 648 2
53 1512 1713 1
79 1792 2125 5
95 374 824 3
39 1361 1409 5
77 179 553 5
95 684 1117 4
13 1344 1369 4
51 1589 1762 5
27 1093 1139 4
44 588 679 2
78 260 466 4
83 1214 1373 1
76 816 908 4
85 1220 1591 2
27 1539 1593 3
35 1464 1559 3
66 348 571 1
74 1265 1563 5
17 962 1032 1
67 1855 2049 1
59 622 707 3
33 104 151 5
74 1317 1514 1
39 296 463 5
36 1359 1415 4
57 406 517 1
17 488 543 2
33 252 380 1
61 476 758 1
23 365 420 4
45 751 959 4
58 1697 1964 3
47 43 273 5
33 1617 1774 1
30 65 155 4
11 1010 1034 2
13 928 974 3
32 1146 1207 3
49 1823 2014 1
77 23 374 1
99 879 1185 2
16 1320 1347 2
14 1023 1076 2
91 1265 1505 4
25 1097 1201 2
12 546 587 1
90 656 782 2
18 1577 1603 4
80 373 761 3
95 313 540 1
77 21 355 2
88 248 649 2
43 43 161 1
91 1241 1692 3
95 839 1083 3
96 726 950 5
65 1013 1172 3
25 90 150 3
54 1125 1248 2
27 1694 1773 4
86 1445 1848 4
23 328 434 2
68 1371 1614 4
99 542 684 3
42 233 295 1
99 177 416 5
21 668 736 2
63 1317 1492 1
25 1789 1838 4
25 1598 1636 1
39 546 693 1
94 1851 2241 4
22 407 472 4
48 291 483 5
16 166 232 3
22 1248 1291 5
48 92 304 5
22 1553 1596 1
40 769 816 2
31 694 786 1
94 1675 1808 4
58 6 151 3
20 390 438 3
69 1326 1466 5
11 1165 1179 1
26 1285 1351 3
85 115 524 3
75 1351 1697 2
78 1813 1908 3
13 1072 1090 3
84 1330 1682 5
45 72 226 4
99 246 630 5
10 610 648 4
70 1183 1415 5
93 1114 1286 5
97 321 463 5
57 1154 1372 1
91 1067 1421 3
84 1169 1501 2
41 1549 1688 2
92 534 912 1
66 1593 1695 2
37 1694 1875 2
82 932 1028 2
21 846 933 1
52 1518 1687 4
12 803 846 2
89 6 260 3
71 261 482 2
58 1001 1142 3
55 339 414 4
92 42 226 1
34 150 235 5
91 625 875 2
15 872 921 5
34 1098 1161 5
80 727 893 4
80 587 831 2
27 1649 1730 3
86 709 943 5
87 1034 1393 5
57 785 980 5
53 677 915 2
99 1295 1657 2
50 815 969 3
53 1443 1647 4
25 250 357 4
38 1476 1594 5
14 706 722 4
69 1394 1526 3
69 1137 1445 3
12 771 789 4
83 1647 1843 2
89 591 955 1
79 1495 1677 5
23 675 726 2
74 1352 1461 4
52 1849 1976 1
18 625 676 4
49 757 998 1
84 1615 1907 5
28 157 237 1
61 1724 1949 2
64 876 1099 5
31 1434 1506 4
64 1066 1257 1
55 1717 1789 2
38 31 161 2
59 809 871 3
26 1264 1374 3
87 1543 1678 3
41 1488 1609 1
33 4 143 3
43 1825 1931 4
30 673 805 4
71 440 679 3
79 1531 1922 4
63 129 204 4
51 1427 1482 4
18 832 885 1
20 862 896 4
43 1151 1264 5
15 777 829 5
81 993 1256 2
63 752 951 4
60 608 852 4
74 54 344 2
76 669 823 1
63 1406 1605 5
19 1845 1938 2
50 314 441 3
19 245 285 5
52 34 108 3
20 620 681 1
46 1042 1222 3
68 367 610 4
94 610 992 5
18 656 696 1
68 274 499 1
78 674 917 4
21 480 545 5
32 1577 1646 4
72 356 659 2
62 944 1120 5
12 1095 1131 3
75 161 331 4
77 535 626 1
13 744 804 4
93 465 704 4
65 680 836 4
41 1774 1822 1
56 883 1106 1
83 1521 1679 1
12 150 180 2
92 869 1072 1
97 317 718 3
82 1811 2086 1
96 1622 1946 2
87 1397 1529 1
21 1159 1225 5
50 1646 1720 4
11 1609 1656 5
81 1208 1474 4
32 1620 1753 4
24 746 812 1
87 1387 1692 3
87 1549 1928 2
59 1238 1482 4
73 1557 1743 1
29 894 932 2
67 372 699 5
59 478 625 3
75 572 836 3
23 1725 1760 2
25 341 372 5
57 974 1035 1
61 787 937 1
64 850 972 5
35 1187 1338 1
10 1818 1828 1
61 1856 2026 2
44 1165 1328 4
24 1090 1175 2
95 1128 1296 4
82 730 918 2
67 707 821 3
58 1195 1321 1
87 120 288 4
95 1023 1155 3
61 477 718 4
90 1774 2033 3
48 1033 1207 2
48 335 455 5
82 1790 2163 3
37 1538 1603 3
36 800 917 3
67 135 300 5
87 522 876 3
96 840 949 1
89 1598 1874 1
83 463 810 5
60 909 971 3
86 1783 2091 5
34 941 1015 3
13 1630 1654 4
60 442 555 4
54 802 1030 4
84 1395 1581 5
75 971 1069 3
31 111 174 5
87 1250 1633 4
32 863 972 3
25 784 817 4
52 1177 1279 3
50 187 297 3
93 675 955 2
97 1200 1495 4
34 198 269 2
67 1606 1801 4
62 9 272 4
53 1611 1729 3
24 1582 1634 5
73 525 875 1
89 1702 2069 1
15 496 540 5
92 1271 1552 4
32 1376 1453 5
37 1603 1743 2
95 1591 1689 5
85 99 419 4
93 862 1134 2
41 25 190 1
91 191 565 1
56 448 657 4
44 129 282 3
88 777 1011 4
55 154 209 4
66 969 1182 2
73 1578 1791 3
56 607 849 5
18 1226 1274 1
92 435 560 4
73 946 1139 2
81 277 452 3
57 1233 1504 4
41 239 408 2
69 959 1120 2
87 346 588 1
69 1780 1944 2
81 205 361 2
86 641 938 1
94 238 444 2
12 1318 1343 2
88 1486 1798 2
43 1171 1326 3