150
1.0 1.886 1.808 1.014
92 358 579 2
25 189 268 1
31 399 519 4
17 467 511 1
52 193 435 3
78 453 562 4
19 83 111 4
86 235 530 2
88 99 352 3
18 459 517 5
26 374 408 4
27 176 268 3
52 222 415 3
28 302 430 5
96 69 523 4
46 436 641 2
58 494 754 5
75 517 668 4
22 490 530 4
23 558 596 2
15 221 271 3
17 171 199 2
18 511 538 1
56 107 248 2
75 130 228 4
95 38 155 2
12 476 503 3
45 87 240 4
40 423 564 5
91 434 704 3
40 540 730 4
10 158 193 3
92 105 479 4
24 105 163 3
64 564 790 5
44 514 724 1
86 531 663 5
47 514 686 5
29 385 471 2
89 195 286 4
39 525 595 4
95 292 632 3
41 174 333 4
69 35 338 4
89 513 876 4
92 47 272 1
53 289 362 1
65 167 374 4
39 135 247 4
51 484 738 2
10 432 451 4
66 364 508 2
67 199 267 1
50 434 674 2
23 78 123 1
95 65 482 3
75 285 447 5
71 61 414 4
54 160 323 1
68 388 669 3
78 545 915 1
57 405 579 5
40 392 571 4
96 246 364 4
22 317 343 5
77 42 281 1
11 343 388 2
44 469 588 1
52 172 257 3
16 23 54 4
16 115 146 1
96 100 454 5
48 344 505 3
90 465 780 1
15 0 42 2
22 452 517 1
73 371 556 3
67 394 681 4
17 348 394 2
82 443 526 1
91 10 181 2
21 301 334 5
94 438 734 3
71 386 681 3
73 197 491 2
25 447 520 4
54 338 433 2
98 238 710 4
86 464 756 3
58 576 713 1
61 159 282 3
22 303 408 2
100 1 197 5
42 555 665 2
98 293 398 4
85 7 215 4
34 136 193 4
22 102 205 2
42 85 192 5
97 454 749 1
43 100 216 5
43 221 398 3
89 352 567 3
50 260 497 5
36 115 193 3
82 214 581 4
56 260 398 3
13 142 201 3
56 132 324 4
24 326 409 5
87 125 534 3
11 376 415 5
14 210 264 1
67 136 209 3
78 244 624 4
72 334 680 1
21 28 113 5
25 390 484 4
62 186 288 3
94 570 896 2
45 27 99 3
22 561 626 1
10 289 320 3
60 58 236 4
60 240 408 1
42 353 419 3
26 248 322 3
33 230 347 2
48 318 518 1
43 428 513 4
14 103 172 1
15 24 71 4
50 186 266 3
72 280 357 5
16 59 135 3
92 415 574 2
58 387 468 4
49 62 191 2
13 3 54 4
66 560 855 5
42 423 569 3
34 335 435 3
98 483 722 2
59 460 625 1
27 183 301 4
50 306 452 2
89 21 152 2
56 576 839 5
17 13 89 5
12 342 396 4