50
1.04 1.065 1.0 1.751
74 55 228 4
62 184 477 2
82 52 189 3
19 178 216 4
86 89 446 3
26 148 209 4
79 43 404 3
99 162 530 4
51 174 283 1
73 21 210 2
52 198 428 4
15 58 91 3
35 56 93 1
40 151 340 2
46 180 401 2
35 171 252 5
65 114 247 1
55 177 332 5
99 57 542 5
48 78 245 2
87 25 439 3
53 124 358 3
30 73 119 3
91 167 459 3
47 1 165 4
24 105 199 3
98 25 337 3
65 47 119 2
54 188 276 4
34 155 301 1
55 143 224 4
53 136 193 5
63 184 345 1
79 12 106 3
58 53 268 3
58 73 341 1
50 50 288 3
44 105 280 1
95 134 353 1
70 178 361 2
33 150 285 5
66 192 420 1
13 59 113 1
41 107 192 1
30 38 117 2
32 160 304 2
55 81 276 2
21 55 131 1
24 149 193 3
78 68 205 1