350
1.085 1.29 1.567 1.0
87 110 375 3
76 177 392 4
72 156 336 3
76 1356 1497 5
11 1058 1104 1
65 907 1214 4
96 43 180 2
63 854 923 5
86 739 928 3
66 1275 1417 3
79 530 720 4
17 1437 1507 5
59 1124 1188 1
66 308 598 2
66 198 401 2
15 350 404 3
74 1358 1502 2
76 808 897 4
89 445 688 2
12 922 977 1
84 1325 1473 1
65 485 705 3
28 167 232 1
26 840 949 5
34 670 744 3
45 1461 1677 5
97 407 549 4
39 336 393 3
56 287 396 3
44 1317 1534 3
85 532 716 2
87 578 891 3
12 517 568 3
80 230 494 5
25 723 762 5
42 54 167 5
93 793 1179 1
74 1419 1663 3
15 426 473 4
94 1019 1460 4
49 1175 1261 5
27 480 524 1
84 1327 1556 4
14 536 602 4
93 1241 1549 2
39 1167 1239 5
91 715 940 4
96 210 601 2
69 835 923 2
23 144 219 3
36 493 601 4
98 1356 1673 2
87 1179 1274 5
17 573 605 3
59 1195 1401 2
93 793 1132 1
28 949 986 5
77 1128 1470 3
35 489 649 1
74 2 94 4
52 1393 1461 2
78 1344 1478 2
46 922 1035 4
73 1162 1476 5
90 1391 1692 3
10 706 748 5
62 879 1121 2
60 840 1002 5
39 527 715 5
82 838 1062 3
20 470 551 4
99 443 619 4
28 991 1100 1
31 1370 1401 1
79 356 567 2
43 411 527 5
99 873 1179 4
99 792 1107 5
49 851 1015 3
63 1406 1652 2
13 1165 1215 5
22 730 814 2
77 1053 1289 2
100 572 989 1
31 950 1071 5
43 347 545 5
46 863 911 4
18 1100 1131 1
31 104 150 5
89 613 783 3
60 1420 1544 2
56 193 365 5
68 891 1151 1
97 1143 1379 5
42 1443 1552 1
36 849 1021 2
87 141 327 4
91 214 328 4
87 666 1016 1
81 1254 1517 1
83 191 397 2
89 625 792 2
72 27 139 4
65 1430 1705 5
81 618 884 1
63 195 376 4
87 1444 1720 4
93 222 513 2
22 1269 1355 4
79 1075 1168 1
57 809 948 1
84 308 703 2
59 1306 1503 1
12 300 322 1
43 1386 1543 2
30 83 148 3
24 191 217 4
59 1377 1484 2
82 597 755 3
60 615 743 3
11 100 135 2
13 508 528 5
91 1363 1672 1
76 672 861 4
17 169 190 1
76 637 733 1
34 1264 1331 4
51 92 336 1
59 777 1061 2
34 323 383 1
40 10 98 2
40 819 943 2
83 379 562 3
87 953 1272 5
45 745 823 3
91 36 169 3
45 1052 1241 2
41 1386 1448 5
35 656 798 2
74 879 1067 1
71 1065 1345 1
100 896 1335 4
21 1353 1382 1
79 856 1208 3
90 781 1111 3
59 86 250 2
92 286 677 5
100 1099 1359 1
50 564 621 4
76 1356 1506 1
78 1011 1129 5
75 1438 1768 2
49 243 305 3
43 62 271 1
62 127 202 1
40 389 451 3
64 572 671 4
90 967 1187 3
36 1044 1122 1
39 1117 1194 2
68 141 383 1
96 792 1220 3
65 1428 1741 2
34 728 783 1
99 496 728 2
24 435 521 5
75 990 1349 1
47 146 320 5
65 819 1128 5
19 906 925 1
95 793 924 1
16 504 573 5
87 1136 1496 5
36 622 786 1
83 1185 1361 1
27 1100 1211 1
10 499 518 1
81 1043 1303 4
92 1123 1479 2
76 204 513 3
53 670 797 3
15 924 976 2
55 1357 1415 2
68 835 1098 3
78 1134 1294 3
29 616 660 5
37 27 110 2
71 198 370 5
40 1300 1447 5
75 716 841 3
56 922 1028 4
86 404 595 4
64 1292 1571 1
49 948 1181 1
51 823 987 5
24 1283 1311 5
14 253 311 1
35 892 1061 1
20 1236 1330 4
85 759 1087 3
97 252 457 1
22 1257 1343 2
71 840 1183 3
76 816 1152 4
31 225 262 2
41 591 771 5
76 182 370 1
80 1240 1500 3
63 45 241 5
95 210 429 3
21 1341 1397 1
87 648 979 5
77 23 152 5
15 793 833 1
31 2 91 1
67 235 397 2
70 907 1085 2
58 1398 1636 4
16 21 79 5
77 198 306 2
36 861 985 4
84 1222 1441 1
47 1013 1203 1
18 581 652 3
33 1459 1587 2
62 654 945 1
30 1201 1326 1
53 1050 1201 5
92 1047 1443 5
65 993 1283 2
78 43 181 2
89 548 811 4
14 831 899 4
75 283 398 3
98 819 964 5
26 47 107 5
36 803 851 5
10 1407 1434 3
15 1449 1507 5
50 289 428 2
22 1437 1530 4
66 842 1113 2
37 469 617 5
95 390 617 2
25 187 251 2
35 649 792 2
100 793 992 5
46 1052 1204 3
37 231 382 1
90 207 557 5
100 871 1089 4
12 1223 1246 5
93 918 1052 5
26 844 970 5
65 351 534 3
93 1086 1327 1
88 256 431 2
48 398 546 4
18 403 460 4
24 1193 1230 3
82 95 375 4
55 1291 1353 2
82 893 1156 4
63 1261 1560 5
73 151 514 4
21 9 96 1
41 66 266 3
34 1486 1560 3
71 360 595 1
48 1341 1571 1
28 280 419 4
80 1179 1426 2
43 1076 1272 5
37 784 890 2
10 1228 1263 4
41 679 853 5
84 410 606 4
66 968 1251 2
16 116 150 5
65 346 455 1
66 256 385 1
34 1094 1172 3
51 254 395 5
78 550 907 5
27 78 208 4
59 1155 1438 2
41 1227 1352 1
41 1318 1363 4
38 953 1078 4
86 421 557 5
60 1034 1192 5
37 21 68 2
32 493 530 2
97 1183 1544 2
40 268 414 5
74 919 1030 2
65 331 564 1
38 1222 1380 1
50 711 917 5
50 1344 1544 4
39 1294 1398 4
32 1105 1229 5
47 132 194 3
40 88 169 3
95 744 958 4
76 129 430 4
94 1350 1815 5
85 1403 1528 2
43 1239 1429 3
73 1340 1676 2
79 702 1095 1
41 772 826 5
17 807 856 2
51 9 204 1
19 463 509 2
95 246 509 2
78 1429 1712 2
39 1467 1520 5
29 1287 1411 5
51 808 918 1
40 132 237 5
63 368 472 3
37 1464 1527 3
50 547 779 3
44 178 367 1
96 683 825 4
27 204 231 3
72 269 467 5
81 1309 1400 5
83 400 518 1
54 859 1125 4
31 328 475 1
27 60 89 3
40 197 366 2
98 494 973 2
52 462 718 3
26 537 618 5
76 157 423 1
67 700 982 1
100 676 1103 1
61 336 542 4
33 901 1003 4
57 1388 1666 4
52 1164 1329 1
56 1167 1392 2
39 738 929 4
16 1159 1185 2
40 689 782 3
68 968 1297 5
35 683 769 2