200
1.042 1.0 1.781 1.489
26 769 863 4
87 226 417 2
31 516 562 3
68 21 311 5
31 363 434 1
40 484 672 3
30 484 628 3
92 327 644 5
92 595 709 1
34 523 666 4
100 777 1201 1
26 390 519 5
62 743 856 5
98 44 342 4
78 546 747 4
73 187 377 3
81 257 537 2
73 265 408 1
42 398 601 2
85 32 350 2
34 92 169 3
54 157 389 3
73 39 172 3
51 408 581 1
87 793 1162 1
18 628 688 5
100 565 842 3
19 125 169 1
48 302 357 2
36 334 397 4
32 253 292 5
31 241 380 5
30 313 394 4
39 289 376 5
24 707 794 2
44 362 549 4
30 144 251 5
36 358 428 4
53 461 721 3
25 512 600 3
67 739 893 5
72 384 662 3
12 204 220 1
62 280 525 4
44 510 650 2
15 632 658 4
60 270 496 1
19 775 821 2
22 485 567 4
89 587 738 2
17 818 843 3
41 265 313 4
97 178 623 2
11 9 32 4
38 663 748 1
61 674 875 2
99 708 984 2
20 76 141 2
59 691 827 2
76 24 119 4
88 573 679 4
83 808 1220 5
65 239 451 5
40 229 300 3
25 569 612 5
53 395 521 1
14 159 219 2
37 91 194 2
27 68 121 1
62 723 955 3
97 569 862 2
93 462 695 1
41 134 181 5
30 370 438 3
26 622 649 1
85 456 685 4
43 81 211 1
73 39 289 2
86 561 731 2
88 282 534 2
89 514 809 4
82 361 571 5
47 199 297 5
16 149 183 4
70 288 464 2
19 187 243 2
87 611 958 1
89 456 883 2
12 582 606 2
92 288 685 1
80 692 824 1
82 670 769 3
64 483 796 1
35 194 270 1
45 498 678 2
81 526 746 2
82 435 675 1
63 265 484 1
39 465 620 3
88 313 641 2
100 290 670 3
24 40 93 2
97 814 1125 2
27 271 316 1
49 65 211 1
54 10 179 2
98 9 302 1
52 798 900 5
44 257 341 2
25 280 319 2
22 194 229 4
65 417 697 1
30 382 481 4
11 722 738 2
74 76 369 5
33 36 110 3
92 336 638 4
45 558 631 2
56 170 338 3
39 642 683 1
70 404 613 3
64 49 228 1
33 197 248 3
10 395 410 5
66 724 881 4
78 364 510 5
44 338 524 4
61 495 705 1
87 237 564 2
43 375 448 4
41 349 544 4
61 75 237 5
11 779 808 2
32 546 618 1
71 254 467 4
62 82 259 1
84 93 504 4
46 87 297 4
46 586 694 5
25 558 585 4
62 201 282 2
15 380 447 1
63 721 919 2
36 533 642 3
62 294 593 5
10 200 245 2
31 612 672 5
37 148 238 3
82 244 328 4
24 376 475 2
45 57 212 2
76 769 849 3
91 784 995 1
81 128 249 2
75 6 90 3
59 545 695 5
46 269 489 5
48 817 1012 1
28 397 513 2
53 765 884 2
40 808 928 1
78 676 790 5
50 290 506 3
50 694 799 1
51 386 541 3
20 544 575 2
29 492 608 3
76 819 1155 2
80 577 671 2
84 500 919 5
42 177 252 1
90 139 356 2
37 799 878 3
84 12 231 1
47 8 90 1
54 365 599 5
61 790 1076 4
37 720 801 2
64 728 884 5
23 251 356 3
56 685 771 1
20 177 221 2
81 117 355 5
93 217 584 3
90 59 393 1
63 205 349 2
70 70 201 4
69 644 862 1
37 821 970 4
34 523 647 4
46 728 908 3
64 431 556 1
97 792 1113 1
86 671 1045 3
72 46 384 4
91 484 627 5
100 606 907 5
10 68 104 5
91 644 1096 1
15 285 329 2