250
1.796 1.289 1.368 1.0
87 220 386 5
93 873 1247 2
21 695 739 5
98 53 527 4
70 605 704 4
62 257 337 2
69 114 441 2
63 327 526 4
26 1059 1088 1
92 612 804 3
48 775 873 2
94 764 869 4
86 805 1069 2
51 54 149 1
52 7 170 4
48 499 736 1
58 784 890 2
34 370 461 2
91 266 591 4
15 37 55 2
28 984 1077 2
87 156 477 3
98 112 329 2
63 229 531 4
98 197 305 1
72 312 662 2
55 606 716 3
26 573 689 3
77 337 499 3
79 1008 1097 2
57 762 1025 4
88 1020 1171 4
88 315 605 3
11 384 396 5
36 193 246 1
48 592 712 2
45 947 1091 2
19 276 310 1
89 792 917 5
68 763 888 4
22 85 173 2
64 261 469 1
46 55 208 1
48 887 1035 3
53 195 404 5
35 62 205 4
48 344 498 1
13 943 969 5
62 425 526 4
94 555 842 2
39 626 750 5
71 25 248 3
54 893 974 2
86 928 1219 2
41 226 389 3
70 135 317 4
97 539 887 5
78 1062 1414 3
65 202 347 2
43 1053 1189 4
36 1023 1085 4
25 103 160 4
13 535 591 5
41 814 867 5
58 252 450 4
21 212 257 4
95 182 388 3
55 598 694 3
11 466 499 3
30 127 272 4
35 62 223 2
95 572 966 2
31 935 983 3
59 1035 1103 4
84 330 632 5
96 501 749 3
10 288 327 2
39 1057 1238 2
62 507 594 5
40 187 325 3
91 746 1016 5
51 290 485 2
67 526 708 2
75 1054 1152 4
28 547 622 2
30 259 396 1
62 55 183 4
63 780 997 4
64 83 398 3
71 419 521 3
43 304 487 4
56 595 719 1
89 865 1229 2
45 455 630 1
21 906 987 5
58 137 265 3
48 32 228 2
52 684 778 2
94 1054 1489 5
71 1 328 3
57 835 989 5
44 1032 1150 1
18 950 1027 2
79 605 847 3
60 426 633 5
44 775 983 2
50 615 715 3
22 458 523 2
65 177 406 1
85 595 914 4
96 1069 1337 2
80 788 1133 4
49 877 952 1
82 353 695 3
12 677 736 1
34 299 374 5
100 40 451 3
61 1042 1188 1
88 887 1201 3
93 687 1140 1
100 855 1182 4
84 604 792 1
33 853 985 3
51 373 444 2
44 661 850 2
43 892 984 5
77 830 1096 3
52 133 185 2
33 143 237 3
57 582 794 5
51 311 527 2
61 911 1020 2
38 3 72 4
16 396 471 2
15 269 297 3
57 579 725 5
48 215 332 1
80 744 1140 4
66 555 673 1
41 910 1107 2
100 404 861 4
43 829 950 5
76 218 509 5
70 175 334 3
87 255 498 5
37 770 939 4
36 449 531 1
75 266 469 1
18 512 601 2
85 1047 1249 3
82 49 221 1
85 948 1089 1
81 686 1027 1
11 480 527 2
62 399 663 1
94 317 475 5
72 2 298 3
98 757 1185 4
58 834 1005 5
69 248 417 4
47 126 263 5
46 655 839 1
72 491 726 4
56 17 122 1
31 125 210 5
94 363 770 4
66 327 412 1
35 615 719 2
78 478 731 2
71 416 565 1
46 902 1075 2
34 541 605 1
54 419 562 1
78 680 923 2
17 319 375 2
19 142 216 2
11 335 367 2
12 309 331 4
47 325 496 1
55 225 395 3
41 183 340 4
100 838 1016 1
95 56 500 5
71 531 802 2
42 974 1087 2
75 301 657 5
97 114 375 2
100 712 1085 4
32 915 953 5
52 181 256 3
50 440 599 1
64 143 371 5
12 959 991 3
59 27 120 3
27 164 194 5
77 448 599 3
53 90 283 3
41 146 213 4
48 927 978 1
28 825 882 5
97 56 513 2
42 507 575 1
99 235 462 2
66 418 503 2
78 797 1055 3
31 761 799 1
17 19 77 1
10 286 296 1
16 109 156 5
47 538 678 2
65 288 354 2
64 945 1051 1
34 806 890 5
51 921 1152 1
37 581 688 2
29 515 562 4
23 1003 1103 3
64 215 281 4
87 405 750 2
56 159 340 1
77 932 1271 1
53 498 689 1
67 1072 1320 3
46 215 311 5
98 422 857 3
57 613 818 1
66 236 394 5
43 694 838 1
96 481 777 4
13 2 39 1
41 448 491 3
36 427 527 3
69 831 1141 4
69 397 535 5
47 244 472 2
68 117 266 3
86 281 400 4
82 1064 1280 1
70 227 459 3
54 637 785 4
63 895 1198 3
43 153 229 3
38 49 89 1
25 304 405 3
96 675 1007 2
99 646 1016 1
77 196 367 3
22 960 989 5
84 853 1079 3
90 954 1260 5