400
1.773 1.0 1.673 1.301
42 355 446 5
17 1361 1426 2
37 1262 1446 1
87 825 1219 4
32 1165 1313 4
58 434 658 2
79 389 733 1
77 63 392 1
14 247 280 5
66 839 1109 2
63 1605 1839 4
99 947 1432 3
57 846 1056 1
83 575 804 3
86 240 464 3
91 20 129 5
20 1257 1322 5
28 30 122 5
27 1225 1291 1
61 554 763 4
54 331 582 3
89 1140 1559 1
44 1048 1129 5
93 1329 1668 1
34 879 982 2
25 947 995 2
49 1113 1284 1
21 879 942 2
80 729 1096 4
50 570 676 2
70 570 771 2
16 1460 1535 5
13 1155 1202 3
96 1207 1680 3
25 16 92 1
91 1242 1670 3
48 620 813 4
22 1040 1134 4
69 64 216 2
56 986 1248 1
71 442 677 3
88 1466 1609 3
21 1379 1475 2
41 1567 1702 1
77 1222 1482 4
84 685 1060 1
15 1374 1409 3
80 452 678 4
72 1120 1194 3
98 998 1188 4
55 58 134 3
30 30 149 2
10 1082 1129 3
35 117 185 1
49 1089 1254 4
22 1587 1658 1
36 843 923 4
27 514 630 3
92 1198 1650 2
22 906 1014 2
17 1544 1582 1
13 449 489 4
66 548 620 4
79 612 792 1
87 174 368 5
16 477 531 3
94 1575 1674 2
15 1191 1207 4
93 962 1163 2
16 830 879 5
16 270 313 1
90 1511 1946 5
20 404 429 1
47 1554 1625 5
78 1187 1465 4
64 1464 1635 3
33 1089 1199 3
10 1077 1100 5
30 662 703 4
22 180 236 5
38 348 493 5
38 1321 1413 4
58 697 763 5
83 362 675 1
24 970 1004 5
38 725 837 5
41 1462 1550 5
41 480 684 3
16 20 60 4
39 1572 1650 1
22 1200 1248 5
70 1269 1368 4
20 1448 1518 5
89 1487 1781 1
84 375 731 1
23 1406 1473 2
65 695 865 1
86 7 352 5
51 1405 1587 5
15 503 518 5
100 390 853 1
25 1147 1225 3
81 1011 1237 3
57 331 501 4
73 829 1133 3
43 1362 1536 4
10 957 982 4
57 1427 1555 5
97 768 1181 4
78 817 1085 2
81 783 946 5
85 742 1123 3
19 1605 1650 4
11 195 207 5
64 837 928 3
78 1616 1809 5
71 1320 1642 2
94 694 817 5
77 462 695 1
28 456 578 5
42 152 325 2
42 1033 1111 5
41 327 377 1
38 308 451 2
78 693 932 1
63 796 1069 5
86 1609 2015 1
56 989 1120 3
83 825 1120 4
85 789 924 3
83 625 881 4
21 1517 1584 4
99 1363 1488 4
41 1184 1295 3
30 120 178 3
23 146 228 4
90 78 284 4
32 1170 1274 5
91 1085 1481 4
52 1217 1463 1
31 69 174 5
38 617 677 3
38 1064 1221 2
71 340 484 5
61 1352 1510 2
87 874 1256 4
50 1085 1148 3
52 219 457 4
15 923 993 2
74 789 1051 3
35 835 954 2
45 1280 1410 4
10 1176 1203 2
47 1201 1418 4
62 1088 1227 1
19 560 637 5
51 684 921 2
41 1128 1263 5
52 1309 1544 5
66 1549 1672 5
96 530 929 4
31 935 1009 3
54 1621 1808 5
51 777 987 4
48 553 697 1
65 1408 1650 5
58 27 294 2
73 1407 1722 4
82 196 302 5
39 295 355 1
26 205 306 2
33 637 727 2
35 1215 1293 1
47 244 417 3
76 1183 1466 4
72 1223 1459 5
69 343 548 4
70 1204 1488 1
17 1430 1482 1
95 1187 1295 1
40 1358 1555 1
92 775 972 2
17 942 974 2
99 270 604 1
43 1112 1172 4
37 1508 1561 1
71 1358 1537 5
66 288 610 4
87 1102 1497 3
39 568 677 5
35 1592 1722 4
14 929 969 1
99 511 852 4
79 1609 1758 1
71 1501 1802 5
90 890 1259 1
86 869 1226 3
18 744 832 4
24 232 260 1
56 332 603 5
33 1112 1148 5
95 1152 1324 1
97 1238 1655 1
79 7 240 4
98 1091 1504 1
16 868 901 5
70 1193 1342 1
90 61 229 3
75 1249 1325 4
57 1247 1324 4
76 1154 1524 5
74 901 1176 5
35 619 706 5
20 1276 1353 3
42 1602 1723 4
99 409 745 2
60 363 432 2
65 1084 1192 5
89 579 877 5
67 13 88 2
26 692 789 5
87 201 464 3
58 544 683 4
74 896 1239 3
46 1206 1361 1
73 748 1107 4
22 801 890 5
45 778 991 5
85 99 257 2
62 1432 1715 2
13 454 511 3
65 947 1252 4
24 308 332 1
98 882 1080 1
89 1000 1168 4
43 1337 1448 3
20 1351 1375 5
83 942 1091 5
70 68 417 4
51 1565 1642 4
98 971 1140 4
47 977 1201 4
65 1319 1408 4
47 693 912 2
56 1076 1286 2
55 1609 1672 1
32 1359 1400 1
27 1328 1411 1
11 1070 1081 1
38 212 350 1
81 243 507 3
84 374 581 3
70 1346 1648 2
29 471 512 5
83 1011 1243 2
43 491 699 1
54 529 724 5
83 1387 1699 3
83 988 1243 4
81 228 403 1
89 17 394 2
22 64 98 2
34 1592 1734 2
13 1025 1058 3
57 289 418 1
51 89 164 1
96 1105 1232 2
65 507 645 3
72 196 433 1
26 172 265 4
33 1567 1711 1
21 266 311 1
52 266 472 4
55 356 414 4
26 761 858 3
63 32 105 4
46 1169 1353 1
43 959 1019 1
22 581 627 4
78 1560 1920 2
99 1153 1581 2
48 1145 1340 5
22 482 544 4
35 651 804 1
87 659 880 2
41 296 488 5
81 1504 1863 1
21 962 1036 3
27 718 753 5
27 602 669 4
59 872 1162 5
18 550 614 5
26 1238 1267 5
84 342 679 3
78 521 816 1
14 1138 1177 4
92 209 577 2
38 459 573 4
85 1495 1859 3
30 1458 1502 3
12 1187 1202 3
38 1398 1523 5
91 246 654 5
35 1229 1306 4
43 464 592 3
89 977 1145 2
45 1527 1590 3
55 225 443 2
28 832 969 1
15 369 430 1
16 525 583 3
30 467 515 2
25 1165 1191 4
56 208 314 1
30 487 590 4
21 1348 1430 1
14 1166 1197 3
26 330 407 2
64 1005 1157 5
18 1383 1440 5
85 1571 1743 3
62 724 1006 3
92 846 1248 3
72 644 774 4
12 1610 1648 3
47 1431 1493 3
97 142 330 4
25 856 903 3
76 1507 1650 1
97 932 1218 4
33 1067 1228 5
57 91 375 5
39 437 552 4
92 561 758 3
18 1054 1120 5
37 1451 1596 4
76 326 684 5
61 794 1011 5
69 325 462 4
80 1103 1273 1
74 858 1209 2
83 555 927 4
55 151 292 2
10 32 76 3
41 1006 1128 4
82 1499 1749 3
20 491 554 1
26 1008 1060 3
88 400 836 2
87 843 990 3
52 240 394 1
55 1019 1176 5
46 304 521 5
45 976 1049 3
58 516 685 1
60 640 839 2
97 1406 1760 2
88 1287 1536 5
76 312 481 4
37 675 760 1
92 196 587 2
100 334 502 4
59 1013 1106 2
72 1040 1187 3
26 48 75 1
96 1089 1247 4
85 73 367 2
40 646 694 5
15 447 488 5
17 495 548 4
90 1053 1482 3
23 821 847 1
84 1016 1377 2
50 774 833 2
91 1517 1769 5
74 265 399 3
42 1410 1498 1
72 43 306 3
30 1607 1684 5
61 1083 1212 3
83 975 1193 5
86 1267 1413 2
38 154 197 4
44 109 296 1
35 32 76 2
61 395 633 3
68 109 289 3
77 1163 1390 4
40 1293 1444 3
81 1457 1731 5
60 336 577 5
55 1399 1458 3
62 1205 1431 1
54 1218 1283 3
75 1134 1303 4
27 1334 1421 1
15 114 146 4
60 1367 1658 3
54 6 252 4
71 348 427 2