500
1.631 1.638 1.131 1.0
60 1251 1494 1
82 464 807 5
14 673 690 5
56 1558 1799 3
20 1872 1929 3
13 646 661 4
47 754 933 4
93 1472 1728 4
89 1272 1366 4
100 355 793 1
58 1293 1357 1
12 835 892 1
42 1182 1299 5
90 1071 1475 5
36 1331 1438 3
40 287 327 1
19 339 370 3
53 1160 1301 2
23 154 184 2
84 337 471 2
32 42 89 3
10 553 599 5
94 665 1087 3
72 626 840 3
38 1645 1697 3
80 1148 1371 1
36 203 357 1
31 148 283 3
84 38 397 3
13 1342 1366 2
73 1233 1405 3
93 1867 2182 4
70 1213 1331 4
31 365 480 4
54 1208 1331 3
54 1738 1820 2
41 383 560 5
55 945 1194 4
63 187 383 5
21 1752 1837 1
37 151 206 1
27 718 833 3
66 532 612 2
43 1622 1746 2
50 610 817 3
94 720 986 2
56 553 813 4
38 1094 1264 4
61 1059 1328 4
50 1821 1896 5
66 815 970 1
19 1758 1815 2
86 864 1094 3
82 719 1030 2
27 1242 1319 1
49 1518 1741 2
41 169 263 4
61 1847 1996 2
62 125 215 1
11 1043 1085 1
73 1103 1186 4
21 1050 1136 4
70 339 424 1
88 1473 1638 4
72 991 1094 2
98 219 539 1
47 327 486 5
70 1329 1605 4
77 489 777 5
59 1757 1911 1
34 1903 1949 4
95 589 1010 5
41 1507 1599 1
91 2028 2182 4
32 1962 2117 2
85 965 1092 3
45 1608 1819 1
39 1396 1509 5
63 121 400 3
88 434 542 3
87 1908 2187 5
49 362 416 1
27 1223 1291 1
61 1106 1238 1
40 412 479 2
18 718 755 1
58 913 1136 4
51 1855 1922 2
60 1068 1321 2
98 421 646 5
18 309 367 4
17 1505 1563 5
13 2058 2119 4
84 545 927 1
37 1173 1218 4
73 1059 1277 2
93 1373 1581 5
69 1088 1193 5
29 492 551 5
49 481 634 1
19 211 267 2
40 910 1097 4
12 1747 1793 1
45 642 791 2
30 1081 1164 2
72 672 954 1
24 819 928 2
21 745 769 5
41 618 804 2
26 575 686 3
100 202 688 2
45 320 393 1
58 1083 1170 2
63 1504 1574 1
16 246 319 2
73 157 348 4
76 822 1019 2
67 568 799 5
71 1104 1180 4
16 94 168 1
83 1973 2375 4
53 454 563 2
44 385 592 5
50 1199 1322 2
66 1470 1773 5
91 426 670 4
22 1185 1221 1
42 2053 2187 1
66 1635 1777 2
92 837 1154 2
21 1258 1341 4
34 437 508 1
22 2052 2081 2
55 145 378 1
88 1502 1853 5
50 98 185 1
49 1589 1795 3
92 1876 2125 4
77 701 804 1
96 1478 1616 5
34 1849 1918 1
91 1977 2329 5
75 1951 2067 1
51 84 139 4
52 1948 2017 3
95 373 693 2
99 1081 1575 3
29 775 804 3
55 43 291 3
69 1559 1794 1
36 1180 1248 5
16 574 626 2
22 112 170 3
64 310 567 4
96 1691 1958 4
40 763 816 4
71 158 429 3
13 218 238 5
98 1475 1646 1
57 425 523 2
51 1263 1334 1
79 565 809 1
56 1629 1890 1
47 1095 1151 1
26 1549 1656 5
62 610 779 5
13 267 329 4
37 998 1102 1
12 543 571 5
97 1694 2036 5
79 1245 1564 4
11 1966 2018 1
45 615 819 2
56 326 533 4
56 1899 2001 3
11 599 647 1
86 1922 2332 4
92 278 381 2
50 1582 1728 2
71 941 1159 5
64 588 689 3
48 1358 1426 3
23 1807 1919 3
88 896 1078 2
12 1395 1429 3
82 1877 1972 5
32 824 950 2
35 991 1071 2
40 602 717 3
45 1638 1777 5
39 1358 1480 1
33 1385 1495 1
35 1853 2026 4
47 1426 1646 1
97 968 1318 2
43 1007 1191 2
94 542 962 2
53 820 944 5
12 267 302 4
93 478 809 1
54 1534 1773 3
32 1621 1778 5
76 1527 1863 1
43 1682 1738 3
78 479 715 5
19 848 937 1
86 1122 1235 2
75 1619 1704 1
45 175 310 5
96 1195 1389 2
99 182 322 5
61 852 1074 3
31 2025 2154 5
66 1658 1804 1
63 297 450 2
73 1878 2077 2
52 189 432 4
48 44 94 4
75 1052 1331 2
91 132 278 5
53 562 733 5
84 1381 1700 1
44 1731 1787 2
22 1589 1657 1
94 351 783 3
75 1562 1782 2
74 1981 2066 4
36 1198 1302 1
94 804 1028 5
39 1734 1886 5
43 1808 1945 4
70 567 845 4
81 1896 2271 4
49 0 129 2
35 486 627 5
99 979 1270 4
14 709 733 1
29 896 1024 2
36 846 963 1
58 720 975 1
57 1853 2125 3
39 1695 1737 2
68 1654 1988 2
83 1691 1992 1
25 297 415 3
26 1778 1848 1
14 615 677 5
91 1459 1818 1
98 30 459 1
68 1858 1951 1
54 1814 2083 3
96 800 1097 1
19 1405 1499 3
43 1336 1444 1
11 1557 1596 1
84 139 389 2
13 909 967 4
76 159 337 2
31 1082 1207 4
33 26 132 1
52 111 276 5
52 203 315 3
14 1556 1581 5
24 70 140 4
55 283 474 5
45 931 1132 5
20 96 170 1
83 328 670 3
73 1010 1146 4
96 1546 1754 2
55 1264 1448 3
60 329 567 2
19 248 318 5
59 1786 1863 5
88 148 284 4
63 237 521 5
23 1189 1260 4
66 1473 1575 1
95 648 1099 3
47 1924 1999 1
57 42 190 5
76 604 924 4
33 1165 1255 4
17 10 83 3
30 130 211 3
68 1456 1550 2
61 1942 2235 2
77 1678 1900 2
19 1396 1469 5
56 527 682 1
54 1581 1661 3
100 393 703 1
25 1039 1163 1
63 922 1145 5
52 353 588 5
60 1394 1667 4
96 1000 1143 4
89 1375 1502 3
15 283 308 2
30 445 584 5
23 1654 1685 2
39 1808 1926 5
54 839 938 4
86 1517 1784 4
44 1236 1282 1
98 295 673 5
87 375 526 2
86 1812 2176 1
31 659 781 2
57 1936 2171 1
71 65 406 2
49 196 323 2
70 1987 2166 1
53 1714 1965 2
62 1744 2042 2
93 667 936 5
69 1538 1866 4
19 1778 1830 2
85 1512 1794 1
23 1102 1161 1
27 1470 1567 2
75 292 417 5
61 1670 1933 3
38 550 599 1
80 775 915 2
27 1754 1836 5
93 1910 2015 2
64 1275 1454 1
66 1379 1530 1
30 834 970 3
74 1777 2067 2
81 463 856 1
63 83 237 5
47 2034 2139 3
60 886 1152 2
20 435 487 4
72 972 1060 1
72 1952 2048 5
85 544 645 3
67 1094 1426 1
15 1954 1982 2
17 1637 1669 5
11 1876 1915 1
91 1230 1468 5
98 2062 2265 3
94 1208 1630 3
69 255 517 1
69 1204 1489 5
90 669 850 5
39 814 918 3
97 141 455 5
76 579 810 1
27 1356 1391 3
78 1450 1729 2
80 1253 1612 5
88 1897 2121 1
23 1231 1337 4
20 1855 1932 3
43 463 522 4
43 511 677 1
34 1095 1239 1
37 654 832 3
100 243 642 1
73 1383 1625 5
94 842 997 4
29 1114 1188 4
76 1603 1849 3
50 643 744 5
84 1445 1671 5
38 1153 1288 3
46 1972 2124 1
21 23 94 2
25 1015 1054 2
58 442 602 1
47 131 200 5
39 578 737 2
56 103 358 1
88 218 640 5
24 19 115 2
29 1830 1934 3
73 636 937 4
76 1111 1431 1
97 1807 2012 1
86 1282 1579 5
63 1279 1503 4
80 1007 1315 4
65 1012 1134 2
91 274 661 1
68 1766 2044 1
37 1754 1792 1
61 1169 1435 1
59 995 1158 3
91 1205 1460 1
54 450 700 3
82 1189 1486 5
72 1641 1968 1
99 1623 1810 2
46 387 551 3
19 1465 1555 5
93 453 628 4
93 438 570 1
21 635 705 5
85 1096 1462 3
91 1742 2159 1
96 1557 1680 2
69 780 964 5
54 747 880 2
15 376 393 2
76 1462 1804 4
67 1230 1340 3
73 1508 1677 4
83 1799 2158 4
87 1035 1412 1
88 662 1004 3
55 1645 1798 4
69 994 1285 2
38 1534 1661 1
52 1573 1820 1
90 676 1054 5
42 696 796 4
41 685 853 2
51 1994 2181 5
49 790 938 3
57 2058 2158 3
62 578 736 1
96 281 437 3
43 1676 1823 1
77 1430 1670 3
46 412 557 1
79 1980 2227 1
23 841 932 5
53 1918 2136 4
39 339 481 1
83 2060 2156 4
86 1293 1487 1
36 1066 1161 3
81 50 136 5
56 1152 1377 3
22 940 966 2
71 1944 2083 3
27 1890 2008 5
15 2000 2016 4
38 1661 1815 3
55 1552 1741 1
58 1175 1333 4
25 1440 1514 2
66 9 336 4
11 1454 1500 1
13 1096 1146 1
67 896 1183 4
39 1356 1468 5
86 927 1082 1
28 876 965 5
35 407 487 3
88 275 498 4
63 398 637 4
19 1579 1648 4
98 1672 2158 5
21 672 756 5
40 60 129 3
68 1103 1340 5
16 969 1046 1
82 1662 2008 3
55 464 681 2
28 1975 2093 3
11 233 278 2
74 657 925 5
32 964 1102 3
93 1959 2312 1
58 1382 1664 2
41 308 401 5
31 597 659 4
60 1325 1608 4
34 256 312 5
38 455 541 4
49 396 478 1
74 1805 1967 2
12 1135 1180 1
40 197 330 2
98 864 983 4
29 1541 1674 4
17 424 490 3
38 1269 1374 4
42 1916 2074 4
39 720 912 4
49 495 657 4
17 763 816 4
37 770 870 2
14 1778 1816 4
44 756 834 5
63 790 1040 1
14 1292 1349 1
55 1099 1209 1
37 876 988 4
39 1085 1141 2
62 1519 1820 5
63 709 892 3
13 1792 1844 4
81 880 1256 5
74 244 472 1