100
1.998 1.0 1.85 1.893
38 351 522 5
80 39 416 4
38 368 512 2
23 2 66 1
23 10 45 3
82 14 312 5
25 310 335 4
11 21 66 5
49 341 497 5
29 239 287 5
96 87 413 4
42 60 114 5
89 188 609 3
47 40 203 5
85 227 641 3
40 26 165 2
24 103 179 1
28 24 104 2
86 288 611 2
10 11 27 4
41 87 211 2
34 207 317 3
94 198 510 1
46 121 333 1
86 101 351 5
96 127 244 5
60 319 380 4
84 221 341 1
20 392 455 2
79 220 309 3
37 184 242 3
11 77 127 1
86 234 473 2
75 246 361 1
74 369 649 4
40 392 518 4
86 17 221 4
38 301 444 4
24 189 273 4
33 246 313 5
38 373 504 2
30 322 443 4
47 194 361 1
100 5 420 4
13 177 225 1
97 32 317 4
24 354 452 2
45 110 199 5
65 89 229 1
32 349 503 3
56 175 410 1
60 344 544 1
56 83 228 1
99 68 449 3
33 144 220 2
95 305 696 3
80 0 108 1
47 178 271 1
37 0 149 5
10 215 241 1
88 302 544 4
40 152 205 3
60 279 378 2
96 184 626 5
93 391 631 1
75 320 550 2
42 8 214 4
52 266 477 1
88 80 471 2
35 56 186 2
79 270 594 1
35 25 171 4
91 136 348 1
39 261 352 5
23 242 268 2
81 123 338 2
32 370 509 2
37 154 240 1
65 281 545 1
15 165 186 1
66 339 639 4
81 242 437 4
15 102 126 3
46 104 158 4
20 23 115 3
87 388 691 1
35 31 119 2
77 73 295 1
30 374 491 1
67 51 209 5
41 249 442 5
69 256 370 2
36 28 190 2
15 9 82 5
19 286 343 5
37 222 276 2
43 9 157 3
10 374 392 2
32 258 382 2
97 250 462 4