500
1 2.299699935231579 1.898641286832914 2.0935490623069772
28 665 695 6
25 558 592 32
23 507 536 8
30 835 867 45
31 465 498 43
30 761 795 42
22 17 116 13
41 31 129 20
16 110 128 49
29 442 473 43
26 755 794 5
36 247 297 47
20 62 104 35
33 727 790 34
17 145 164 43
23 470 495 18
23 686 728 11
19 7 113 1
24 622 648 44
20 65 88 35
26 461 489 27
27 503 532 41
21 352 438 3
20 361 426 15
20 8 71 3
25 771 798 20
23 711 744 20
26 81 108 42
27 441 470 40
22 262 285 49
33 104 139 21
30 415 460 44
18 705 784 15
28 705 757 15
19 330 351 48
24 364 419 21
25 836 863 40
22 789 813 47
35 792 829 40
26 232 270 39
22 146 170 7
33 307 342 49
30 283 315 49
22 401 453 35
23 844 942 8
29 50 90 26
23 424 453 42
24 132 158 42
22 703 742 21
15 247 263 40
18 58 88 18
21 653 676 45
31 260 294 47
24 547 611 21
28 834 864 40
27 544 595 21
29 597 626 43
16 365 414 19
25 27 65 23
32 357 416 5
31 437 470 28
23 466 491 42
18 441 461 48
18 391 438 38
29 285 316 41
23 491 516 41
24 319 345 47
27 757 786 46
29 422 451 50
28 744 778 48
28 682 737 14
34 627 663 47
23 202 245 17
31 230 287 37
26 630 658 43
26 311 339 3
20 516 565 1
33 681 739 2
24 431 456 42
31 433 466 45
30 7 47 43
26 479 507 42
30 22 118 9
21 157 180 46
27 716 786 19
35 847 932 44
34 236 270 32
22 525 574 9
20 868 898 17
26 225 285 31
18 185 275 46
22 90 112 40
21 770 793 45
28 571 619 32
24 728 784 30
26 407 451 46
27 422 452 47
20 864 934 19
31 465 498 49
26 68 98 34
35 812 849 49
30 839 871 40
18 530 608 24
15 82 100 51
8 835 845 41
31 252 291 4
24 294 320 48
23 143 168 41
28 332 362 46
17 809 828 44
16 90 110 9
25 742 768 34
13 107 122 47
20 224 276 37
25 835 862 46
26 46 121 46
22 250 283 47
22 761 789 41
33 285 320 49
25 764 793 41
21 285 308 13
27 192 228 18
25 545 574 22
23 373 437 23
19 36 57 17
26 428 458 6
24 146 172 41
35 213 275 25
31 617 650 45
15 95 111 45
21 457 480 37
28 619 649 42
25 560 621 34
22 193 227 24
22 646 670 42
27 402 445 20
22 351 376 5
28 90 121 45
18 383 444 19
20 453 475 46
31 660 693 45
22 164 188 44
26 731 766 34
23 96 121 49
25 546 596 15
28 812 842 30
26 164 192 49
20 825 847 46
25 229 273 37
27 763 792 43
24 825 851 1
23 370 413 22
13 229 270 30
23 349 423 9
33 631 666 41
30 484 516 44
24 425 451 47
22 50 75 29
32 703 772 15
29 486 517 47
33 555 627 19
24 769 795 46
20 104 126 44
22 64 98 30
22 302 326 43
25 267 294 33
22 329 353 40
25 194 263 19
28 358 444 8
28 468 498 46
18 625 645 17
17 15 75 6
26 469 497 48
29 298 329 43
21 565 594 32
20 711 764 24
28 111 141 43
14 230 262 30
20 572 615 33
23 872 897 26
26 780 808 44
23 57 112 34
19 680 767 8
11 776 789 47
25 550 623 18
25 719 766 38
26 419 451 40
32 246 290 47
21 201 282 16
18 244 275 45
16 249 271 26
19 13 44 10
20 348 414 9
36 720 766 37
19 56 106 32
26 98 126 9
29 823 854 44
21 210 234 26
28 33 124 23
19 165 186 40
23 865 947 3
30 340 454 1
23 218 263 38
24 207 252 20
18 251 273 47
28 19 82 47
21 607 630 46
17 501 520 43
19 345 446 6
34 683 789 13
23 834 859 24
24 679 714 12
23 240 271 49
16 279 297 46
27 772 801 43
14 718 749 31
20 326 348 46
18 630 650 41
26 456 484 49
28 690 775 11
17 429 447 29
28 788 818 41
21 598 621 40
19 405 446 29
25 131 158 41
26 46 119 46
15 422 447 50
18 392 431 37
23 455 480 43
24 537 606 24
22 265 289 24
21 708 735 14
24 366 401 26
25 272 299 46
19 266 287 40
27 539 620 29
36 622 660 44
25 340 428 10
23 121 146 41
22 375 412 17
24 527 600 39
26 768 796 43
21 66 109 37
32 699 767 23
15 751 783 47
25 163 190 37
27 186 250 12
31 685 747 10
24 346 450 2
23 843 902 5
26 169 275 24
23 118 143 40
28 532 570 14
26 835 863 49
27 246 289 41
25 316 343 32
25 53 120 31
21 278 301 46
41 485 528 41
21 640 663 49
25 426 452 17
14 46 74 22
21 868 949 19
25 343 448 1
25 492 519 46
24 112 138 34
22 466 490 45
29 490 521 41
32 747 781 42
26 448 476 49
23 268 293 15
11 565 584 39
27 490 519 45
20 57 84 31
23 62 85 37
33 324 359 13
21 868 931 18
29 355 455 5
28 321 351 49
23 434 459 46
26 658 686 26
27 145 174 46
30 591 626 52
23 436 461 49
26 863 901 1
22 364 398 40
25 633 660 40
22 17 102 2
25 20 92 7
22 832 856 46
23 731 767 1
35 734 791 37
19 243 277 47
25 361 442 23
29 609 640 41
20 430 451 47
23 796 821 46
26 274 302 40
27 530 564 21
28 635 665 44
20 512 557 35
24 323 349 44
30 439 471 45
15 76 108 42
31 117 150 43
36 648 686 43
18 880 904 26
23 598 621 52
22 738 768 32
28 302 332 44
21 702 745 34
27 271 300 48
28 215 280 15
29 133 164 46
20 381 444 15
26 557 601 28
24 529 561 16
25 579 606 52
26 280 308 45
20 569 597 27
28 35 75 42
26 825 853 40
22 424 453 47
27 347 443 3
26 571 612 31
27 506 572 14
20 168 267 13
25 140 167 47
16 641 659 44
24 602 628 42
22 849 884 35
29 231 273 33
19 759 782 48
25 422 457 45
19 660 681 41
27 793 822 32
25 279 306 49
17 883 910 15
25 527 593 5
21 297 320 45
26 842 936 30
27 803 832 40
20 28 77 25
25 47 114 21
26 155 183 46
17 35 94 8
28 217 289 34
22 385 447 39
29 864 924 23
22 167 191 49
16 274 292 6
21 287 310 46
33 329 364 40
30 357 423 8
32 560 607 34
34 455 491 21
28 598 627 41
28 566 607 37
23 346 373 13
25 552 596 35
24 58 94 40
23 481 506 46
29 20 78 11
20 146 168 49
22 341 449 6
25 618 645 46
23 608 633 45
27 259 288 50
24 732 773 30
19 609 630 42
21 66 111 20
19 171 244 11
28 326 356 41
23 576 614 52
26 29 65 19
25 719 767 8
23 557 592 37
22 737 772 34
24 612 638 46
20 46 82 26
22 429 452 3
25 119 146 44
23 812 837 42
25 670 697 49
28 752 793 44
23 540 584 37
24 170 268 13
31 731 795 37
29 107 138 41
23 787 812 45
31 266 299 2
30 729 760 27
30 525 555 12
23 671 696 49
23 800 825 49
23 32 67 31
20 550 587 14
29 576 622 50
13 391 429 35
22 421 448 46
23 805 830 41
33 40 85 22
21 552 582 30
13 403 435 32
26 629 657 49
18 320 340 12
19 65 95 33
23 395 438 28
28 451 481 40
31 720 793 34
20 149 171 18
24 294 320 48
19 834 855 43
11 286 299 44
21 861 912 4
34 218 258 1
18 813 833 47
41 247 300 44
22 689 765 8
27 650 679 46
20 741 771 37
24 741 772 37
25 302 329 48
14 386 411 38
17 330 349 47
17 754 775 12
23 772 797 43
27 824 853 46
36 859 906 2
18 120 140 46
20 226 260 23
17 549 590 18
30 90 121 50
21 571 595 35
23 795 820 47
29 123 154 40
24 577 604 43
24 876 946 21
29 421 461 52
29 275 306 48
35 157 194 41
27 633 662 49
26 373 423 21
22 647 671 40
27 541 625 26
22 777 801 16
19 207 256 18
26 736 789 27
17 849 890 3
32 617 651 47
31 290 323 44
21 712 744 17
29 244 291 49
24 840 870 7
25 216 252 33
26 235 267 6
34 244 296 49
21 166 189 43
24 510 562 11
19 828 849 43
23 230 266 23
23 530 612 17
16 406 429 37
25 826 853 46
29 741 789 34
23 657 682 28
23 551 606 26
19 369 449 19
25 194 275 18
35 596 633 50
36 591 628 30
31 55 114 30
30 490 522 49
27 46 85 23
18 783 803 43
28 134 164 48
30 155 187 45
17 669 688 47
23 704 750 18
23 119 144 44
17 483 502 45
26 222 254 38
15 195 241 14
33 501 536 43
23 59 105 28
28 127 157 7
27 297 326 49
18 351 406 2
7 587 601 42
16 883 937 14
33 197 243 31
27 680 738 13
26 72 107 47
23 0 98 12
29 168 259 9
21 449 472 17
22 232 271 28
28 297 327 47
23 290 315 48
26 225 275 38
