400
1.5107533724262252 1 2.339111805705676 1.4081615283771662
26 524 565 6
23 536 610 22
31 22 112 4
25 75 107 49
28 565 628 39
33 352 387 27
25 553 580 30
20 443 465 49
31 510 550 5
12 83 95 42
26 458 486 20
25 338 414 6
25 236 271 29
29 17 79 13
19 269 290 43
20 266 288 32
27 491 520 49
24 510 616 5
31 638 671 43
24 505 567 2
25 565 603 14
24 18 61 2
18 288 308 47
28 490 520 49
26 492 520 44
26 141 169 34
18 192 260 25
15 352 390 9
24 149 175 48
28 461 491 49
25 524 620 23
34 79 122 50
35 488 525 45
27 471 500 44
22 382 441 23
15 52 109 26
26 683 737 8
27 638 667 45
15 359 376 11
26 22 94 9
19 307 328 44
15 253 272 49
25 614 641 45
29 134 165 41
32 626 660 44
21 207 233 34
16 431 447 45
29 337 442 11
22 336 402 3
22 226 284 37
23 164 189 1
30 391 448 34
21 203 260 23
35 154 191 44
30 424 454 52
21 13 77 34
28 167 197 42
27 149 178 46
29 430 460 43
20 51 89 31
33 622 657 37
23 351 414 4
24 57 115 35
29 497 528 40
29 14 115 7
18 134 154 37
16 596 615 47
23 316 341 47
24 694 790 9
17 288 307 43
25 136 163 10
18 38 98 20
8 708 725 23
23 369 407 15
22 255 283 46
26 589 621 24
22 282 306 49
20 24 89 15
18 623 643 45
26 270 298 41
27 663 692 27
26 629 657 43
17 542 612 21
27 122 151 45
29 463 494 44
21 261 282 29
31 427 462 40
28 434 464 42
28 44 90 21
22 428 452 43
19 141 162 15
29 580 627 49
19 434 455 42
29 471 502 47
18 154 174 46
26 668 696 27
24 267 293 45
30 282 314 42
26 131 159 47
27 594 623 51
21 561 606 3
22 501 525 49
22 639 663 46
23 196 224 25
26 567 624 27
18 230 248 10
18 554 611 39
17 173 257 7
20 116 138 41
17 426 444 42
22 14 95 5
12 579 597 49
27 654 683 49
9 325 336 43
28 221 252 28
19 673 776 28
23 8 106 13
18 526 569 9
22 351 396 8
24 68 93 31
27 532 560 8
21 517 556 13
18 183 270 4
24 683 766 8
26 172 256 8
26 664 692 37
19 74 101 40
19 391 415 38
27 284 313 41
25 683 778 10
25 104 131 35
19 68 93 31
24 306 332 41
13 244 271 50
24 378 410 26
23 146 171 20
27 462 491 41
18 695 725 11
26 138 166 43
19 621 642 49
26 24 87 28
19 349 374 7
18 307 327 43
27 554 612 32
21 665 688 45
25 568 622 16
26 406 457 36
22 466 490 44
23 636 661 45
26 256 288 40
14 363 386 12
30 307 339 41
26 438 466 43
18 507 570 1
25 87 117 44
23 13 75 6
28 17 80 10
23 493 518 40
25 98 125 41
20 167 189 43
23 272 297 43
33 621 656 40
26 188 289 8
23 567 623 36
22 577 621 40
21 81 117 2
18 498 518 42
21 160 183 43
35 522 578 10
18 57 104 30
30 376 431 48
32 73 105 50
31 134 167 47
19 330 351 40
18 298 318 46
31 38 90 20
22 73 114 43
16 167 185 48
23 621 646 41
26 371 457 17
26 4 122 49
26 655 683 47
19 166 187 43
24 410 447 46
20 230 264 35
22 13 73 38
19 304 325 43
24 324 350 45
29 202 279 19
19 31 71 19
25 423 455 41
24 520 602 12
12 109 123 44
23 382 435 26
29 419 457 47
30 472 504 17
25 472 499 41
23 546 613 18
23 678 711 6
33 562 621 29
24 14 48 41
21 479 502 40
27 256 288 41
21 522 571 4
26 60 121 32
23 430 455 32
25 68 97 30
28 245 292 46
16 235 254 31
30 339 376 10
22 218 278 48
22 117 141 43
24 422 453 43
27 625 654 46
30 546 630 24
29 603 634 17
25 593 622 41
22 638 662 48
26 570 603 28
25 1 66 9
36 466 504 21
26 331 359 49
24 150 176 47
17 368 406 25
31 439 472 40
26 345 393 37
27 17 117 4
19 403 441 29
28 431 460 52
31 251 283 41
20 139 161 41
27 196 256 22
24 388 427 28
28 115 145 43
19 43 75 14
31 636 669 43
23 95 119 51
16 394 410 35
29 278 309 49
30 580 630 45
22 575 607 15
22 107 131 49
17 198 274 16
29 22 84 9
28 603 633 49
23 561 596 21
14 374 433 26
18 552 599 31
25 492 519 48
24 505 535 7
28 7 117 25
28 81 120 47
22 443 467 40
28 120 150 45
23 387 429 35
23 16 71 32
29 271 302 46
20 225 256 29
24 347 396 7
21 447 470 47
28 133 163 39
26 484 512 41
18 462 482 49
24 358 408 9
26 7 104 9
17 416 439 29
24 528 587 21
31 1 57 3
23 308 333 47
15 661 678 41
23 271 296 33
25 191 250 3
24 428 453 40
27 676 752 3
27 328 357 42
18 21 44 13
29 372 417 19
23 504 581 7
21 305 328 48
24 604 630 46
31 357 411 24
19 550 570 16
27 329 358 44
23 318 343 42
23 378 420 24
20 61 116 26
25 250 281 52
26 470 498 46
18 649 669 46
25 84 121 51
25 419 449 10
24 313 339 42
23 426 454 50
29 468 499 47
27 267 296 40
24 208 244 38
21 168 269 10
25 508 625 8
35 542 594 26
28 51 106 35
13 349 444 25
23 133 158 42
23 499 524 48
21 568 595 36
24 605 631 44
28 238 282 28
18 687 739 8
21 349 409 4
36 431 468 51
15 375 437 25
28 514 597 11
24 535 604 21
25 6 58 10
24 675 705 2
21 131 154 49
20 284 306 13
27 150 179 42
31 151 184 42
23 303 328 47
24 331 357 43
26 210 285 17
28 383 433 19
24 30 117 20
22 150 174 46
18 144 164 40
13 135 150 6
24 264 290 44
23 483 508 45
17 382 416 23
26 673 752 8
33 357 432 24
22 456 480 48
28 310 340 43
26 191 256 5
29 37 110 16
28 442 472 37
24 545 594 23
25 539 564 19
21 647 670 40
21 440 463 42
24 278 304 17
21 580 612 44
20 341 442 10
24 258 282 42
17 266 285 43
21 638 661 15
25 28 101 23
25 307 334 40
27 636 665 41
23 352 445 10
31 342 386 44
22 148 172 49
24 640 666 46
14 251 270 46
22 568 618 35
22 522 574 17
17 683 730 10
23 543 575 23
26 30 93 26
27 607 636 42
23 38 72 19
19 636 657 41
19 83 106 49
24 574 616 30
25 644 671 49
27 563 609 17
19 347 437 12
30 26 102 17
36 19 86 7
19 65 92 36
20 30 54 26
29 371 421 16
30 521 582 9
26 529 571 25
20 661 683 43
23 668 693 1
29 668 699 41
25 509 566 9
15 171 224 5
26 501 529 40
25 209 252 27
24 618 644 49
17 657 676 49
20 598 618 43
21 299 322 47
18 184 219 21
26 541 620 25
23 63 105 30
25 318 345 48
29 424 453 51
16 448 466 8
26 467 495 41
30 396 446 28
21 637 660 48
35 276 313 41
16 41 78 28
25 367 431 20
20 522 609 8
25 85 113 44
21 430 451 50
