450
1.971573343783994 2.0253864345438988 1.5164963374118001 1
17 422 445 5
24 183 273 10
29 582 622 41
12 392 431 39
28 707 772 15
36 464 502 43
18 274 294 40
29 42 111 21
16 188 210 1
25 649 676 46
21 234 256 11
24 592 624 52
22 406 446 27
29 765 794 50
32 428 461 40
24 298 324 19
24 157 183 43
25 588 623 51
22 526 568 5
20 766 788 41
27 3 95 40
30 94 125 52
21 154 177 46
29 116 147 41
23 380 450 14
16 7 28 18
9 171 259 3
19 144 165 40
30 530 605 25
27 348 428 7
25 634 661 4
23 776 801 48
21 149 172 44
18 348 381 6
25 218 283 28
22 723 745 45
24 98 124 40
23 506 567 8
25 687 760 12
27 638 667 42
23 367 430 6
22 560 615 33
17 239 268 31
22 520 585 3
16 390 413 37
26 389 453 15
24 641 667 41
22 391 444 31
33 343 441 13
9 497 508 48
21 312 335 37
16 212 240 18
27 694 794 13
31 606 639 46
26 636 664 47
22 432 456 3
17 70 89 29
23 683 731 8
27 116 145 44
21 334 357 49
24 670 696 44
19 171 263 6
32 547 629 17
22 31 60 14
27 178 247 5
20 90 116 11
28 172 251 2
27 210 262 21
15 575 609 30
29 3 79 9
22 192 216 6
13 532 601 19
24 513 601 13
27 640 669 46
24 530 602 25
22 447 471 47
26 631 659 41
30 46 117 16
33 43 105 15
25 225 281 27
34 248 298 13
21 578 603 41
24 526 582 8
23 475 500 43
28 258 289 43
13 766 781 23
35 425 461 44
32 413 464 46
32 263 296 42
30 440 472 43
25 28 77 35
24 735 778 30
24 148 174 42
22 138 162 44
19 162 183 47
28 750 783 12
27 596 624 40
29 654 685 41
17 488 507 49
20 264 286 43
24 681 712 21
25 151 178 47
21 590 620 51
20 62 101 28
26 377 446 14
14 593 609 45
27 91 120 52
27 437 466 42
30 693 769 8
18 102 122 49
22 398 437 31
21 76 101 51
22 296 320 44
27 768 797 48
22 7 40 9
15 506 533 5
27 49 80 32
32 613 647 45
22 533 569 19
21 326 349 40
21 395 437 38
27 103 132 45
25 505 572 7
19 567 592 29
30 155 187 43
29 12 104 32
24 766 790 52
17 272 291 41
24 232 288 37
25 553 621 29
25 60 118 37
24 550 613 14
23 555 581 28
28 696 728 26
26 180 268 10
25 707 781 34
17 439 458 46
26 145 173 46
27 457 486 44
25 455 482 47
31 191 233 48
27 548 611 26
21 152 175 44
28 382 426 16
28 611 641 44
24 217 277 42
28 743 795 32
28 390 452 36
25 703 734 18
21 114 137 43
28 19 57 3
26 379 411 24
22 10 58 8
23 324 349 47
27 249 283 52
23 52 95 38
22 606 630 48
17 125 144 45
28 647 677 48
29 227 289 37
28 328 358 12
16 56 82 31
30 751 798 52
22 219 244 34
17 654 673 42
17 694 783 9
18 202 230 15
28 602 632 43
25 255 281 42
30 48 122 27
35 428 464 5
28 663 693 47
25 256 283 41
25 413 438 52
21 241 262 50
26 463 491 28
24 368 419 15
22 730 781 28
36 489 527 42
31 271 304 44
19 180 280 27
19 66 93 31
17 325 344 45
16 273 291 43
26 214 243 19
19 262 282 27
21 142 165 44
29 573 608 28
25 68 108 28
17 562 582 30
24 210 287 27
24 202 288 16
23 724 784 34
15 330 347 41
21 4 27 1
12 100 114 38
18 168 282 11
30 119 151 41
19 621 642 45
26 454 482 45
30 600 632 6
29 620 651 49
27 479 508 44
24 384 444 29
22 727 754 34
24 132 158 10
32 591 627 40
17 791 810 41
22 563 607 28
23 383 444 19
23 612 637 35
22 159 183 48
33 161 196 48
25 577 607 47
28 678 741 3
23 175 203 25
17 714 752 14
29 230 269 30
31 231 269 31
28 647 677 44
18 276 296 47
22 476 500 42
14 746 772 50
13 663 678 47
28 295 325 47
27 349 419 6
28 589 617 40
35 764 802 48
32 649 683 49
25 785 812 40
22 123 147 8
33 116 151 41
23 462 487 46
27 492 521 43
29 264 295 41
22 625 649 7
22 201 262 26
15 719 754 16
23 557 600 34
20 375 441 20
24 181 282 36
33 327 362 44
18 753 785 50
27 295 324 41
24 46 107 19
22 322 346 3
21 20 108 12
16 327 345 44
20 482 504 41
31 39 79 25
19 609 630 23
24 458 484 44
24 560 601 34
32 32 77 24
25 614 641 44
30 177 250 17
17 545 603 14
21 543 619 19
31 230 289 37
24 482 508 42
25 525 596 46
24 460 486 45
27 528 573 18
31 430 463 49
21 256 283 41
17 225 242 25
17 387 441 30
10 470 482 41
33 116 151 44
25 783 810 47
18 226 258 7
13 307 322 41
12 417 432 40
25 766 791 47
26 430 458 42
30 97 129 26
24 60 94 27
31 165 198 45
25 358 434 7
27 754 791 52
24 245 277 8
28 623 653 48
26 557 619 34
20 380 437 20
24 0 114 5
30 495 527 20
28 592 622 50
28 648 678 41
31 765 799 47
15 288 305 47
34 486 522 47
23 1 32 13
22 398 427 35
22 255 280 45
26 392 455 32
19 260 283 49
16 428 447 49
30 762 798 45
24 33 95 26
23 353 425 6
21 704 756 40
22 490 514 43
34 203 237 17
27 774 803 44
22 746 773 52
22 138 162 21
28 102 132 43
24 475 501 43
21 732 787 31
22 430 454 50
26 169 212 11
15 184 278 7
27 197 225 17
27 270 299 43
24 606 632 41
20 435 457 13
23 770 795 40
24 758 789 51
31 238 290 37
27 309 338 47
29 193 287 2
28 708 777 16
22 108 132 49
25 296 323 41
27 160 189 48
22 771 795 13
25 512 593 4
28 135 165 49
21 425 447 51
19 288 309 41
22 393 454 21
30 183 249 4
24 758 785 49
27 85 112 48
24 753 783 47
22 95 118 47
21 638 661 49
19 273 294 44
12 211 262 19
21 500 523 43
19 530 618 12
22 557 622 37
23 88 111 51
14 108 124 45
26 237 272 35
23 292 317 13
31 664 697 45
25 195 271 19
20 21 99 4
17 454 473 41
21 378 438 11
14 750 765 49
18 672 770 13
26 501 529 47
26 165 193 44
31 417 451 39
20 421 448 48
26 775 803 47
25 46 96 16
26 296 324 47
22 356 428 17
22 754 783 40
21 125 148 41
29 670 701 49
25 343 445 6
15 791 808 21
22 219 247 30
13 402 418 33
27 324 353 47
23 752 778 44
34 245 291 21
23 76 99 46
25 349 440 1
25 51 85 32
19 339 446 1
33 302 337 42
27 611 640 43
22 67 91 29
24 521 574 5
15 97 114 47
14 302 318 12
27 533 618 21
24 128 154 43
21 322 345 45
31 476 509 46
21 599 621 20
31 379 426 17
20 619 641 43
27 68 123 28
30 120 152 47
23 744 788 47
29 604 635 43
32 197 286 24
34 573 627 28
25 265 292 48
19 56 76 3
27 394 445 37
28 89 122 45
31 576 612 40
23 682 788 6
22 8 77 31
27 285 314 43
16 573 594 39
24 541 577 26
19 49 73 39
25 299 326 21
25 375 448 22
30 596 627 51
38 520 638 4
26 182 268 7
15 67 99 48
24 247 280 42
25 642 669 42
21 755 784 52
27 715 769 16
22 504 615 41
29 433 464 46
30 419 453 51
22 503 527 42
24 220 275 35
27 593 624 9
32 320 354 42
18 647 667 42
25 483 510 46
24 316 342 47
27 159 188 48
28 727 775 39
27 304 333 40
21 555 605 39
26 36 104 24
25 721 791 8
27 10 51 13
29 503 534 42
24 602 628 46
15 171 226 3
28 512 561 42
24 187 264 12
27 16 43 11
32 48 115 39
14 617 633 45
14 703 760 28
22 60 111 39
22 124 148 45
23 32 88 22
16 559 581 39
22 487 511 17
16 510 611 7
25 273 300 43
22 705 738 16
23 60 118 29
