250
2.143065004486293 1.4671276676293445 1.3689282491857018 1
22 327 351 31
19 206 234 22
28 39 102 16
30 149 181 45
29 347 445 4
20 65 96 28
19 42 100 14
31 85 120 41
25 296 323 46
21 144 167 42
25 82 114 45
19 90 109 44
19 183 275 7
31 130 163 45
27 301 330 47
22 250 283 6
21 89 112 48
27 194 222 18
21 49 95 29
19 69 106 36
28 395 429 20
18 44 79 24
21 173 219 5
21 172 202 9
26 229 285 36
21 385 439 34
25 224 281 37
21 220 260 33
22 277 301 43
28 265 295 47
23 95 119 10
30 219 266 38
20 180 210 7
27 127 156 43
37 5 123 5
16 61 83 14
22 98 122 42
23 84 119 44
26 7 83 7
24 20 62 10
31 296 329 1
27 376 452 23
28 136 166 40
16 48 67 39
24 334 360 49
18 95 114 47
29 226 291 38
24 210 250 21
23 391 433 37
28 100 130 45
26 237 274 24
18 20 89 2
28 351 435 3
25 314 341 44
33 1 110 12
26 42 88 31
18 211 271 22
24 263 288 50
25 193 236 18
27 326 355 43
28 46 77 30
26 312 340 45
23 328 353 44
18 137 157 43
15 343 381 3
17 163 182 5
21 375 446 23
21 4 116 9
26 135 163 43
21 412 438 50
19 56 87 19
22 303 327 42
24 100 126 41
30 418 459 49
25 408 445 48
22 397 429 29
19 162 183 42
27 358 402 1
32 121 155 44
24 97 123 48
16 41 109 34
31 189 250 7
18 272 292 48
16 188 259 6
18 89 110 46
22 179 229 11
20 174 206 8
26 288 316 48
12 169 246 11
22 247 277 42
22 41 70 34
32 146 180 43
19 333 354 40
26 52 117 37
18 221 249 30
25 358 415 4
24 226 260 38
24 192 219 22
26 395 454 38
27 76 119 44
19 27 113 25
31 65 106 36
26 95 121 49
27 20 93 8
27 0 50 8
27 124 153 27
17 415 448 43
23 322 347 44
22 402 438 30
21 287 310 43
20 117 139 22
32 349 384 12
18 135 155 45
13 135 150 42
13 162 177 43
18 307 327 27
31 406 450 36
22 35 65 23
25 195 221 15
27 351 407 4
25 133 160 23
21 43 80 15
27 321 350 41
30 358 408 11
20 392 420 38
22 245 279 6
18 84 104 42
23 125 150 47
22 72 107 49
28 222 288 28
20 250 280 40
19 263 282 50
32 142 176 43
22 423 447 45
22 239 283 33
25 405 430 28
28 249 283 40
23 264 289 47
25 393 419 34
24 423 447 52
30 204 288 49
30 316 348 41
33 83 119 45
32 161 195 43
21 297 320 46
17 296 315 1
17 82 109 40
24 116 142 40
21 83 111 45
29 211 247 24
28 325 355 14
16 275 293 43
27 407 439 37
22 164 188 45
30 40 92 16
22 244 279 32
31 109 142 49
19 46 79 19
29 354 451 7
32 164 198 40
17 236 272 21
28 176 249 11
24 244 285 42
24 280 306 45
17 47 95 26
33 100 135 36
21 66 97 38
31 182 272 10
28 407 459 27
17 42 63 23
27 149 178 34
27 319 348 41
25 354 439 3
27 53 91 34
24 243 272 45
25 52 100 22
22 102 126 44
27 278 307 43
26 367 400 18
16 298 316 49
23 3 96 9
28 55 89 34
20 99 121 48
27 106 135 43
24 8 113 12
24 290 316 22
20 43 103 21
25 80 119 41
25 180 230 4
21 204 260 20
25 73 119 22
20 224 269 30
15 154 171 43
30 58 105 31
32 75 123 52
25 73 120 17
17 235 261 33
14 293 309 42
28 326 356 41
18 402 424 35
25 197 243 38
16 271 289 48
36 236 283 33
29 137 168 49
30 146 178 43
20 258 280 1
28 415 443 45
22 348 446 2
24 274 300 44
21 68 90 32
20 207 227 24
21 390 428 37
31 347 395 11
26 186 255 5
25 244 286 41
29 200 251 43
21 408 437 48
28 61 100 35
28 193 276 24
36 35 77 21
22 319 343 43
35 138 175 43
33 381 426 18
24 159 185 40
24 239 283 37
23 399 455 12
24 407 436 37
21 260 281 50
21 19 46 5
26 387 455 33
15 12 32 12
26 202 234 15
25 234 270 38
24 242 277 40
20 149 171 43
19 409 431 37
14 385 439 30
30 62 117 34
26 76 119 45
22 375 408 25
30 191 276 34
24 297 323 45
19 325 346 48
25 313 340 43
20 332 354 42
25 348 454 35
22 263 285 40
27 233 276 38
33 152 187 47
21 88 117 43
