150
1.77391999336337 1.5936729950142328 1 2.324886198861284
18 104 124 7
22 245 278 41
28 209 267 18
25 145 172 49
17 60 77 34
30 91 123 9
22 77 106 51
30 148 180 43
30 36 119 18
17 56 80 34
18 44 66 12
24 211 278 24
28 83 121 49
23 221 265 30
27 227 285 35
19 89 110 17
24 126 152 42
14 155 171 43
24 45 102 15
23 37 91 18
28 16 55 39
28 46 100 19
25 13 73 12
24 19 63 1
21 231 269 33
20 33 58 34
21 37 103 23
24 241 269 51
26 217 257 38
26 156 184 47
30 231 281 29
21 248 284 47
20 95 115 50
25 153 180 45
19 25 65 19
21 196 242 18
21 82 104 52
29 203 266 20
27 123 152 46
20 116 138 41
23 180 211 9
29 149 180 43
13 20 42 4
20 178 263 8
23 100 125 43
22 76 101 4
13 78 91 47
26 208 268 19
33 49 98 29
26 174 206 8
26 169 199 19
18 217 268 28
25 40 83 17
30 222 269 36
31 127 160 46
24 54 98 44
25 232 283 27
26 17 113 2
22 44 85 22
19 234 274 29
29 13 45 23
21 237 274 30
24 221 265 35
20 69 104 33
26 134 162 41
24 82 118 12
19 206 234 19
26 39 83 18
13 87 100 41
21 216 270 31
36 133 171 27
16 100 118 47
26 169 259 3
24 174 269 5
27 241 285 52
23 199 262 9
19 236 283 33
25 109 136 42
20 216 262 35
28 152 182 41
20 96 118 26
15 206 246 26
24 131 157 49
18 29 91 24
26 24 52 22
19 9 65 42
27 7 94 10
18 25 53 24
21 71 93 37
22 202 232 17
28 181 250 48
13 201 273 22
28 128 158 42
22 43 73 14
29 229 279 38
17 173 272 41
27 88 116 42
26 105 133 40
22 125 149 41
27 21 66 8
30 170 287 46
33 73 109 52
28 159 189 44
23 78 112 40
32 132 166 43
21 211 250 26
20 122 144 47
23 185 284 13
31 195 238 21
22 129 153 47
20 138 160 23
25 119 146 47
23 114 139 43
23 181 257 13
7 244 265 42
24 121 147 18
23 220 248 36
25 190 283 9
26 54 91 31
17 37 113 15
31 27 120 36
25 159 186 47
30 169 255 12
22 75 98 51
21 93 114 48
17 118 137 39
25 170 202 12
20 113 135 42
24 30 86 16
20 208 229 15
32 12 105 44
21 107 130 44
21 129 152 41
25 84 109 52
25 178 267 12
22 220 279 32
25 139 166 41
26 145 173 47
23 118 143 42
17 22 50 11
28 10 81 8
16 61 111 30
24 91 118 50
16 108 126 44
29 197 258 17
26 151 179 25
28 207 235 25
22 145 169 45
31 12 107 7
23 144 169 46
