300
2.6136313029847553 1.9884167736640603 2.961973586448263 1
31 318 351 34
16 76 102 41
33 291 326 49
34 345 465 7
28 351 435 1
21 431 452 8
23 27 90 18
23 236 276 32
33 218 279 28
16 480 498 45
21 377 453 23
25 42 72 18
27 111 140 40
23 352 454 6
28 110 140 44
21 89 111 49
19 48 74 36
21 85 110 45
22 333 357 46
22 282 306 43
32 45 113 21
23 508 584 11
26 325 353 49
20 410 449 52
22 507 617 12
20 487 509 13
22 162 186 40
23 421 450 44
34 451 487 46
16 319 337 40
22 273 297 36
23 349 431 8
25 396 435 38
19 162 183 44
23 359 439 8
19 15 45 45
27 446 475 44
21 108 131 44
20 156 178 40
24 195 233 22
28 402 456 24
32 167 201 45
24 231 264 38
28 469 499 44
24 498 524 48
22 398 446 32
21 117 140 49
21 495 518 45
31 99 132 45
28 166 196 41
23 250 285 22
23 452 477 43
19 106 127 42
29 247 291 51
33 461 496 40
15 511 555 18
25 456 483 49
18 516 535 12
20 27 64 26
23 315 340 40
17 20 59 22
30 53 111 28
27 264 293 43
32 487 521 42
23 185 283 2
25 446 473 25
29 238 283 37
25 427 454 52
23 38 117 18
33 462 497 41
18 269 289 45
13 356 395 2
26 32 74 20
13 404 428 38
18 115 135 42
22 277 301 23
19 79 103 50
28 246 277 42
29 336 393 8
23 24 88 16
27 318 347 26
24 324 350 45
17 315 334 43
21 252 279 46
26 202 238 20
22 337 433 8
26 330 358 41
30 186 218 13
19 377 431 25
23 315 340 40
21 214 257 8
20 387 415 39
28 438 468 42
20 504 580 2
25 84 112 48
24 303 329 6
30 131 163 48
21 242 276 49
23 429 454 46
25 16 102 5
29 505 542 14
28 409 450 50
27 207 246 22
20 451 473 44
23 302 327 49
30 86 117 22
25 16 116 1
26 332 360 42
29 483 514 40
25 235 281 35
22 111 135 4
16 278 296 48
26 95 121 51
24 3 57 4
15 332 349 48
26 490 518 16
24 392 452 32
29 180 271 2
21 311 334 45
16 267 285 48
25 424 451 41
30 212 250 26
23 182 247 6
15 342 414 10
23 36 113 21
13 388 414 24
40 294 336 42
23 43 108 26
23 136 161 47
26 504 544 4
21 10 109 32
25 142 169 46
29 426 458 49
20 300 322 44
25 259 286 50
16 480 498 13
27 273 302 48
21 478 501 46
27 305 334 42
32 91 125 51
28 302 332 35
32 477 511 42
16 60 102 33
17 56 77 36
31 381 427 23
28 282 312 11
18 154 174 42
24 76 102 51
22 65 103 33
26 310 338 47
23 458 483 22
22 159 183 48
20 235 278 32
27 4 72 9
23 304 329 46
23 451 476 26
21 187 238 12
35 309 346 46
21 362 446 25
24 173 225 1
27 446 475 41
31 360 440 24
28 509 607 11
13 12 27 2
24 378 431 25
34 446 482 34
26 292 320 48
34 76 123 47
26 474 502 43
22 145 169 40
31 402 461 7
30 162 194 42
24 85 115 41
33 462 497 46
35 498 535 49
23 318 343 35
24 289 315 40
28 97 127 47
18 258 281 40
28 243 283 44
19 157 178 47
28 511 606 4
26 164 192 45
32 223 268 37
25 321 348 44
30 287 319 9
16 123 141 48
21 142 165 40
25 331 358 42
16 503 521 48
23 41 97 44
25 369 455 26
32 258 291 46
15 240 266 49
30 44 117 26
22 5 84 17
25 332 359 47
19 297 318 46
23 41 109 25
26 161 189 45
32 472 506 30
18 440 460 45
27 60 89 38
32 338 461 7
30 202 232 14
27 15 88 5
21 13 64 9
25 279 306 44
18 61 104 37
19 466 487 42
27 9 103 33
30 4 67 3
17 225 267 37
24 487 513 49
22 108 132 45
18 280 300 1
18 362 446 14
25 230 271 29
27 17 87 7
18 344 421 1
22 202 278 37
21 413 453 45
21 282 305 41
21 411 448 48
18 43 83 26
20 383 416 41
25 271 298 44
22 432 456 43
27 303 332 43
24 160 186 44
27 357 442 25
22 184 220 13
21 11 49 8
25 400 430 27
19 510 575 3
26 47 107 20
26 42 81 18
29 116 147 49
20 13 40 10
25 453 480 45
12 100 114 29
24 347 410 3
14 81 98 42
28 219 253 34
30 150 182 47
26 438 466 48
32 117 151 49
29 472 503 47
23 169 231 8
18 267 287 40
30 500 532 39
27 424 459 47
18 19 75 2
27 352 418 9
25 91 121 45
30 244 292 10
22 56 99 27
28 255 286 51
22 126 150 48
25 216 247 38
23 336 389 12
25 249 288 44
27 380 438 22
21 371 401 16
18 215 245 26
22 220 275 5
23 244 271 40
23 285 310 40
28 488 518 49
16 391 428 31
17 189 270 13
29 470 501 40
34 442 478 48
24 327 353 41
23 457 482 46
23 59 116 13
14 179 234 9
28 478 508 43
27 86 122 46
32 33 77 23
19 380 415 15
27 51 79 29
17 266 285 47
35 2 123 11
34 26 121 18
28 160 190 22
26 299 327 49
35 53 123 30
26 127 155 44
38 422 461 49
18 320 340 15
27 73 114 48
22 246 275 43
30 109 141 48
21 109 132 41
14 283 299 32
14 278 294 48
25 43 75 25
21 242 272 46
25 463 490 43
