350
1 1.3915709750424123 1.3762285687245073 2.1064046456612395
31 493 526 42
29 388 420 29
17 217 241 28
19 574 612 32
24 103 129 40
24 310 336 9
25 11 47 8
30 134 166 47
34 3 99 8
21 295 318 44
23 71 106 34
26 255 288 42
30 105 137 45
20 448 470 46
21 217 267 33
31 39 72 39
17 408 429 50
27 344 449 12
28 599 628 48
25 567 614 30
26 241 282 27
22 176 215 4
23 328 353 46
17 611 630 48
18 426 444 42
18 444 464 10
20 272 294 47
26 235 271 39
31 95 126 49
22 198 275 23
22 310 334 2
30 531 578 25
24 504 589 10
23 453 478 46
13 83 101 47
30 122 154 12
26 409 436 43
28 131 161 43
23 26 108 15
22 31 71 25
26 515 609 37
17 301 320 49
18 113 133 49
19 186 215 13
21 525 566 3
26 138 166 10
25 219 278 38
21 597 618 46
22 55 90 33
21 605 628 45
29 56 85 45
29 37 96 15
23 139 164 44
41 411 458 51
15 434 451 42
30 416 454 44
18 436 456 46
27 406 433 28
29 484 515 48
26 453 481 47
26 498 526 45
30 410 441 45
26 332 360 49
25 592 618 44
17 381 422 21
34 203 244 2
24 390 419 38
23 255 286 40
36 109 147 44
32 241 281 42
24 20 66 24
19 148 169 45
17 191 238 9
29 22 52 4
27 471 500 48
23 142 167 26
31 456 489 47
24 263 287 49
23 43 103 22
23 337 396 9
15 31 90 12
22 114 138 42
26 175 237 13
27 297 326 46
30 320 352 43
21 542 606 48
16 416 442 44
25 284 311 43
21 432 455 42
17 141 160 43
23 28 98 22
21 47 93 24
21 386 422 35
24 207 266 24
20 589 616 45
27 579 619 16
22 447 471 45
23 136 161 43
31 20 94 9
25 81 109 49
27 347 457 12
31 307 340 48
18 369 407 24
25 505 543 9
19 224 271 30
16 29 76 31
20 154 176 45
19 535 570 26
25 279 306 48
24 529 623 26
15 481 498 16
34 230 292 39
28 63 122 29
11 303 316 49
27 212 286 19
29 9 60 13
24 321 347 43
23 592 616 52
24 415 442 41
27 185 262 10
28 34 64 40
26 423 456 51
25 96 123 47
19 464 485 43
16 541 581 16
20 290 312 17
33 52 102 34
31 488 521 48
23 593 622 41
26 107 135 49
15 136 153 5
21 125 148 48
19 372 451 25
26 346 448 2
29 272 303 41
19 528 551 12
21 433 456 43
28 74 112 51
21 355 404 11
16 472 490 42
19 51 114 16
36 221 296 36
29 436 467 41
27 19 59 13
21 572 604 31
29 239 285 1
20 565 603 39
27 31 121 14
26 344 390 11
22 170 253 4
30 469 501 23
35 437 474 41
23 297 322 47
26 557 614 38
19 424 445 43
29 309 340 47
24 583 621 44
19 339 360 8
30 184 230 6
26 426 458 41
23 578 607 39
27 4 113 5
22 364 439 23
22 114 138 44
23 484 509 44
25 77 107 39
13 461 476 48
18 478 498 45
36 6 127 2
32 65 98 37
22 137 161 18
20 518 563 8
32 347 446 11
28 213 265 20
34 490 526 43
24 287 313 33
22 272 296 49
25 100 127 49
24 45 119 21
25 528 604 17
29 547 603 32
19 585 607 45
29 417 458 44
30 599 630 50
24 312 338 46
24 344 392 48
15 295 312 41
27 343 404 5
28 270 300 44
21 184 221 8
20 528 619 41
22 348 376 1
20 109 131 48
22 600 624 42
30 123 155 45
22 493 517 19
27 193 236 25
24 337 430 3
30 564 604 39
25 149 176 45
23 108 133 30
23 594 621 41
18 147 167 46
19 357 392 10
22 127 151 42
24 416 446 5
31 497 530 44
31 301 334 49
20 209 251 14
15 420 439 50
19 532 569 24
20 475 497 45
30 120 152 40
20 286 308 48
29 5 113 13
26 228 281 4
30 185 251 10
29 217 264 32
29 181 213 3
31 46 121 17
29 48 98 24
23 557 583 35
22 105 129 49
22 219 245 29
25 67 111 33
28 598 627 18
25 574 610 35
30 228 262 36
12 374 429 18
18 75 110 43
21 590 615 25
25 121 148 41
17 227 274 39
21 501 524 42
27 522 575 8
22 28 91 21
34 386 432 39
26 410 454 48
23 414 437 51
28 487 517 46
24 429 456 11
24 230 283 36
31 328 361 43
19 37 92 14
24 80 110 45
23 290 315 42
27 503 532 48
18 228 264 34
26 384 440 32
17 247 275 44
29 316 347 42
15 22 81 2
25 482 509 43
28 584 617 50
26 410 451 42
16 104 122 25
25 514 616 2
17 299 318 48
33 353 423 3
19 59 78 39
26 97 125 47
21 490 513 46
32 33 113 16
22 528 615 22
30 546 599 22
24 377 411 21
31 237 286 32
19 414 434 42
23 116 141 43
30 310 342 49
25 426 451 22
24 489 515 43
26 166 194 41
28 505 559 8
20 385 448 37
23 177 232 12
29 18 67 13
24 517 598 7
19 35 109 18
25 73 113 46
25 204 283 5
24 447 473 47
24 143 169 44
25 346 416 12
28 600 630 44
26 213 262 33
29 485 516 47
20 276 298 40
22 478 502 42
18 454 474 41
19 125 146 34
23 316 341 48
18 99 119 44
21 441 464 40
26 592 620 47
23 326 351 3
20 138 160 48
27 9 122 2
23 437 462 40
28 311 341 41
28 163 193 19
18 451 471 47
15 102 119 40
26 604 632 40
25 185 275 10
22 245 279 25
27 97 126 45
26 50 90 35
29 162 193 40
28 314 344 43
26 248 278 1
25 124 151 46
32 582 631 49
23 16 73 5
26 253 290 48
37 545 622 48
20 405 436 32
33 569 621 33
17 214 238 18
29 419 458 49
20 105 127 18
22 72 103 46
25 195 224 17
26 139 167 46
28 294 324 47
31 504 558 23
21 399 426 29
22 94 117 46
20 54 76 39
30 6 121 6
22 123 147 32
27 286 315 44
27 343 442 1
26 424 452 51
30 322 354 40
18 469 489 15
16 475 493 49
33 451 486 47
23 429 452 44
29 552 613 35
33 442 477 10
20 290 312 49
25 31 86 15
30 293 325 48
28 136 166 41
23 211 268 1
26 285 313 45
24 449 475 45
26 403 446 34
31 147 180 47
