200
1.7046514060930371 1.5076093053171316 1.5564578269777245 1
29 314 345 27
24 19 111 13
17 303 322 49
25 175 281 7
18 171 259 7
25 218 286 42
25 222 287 35
25 249 279 42
21 260 283 47
20 188 235 4
27 277 306 28
32 183 251 11
25 33 113 25
28 157 187 44
32 186 224 11
29 14 57 20
28 47 97 14
17 73 107 42
15 287 304 41
31 10 104 8
25 87 116 36
31 268 301 47
30 166 198 49
25 176 236 7
28 131 161 42
19 128 149 6
31 39 82 19
21 244 267 52
20 25 94 17
17 230 247 28
23 273 298 2
23 170 270 2
19 308 329 45
20 166 188 47
25 45 119 23
19 37 76 6
21 99 122 47
20 21 79 4
30 130 162 44
21 277 300 46
22 188 218 12
19 129 150 45
19 302 323 41
29 83 124 40
23 207 256 14
24 75 105 18
25 260 288 50
35 292 329 41
18 181 247 10
26 331 359 40
26 147 175 34
26 34 117 26
28 71 100 37
24 159 185 42
21 230 255 38
25 315 342 40
25 124 151 40
29 71 109 31
16 164 182 44
27 273 302 47
26 23 120 1
32 64 119 38
22 306 330 47
30 235 287 32
19 3 59 8
28 240 274 46
21 84 106 43
22 213 237 24
27 210 256 26
25 3 93 9
29 109 140 49
20 143 165 49
24 196 251 20
20 312 334 42
26 83 111 47
18 198 267 24
23 159 184 42
31 62 120 33
26 291 319 46
23 333 358 40
30 115 147 19
24 301 327 43
26 320 348 48
28 148 178 43
19 314 335 48
24 121 147 7
24 20 93 13
19 39 93 24
25 86 113 50
29 275 306 42
22 196 274 15
37 135 174 44
26 334 362 43
31 289 322 45
28 258 289 41
27 249 277 25
21 269 292 44
32 243 277 40
28 217 247 30
30 221 292 39
18 223 260 41
27 130 159 49
14 108 124 40
20 240 278 46
18 19 60 6
32 196 237 18
23 226 252 38
20 309 331 47
22 150 174 45
27 57 96 27
20 332 354 3
19 104 125 46
34 46 129 25
18 284 304 40
28 306 336 41
22 235 258 28
25 154 181 46
25 272 299 46
22 294 318 44
18 176 200 11
25 91 121 6
22 62 102 33
33 290 325 45
18 163 183 43
35 50 103 31
27 3 109 34
26 51 90 34
16 4 82 2
25 88 115 49
22 291 315 45
25 200 277 40
25 310 337 45
30 29 72 20
27 258 291 40
21 101 124 41
28 44 91 29
30 130 162 42
23 89 118 52
22 181 210 5
28 107 137 46
31 222 284 13
23 154 179 48
24 298 324 43
30 73 125 52
24 190 254 1
26 133 161 47
33 65 109 38
19 136 157 41
28 165 195 48
27 154 183 44
31 39 78 6
22 175 260 6
16 337 448 6
26 179 228 10
36 253 296 41
26 286 314 47
22 178 276 9
25 300 327 41
26 318 346 44
26 294 322 41
30 162 194 19
27 221 254 38
25 329 356 45
34 21 66 9
34 164 200 45
36 30 78 35
27 273 302 43
29 81 125 45
20 149 171 44
17 298 317 40
23 268 293 12
27 4 41 13
14 92 107 41
21 332 355 41
25 250 278 50
23 308 333 42
21 213 235 15
22 2 38 11
18 52 113 38
25 128 155 40
24 186 235 9
23 193 256 18
22 155 179 48
28 21 102 11
15 115 132 41
26 29 63 36
22 166 190 47
9 214 247 18
26 34 102 18
28 173 205 7
21 90 116 16
23 1 92 4
17 170 233 8
28 137 167 45
34 208 291 16
26 181 243 22
24 130 156 41
24 164 190 49
17 104 123 48
27 200 255 15
