100
2.7096571990831286 1 2.11501534633784 2.865873678676322
30 40 86 10
21 103 126 43
21 124 147 49
28 51 103 29
21 81 116 51
28 18 87 6
20 47 73 19
21 64 93 36
32 61 110 32
19 46 88 25
20 127 149 42
24 110 136 41
23 124 149 49
20 143 165 48
23 104 129 47
21 29 67 9
27 83 120 43
23 42 81 24
27 6 89 3
22 57 100 34
21 15 72 17
25 148 175 45
21 50 80 35
27 51 101 28
24 13 119 4
14 47 109 2
13 105 120 42
13 74 107 45
18 80 105 40
21 47 70 17
28 8 41 37
31 44 106 22
16 107 125 47
21 153 176 43
23 154 179 44
24 83 110 2
19 18 38 2
32 38 71 16
29 48 77 37
14 163 179 44
22 45 75 6
15 43 81 19
27 48 106 32
25 130 157 41
25 32 95 26
28 0 42 45
24 36 105 19
18 46 86 23
26 123 151 40
24 121 147 48
27 5 97 41
26 67 96 32
31 124 157 44
27 26 97 23
28 4 86 6
24 100 126 4
27 106 135 43
23 9 113 6
27 85 120 52
25 15 95 9
32 6 125 46
29 124 155 43
24 32 77 23
36 58 130 28
18 7 81 1
28 40 74 15
29 67 125 29
20 96 118 44
19 107 128 45
25 85 117 40
24 100 126 41
29 42 115 20
27 133 162 41
28 44 96 15
27 78 117 50
15 10 60 49
28 0 32 11
21 120 143 41
24 77 102 49
21 42 94 16
33 138 173 43
21 5 60 12
37 121 160 47
23 94 119 44
26 112 140 48
16 94 112 10
14 128 144 44
37 118 157 49
19 107 128 46
18 123 143 46
27 46 86 1
27 49 118 37
26 120 148 44
27 131 160 49
26 98 126 42
32 83 119 43
24 134 160 48
29 109 140 40
19 135 156 48
28 121 151 48
