50
2.991365529731719 1.602316593836834 1.281606743942946 1
26 25 86 37
28 35 63 39
23 27 67 14
26 60 88 28
25 39 85 16
27 40 90 19
23 13 86 31
27 17 63 20
20 30 87 3
24 33 59 12
31 26 58 36
24 29 69 37
22 49 88 31
23 6 51 10
16 50 85 14
18 29 74 6
28 37 87 40
20 19 57 13
23 35 64 12
18 15 56 17
31 54 87 3
25 5 75 7
27 49 82 46
19 7 29 41
26 57 88 36
22 63 86 25
27 54 84 36
30 23 89 45
13 1 34 32
22 39 89 8
25 19 71 23
22 8 55 6
15 27 80 26
15 54 88 23
26 4 80 3
21 48 78 8
22 2 74 20
18 24 59 42
31 58 90 28
10 39 83 8
24 46 75 18
25 53 79 28
24 64 90 34
23 41 67 25
20 1 57 34
26 25 58 45
16 27 89 45
22 15 51 15
24 47 82 48
25 23 74 18
