50
1 1.55 1.47 1.05
5 0 44 4
10 0 43 10
8 15 58 6
7 7 58 3
4 5 58 5
6 5 58 4
7 7 58 4
5 0 30 2
2 0 35 9
4 0 37 8
10 22 58 7
3 0 51 2
5 0 42 4
2 0 27 2
10 0 42 8
10 3 58 4
8 23 58 9
3 0 29 1
3 21 58 10
2 0 43 10
3 1 58 4
7 5 58 6
3 23 58 6
1 0 30 2
5 1 58 8
5 0 58 9
10 0 38 2
1 0 36 1
3 5 58 1
10 24 58 8
10 0 36 10
7 0 48 6
10 0 44 7
8 14 58 8
5 0 51 8
1 4 58 4
1 0 51 6
10 0 42 6
3 20 58 10
8 3 58 2
1 14 58 5
3 11 58 10
9 26 58 8
4 0 32 6
5 0 46 5
8 10 58 9
8 0 52 3
3 16 58 9
5 0 30 2
10 0 40 2
