250
1 1.24 1.99 1.08
7 45 266 10
1 13 266 2
8 15 266 7
8 0 191 1
9 54 266 5
3 0 239 6
1 0 194 6
6 0 174 8
4 0 236 2
6 56 266 5
10 113 266 8
8 61 266 8
3 0 191 9
6 0 229 5
4 0 199 5
2 0 181 3
7 0 189 6
8 72 266 7
5 0 197 5
5 0 180 8
7 64 266 5
7 0 266 9
9 0 165 8
2 0 224 7
5 0 159 3
3 0 258 6
4 13 266 5
7 48 266 7
10 0 266 6
1 0 158 4
2 78 266 1
3 122 266 6
1 11 266 8
5 21 266 8
4 123 266 3
2 95 266 5
7 0 201 4
6 16 266 10
3 0 215 1
9 0 160 9
6 128 266 5
9 0 250 2
1 0 262 7
5 111 266 2
8 0 226 1
4 87 266 1
7 0 160 3
10 89 266 7
3 0 253 1
2 109 266 10
2 44 266 3
6 0 234 5
3 0 248 10
2 58 266 4
9 113 266 4
7 76 266 4
9 45 266 5
5 119 266 7
10 0 213 5
7 0 215 3
6 81 266 7
9 100 266 10
1 0 156 10
4 53 266 7
9 127 266 1
8 0 154 4
8 68 266 3
8 0 174 4
8 103 266 8
4 94 266 2
6 82 266 9
6 21 266 9
8 50 266 6
2 133 266 2
1 0 235 4
5 0 254 3
10 89 266 6
2 0 163 6
6 28 266 1
8 0 210 3
3 0 151 2
4 31 266 2
4 0 231 3
1 0 155 2
7 0 174 4
6 76 266 7
4 83 266 6
5 0 188 10
4 109 266 3
2 0 144 7
2 60 266 8
10 114 266 8
7 0 261 8
10 0 242 1
4 114 266 4
4 0 155 9
6 0 239 8
2 93 266 9
10 0 252 9
9 77 266 1
10 0 225 9
7 0 265 8
2 47 266 1
2 102 266 9
8 0 169 5
2 136 266 3
9 0 182 10
5 117 266 4
4 89 266 10
6 120 266 6
4 45 266 1
5 31 266 2
7 32 266 2
7 51 266 6
8 0 200 10
9 10 266 10
6 38 266 6
7 0 238 6
3 141 266 8
2 105 266 5
3 57 266 5
2 0 158 8
10 0 256 5
6 25 266 6
8 0 174 3
10 0 182 4
8 0 264 3
9 60 266 10
9 63 266 1
7 0 182 7
4 137 266 8
5 0 221 10
10 0 203 4
1 8 266 2
1 72 266 2
2 119 266 2
5 0 168 7
7 0 258 4
10 0 216 1
7 0 245 4
1 0 212 9
4 0 240 10
3 105 266 6
9 0 226 7
7 99 266 1
6 52 266 1
5 141 266 10
2 2 266 3
6 130 266 8
10 0 172 9
4 0 253 5
2 100 266 3
7 0 245 5
10 0 248 9
8 0 224 9
1 15 266 8
7 33 266 2
3 31 266 2
4 20 266 2
4 0 226 8
4 0 180 2
9 0 228 8
8 2 266 4
5 137 266 5
4 16 266 9
3 0 187 6
5 0 169 4
2 0 250 9
7 0 189 8
4 39 266 7
6 76 266 1
1 0 185 8
6 36 266 1
9 0 260 9
6 0 186 7
10 0 177 6
2 25 266 10
8 0 150 9
4 0 211 7
8 0 152 3
5 22 266 3
7 94 266 10
8 0 141 1
1 0 196 5
7 0 259 3
2 137 266 6
10 0 225 8
2 128 266 4
4 40 266 2
8 0 158 2
4 107 266 9
5 10 266 8
9 0 262 4
10 0 240 8
4 0 170 1
7 0 221 2
10 0 209 4
9 124 266 10
3 0 247 2
10 94 266 4
9 0 212 5
6 52 266 8
6 0 158 4
8 0 206 1
7 0 265 3
8 7 266 3
10 0 235 10
6 0 266 4
8 0 208 1
4 29 266 8
3 0 196 10
7 0 156 3
5 66 266 1
7 0 223 5
3 0 232 10
4 124 266 6
4 0 194 3
9 0 236 1
1 118 266 9
3 0 166 9
7 0 158 4
7 0 171 9
10 137 266 2
7 0 195 6
1 74 266 4
6 0 259 6
8 66 266 10
9 0 262 3
5 0 187 4
4 35 266 9
5 0 242 2
7 9 266 1
7 0 168 10
7 0 207 4
6 0 240 9
7 0 149 8
2 0 218 1
8 0 208 1
3 89 266 10
6 111 266 1
10 3 266 1
5 57 266 6
4 7 266 10
1 51 266 1
5 1 266 3
10 15 266 10
3 96 266 2
9 0 179 8
2 74 266 6
6 52 266 4
