450
1 1.52 1.83 1.38
8 136 413 4
7 0 413 8
1 0 244 10
3 135 413 10
2 109 413 10
9 185 413 8
4 0 269 5
3 0 336 2
2 0 345 3
9 0 278 9
1 0 330 8
3 129 413 8
6 0 242 9
10 0 363 9
4 91 413 2
7 0 251 10
1 0 297 8
7 100 413 1
1 135 413 5
7 0 380 7
2 0 247 8
10 71 413 4
9 0 390 1
9 1 413 2
6 45 413 2
4 0 268 8
8 14 413 4
4 0 301 8
3 122 413 8
10 36 413 7
4 98 413 6
5 198 413 4
4 108 413 2
4 0 346 10
8 0 246 5
1 0 245 8
10 9 413 3
2 0 382 10
3 0 368 6
2 56 413 2
4 0 274 3
2 171 413 9
9 0 294 6
10 27 413 9
10 0 205 3
7 0 208 2
3 0 259 2
10 24 413 5
5 0 318 10
5 176 413 2
2 0 342 1
5 56 413 2
1 0 276 1
8 73 413 9
5 0 223 1
1 2 413 9
2 0 320 2
7 0 341 5
6 0 325 3
3 189 413 9
7 0 401 7
6 32 413 4
2 193 413 3
3 141 413 3
2 90 413 8
10 19 413 1
2 2 413 10
10 122 413 1
9 20 413 3
1 0 413 3
8 0 356 1
3 0 356 7
7 54 413 3
7 0 204 7
1 0 396 1
8 11 413 4
1 0 391 1
5 60 413 8
1 150 413 10
6 157 413 2
2 97 413 10
7 40 413 8
7 37 413 9
6 39 413 1
8 30 413 3
6 0 297 7
9 0 256 2
9 30 413 9
6 0 342 3
10 158 413 8
1 168 413 3
2 164 413 4
6 178 413 10
4 0 241 5
5 0 283 8
5 0 257 10
7 0 269 3
6 30 413 7
4 0 204 4
8 0 307 7
5 0 306 4
8 0 309 8
1 156 413 4
10 0 331 2
5 58 413 2
5 62 413 9
7 126 413 2
2 59 413 2
1 0 269 2
2 0 262 10
7 0 296 5
3 0 326 9
4 178 413 4
3 0 401 7
2 133 413 2
6 153 413 10
3 73 413 7
2 0 403 9
7 0 276 2
4 0 359 2
9 196 413 7
3 200 413 2
9 0 378 7
6 129 413 3
5 0 270 8
3 162 413 9
5 9 413 2
5 66 413 8
6 17 413 9
6 0 350 7
5 80 413 10
8 94 413 3
9 137 413 9
4 57 413 5
5 0 401 5
6 0 279 7
5 26 413 8
1 176 413 4
9 0 347 4
8 0 213 7
9 0 386 3
9 130 413 7
2 0 216 2
3 0 406 7
5 137 413 2
3 0 229 1
7 38 413 3
5 0 363 3
6 178 413 6
10 0 242 8
10 0 379 3
1 0 310 8
4 0 375 5
4 0 283 2
6 0 254 4
6 78 413 9
10 71 413 8
2 0 265 3
4 0 357 8
7 39 413 7
5 198 413 4
10 186 413 10
3 0 225 8
7 0 386 10
3 0 366 8
1 0 211 10
6 0 311 3
4 0 200 4
8 0 349 3
6 0 355 2
1 0 214 3
3 0 200 9
9 0 389 5
1 87 413 6
5 188 413 3
1 113 413 8
9 0 261 9
9 38 413 1
10 0 378 10
6 0 261 10
8 133 413 9
5 189 413 1
7 0 403 8
6 11 413 6
4 88 413 7
1 9 413 8
9 80 413 2
7 0 208 8
4 0 366 3
2 144 413 4
2 149 413 3
6 0 320 1
8 10 413 4
6 0 392 8
8 133 413 3
9 0 316 5
3 0 376 4
2 0 349 10
8 182 413 4
3 0 362 2
2 17 413 6
1 0 226 9
2 110 413 9
8 0 249 3
5 25 413 8
2 132 413 7
8 197 413 6
9 0 273 7
10 55 413 10
5 158 413 2
9 0 399 4
4 20 413 6
6 1 413 5
10 45 413 9
4 97 413 5
2 46 413 10
10 87 413 6
8 0 255 7
6 158 413 8
7 0 229 10
10 83 413 1
9 141 413 7
6 174 413 9
5 0 323 2
6 0 273 9
10 0 307 3
9 125 413 8
4 0 256 1
1 96 413 5
5 0 218 2
2 123 413 6
3 0 308 7
2 52 413 2
2 148 413 8
9 85 413 4
4 0 373 5
4 0 373 3
6 188 413 7
5 0 311 7
5 0 353 4
1 0 295 6
3 0 276 10
1 0 361 5
2 0 286 8
5 150 413 5
8 51 413 4
2 0 382 4
7 21 413 8
3 17 413 10
3 66 413 9
7 0 222 9
9 0 207 4
2 120 413 1
2 157 413 3
4 142 413 1
7 0 340 5
2 168 413 2
9 0 219 2
1 0 298 2
2 0 399 2
4 179 413 5
8 0 254 7
8 0 324 7
6 197 413 9
1 0 413 5
9 116 413 6
10 22 413 2
7 0 239 9
4 190 413 2
5 100 413 9
5 106 413 2
5 95 413 3
5 92 413 7
3 0 226 3
3 0 320 4
10 156 413 10
3 121 413 10
6 0 372 7
5 0 335 7
3 72 413 4
1 0 384 7
3 0 288 4
10 116 413 2
6 0 304 7
4 66 413 3
4 0 323 4
10 139 413 7
1 14 413 7
5 0 315 1
4 0 213 4
8 154 413 7
9 179 413 3
2 142 413 2
2 97 413 2
3 171 413 1
7 80 413 10
2 92 413 10
5 0 397 8
10 64 413 7
7 109 413 8
5 117 413 8
2 65 413 10
2 175 413 5
1 40 413 6
3 0 296 3
2 0 255 4
1 163 413 10
7 0 312 4
10 74 413 3
7 0 316 2
6 110 413 4
4 0 337 1
4 42 413 5
9 198 413 1
3 119 413 7
10 122 413 3
9 147 413 7
2 0 396 8
7 120 413 10
4 0 387 4
7 2 413 1
3 0 326 8
8 0 232 10
5 0 378 7
3 0 222 2
2 171 413 8
3 74 413 6
1 0 401 7
6 75 413 2
1 0 303 7
7 31 413 5
5 0 217 10
1 0 381 1
4 0 404 2
3 67 413 9
2 0 233 8
3 30 413 9
8 0 315 8
3 0 240 8
1 0 360 9
3 0 328 8
2 111 413 6
9 0 305 2
7 2 413 7
6 0 382 8
6 0 256 3
4 0 292 2
7 82 413 1
8 0 285 4
7 0 354 6
9 0 373 10
8 0 373 8
10 9 413 9
8 0 395 2
8 0 213 4
7 0 308 10
5 0 337 2
3 135 413 7
10 148 413 1
9 0 373 4
7 3 413 5
1 0 203 9
7 0 293 7
6 0 216 9
4 89 413 2
4 52 413 5
3 0 408 7
6 101 413 8
2 0 380 5
8 181 413 3
4 0 360 2
3 112 413 1
10 175 413 1
1 136 413 7
2 22 413 10
5 71 413 2
7 0 360 3
3 0 282 2
9 193 413 8
1 0 303 6
7 189 413 8
9 0 316 3
3 67 413 2
6 0 406 7
1 176 413 5
3 0 373 10
10 0 297 5
5 0 353 1
8 0 275 1
2 0 347 10
1 142 413 4
1 108 413 4
2 0 199 3
8 0 230 1
6 0 320 8
1 0 331 3
8 0 332 3
9 0 208 2
7 0 232 5
2 0 278 8
7 130 413 8
5 0 267 7
6 0 262 9
3 186 413 7
3 90 413 9
5 0 356 6
3 48 413 7
4 0 302 9
10 0 320 2
6 0 235 7
3 0 407 6
9 0 282 8
9 14 413 9
9 182 413 1
10 132 413 8
5 0 253 8
5 20 413 8
2 192 413 7
4 87 413 4
9 41 413 10
5 37 413 2
8 0 364 10
3 57 413 10
9 0 286 6
10 123 413 4
5 0 280 1
9 0 353 6
3 0 335 8
4 168 413 7
2 0 344 7
2 0 346 3
4 194 413 1
5 0 373 2
9 25 413 4
3 83 413 10
6 121 413 4
1 0 306 1
9 104 413 4
5 0 272 1
7 0 368 9
2 72 413 8
9 33 413 7
5 46 413 10
6 168 413 10
7 89 413 8
1 0 321 3
2 149 413 5
9 0 264 4
8 162 413 5
10 0 256 3
