400
1 1.15 1.06 1.14
6 120 510 7
10 0 478 9
1 249 510 9
4 158 510 8
9 0 446 1
3 213 510 3
10 0 415 9
8 0 304 8
2 190 510 6
6 150 510 5
1 0 387 1
9 0 347 10
3 39 510 5
6 0 290 8
8 235 510 5
5 76 510 5
4 15 510 6
9 0 321 5
3 0 325 4
1 0 476 5
4 61 510 2
4 0 257 1
2 0 510 2
7 211 510 4
3 46 510 9
3 0 429 3
10 108 510 1
3 0 374 7
5 97 510 9
7 0 409 3
10 18 510 7
1 0 254 2
6 74 510 7
5 135 510 8
7 123 510 5
10 139 510 5
1 0 399 5
2 0 458 4
3 141 510 7
3 0 465 5
8 0 332 3
10 0 306 8
10 199 510 10
1 39 510 2
1 52 510 8
6 0 409 1
7 122 510 4
3 234 510 5
3 0 421 5
3 153 510 5
1 0 309 9
10 0 341 9
5 56 510 8
1 0 436 10
9 0 506 5
9 189 510 5
1 243 510 5
7 0 317 9
5 0 494 7
5 0 489 1
7 240 510 7
8 10 510 5
10 0 470 7
9 0 420 8
6 56 510 9
9 0 352 2
10 0 454 4
9 47 510 9
1 0 490 5
6 0 306 2
6 0 476 2
7 0 362 6
9 214 510 9
8 106 510 3
4 0 484 4
1 0 501 5
5 0 485 4
9 19 510 5
2 0 498 4
3 152 510 3
3 0 278 6
6 0 427 2
7 0 332 7
6 246 510 1
2 96 510 8
7 0 268 9
4 0 431 9
5 0 334 4
6 0 260 3
1 112 510 9
5 0 410 8
9 0 500 6
7 91 510 6
10 0 484 4
4 128 510 8
4 215 510 10
9 114 510 2
4 27 510 2
10 31 510 6
6 0 256 5
1 0 497 9
4 0 478 7
8 72 510 9
4 0 400 1
1 0 484 7
8 147 510 10
3 183 510 5
3 176 510 2
2 236 510 1
9 182 510 10
1 248 510 3
10 0 321 8
7 0 465 10
5 34 510 6
5 199 510 1
2 0 418 3
1 128 510 2
10 165 510 4
9 0 433 2
3 0 393 9
6 175 510 6
7 162 510 5
6 161 510 9
10 0 297 1
4 0 400 6
5 77 510 10
5 211 510 1
8 0 258 10
5 0 373 8
10 236 510 4
2 10 510 9
9 185 510 1
10 132 510 9
10 194 510 5
3 0 403 9
5 0 324 9
7 0 323 8
3 26 510 10
7 202 510 7
9 234 510 1
4 0 426 8
1 180 510 3
2 0 453 8
9 97 510 7
4 0 259 7
8 0 484 10
7 244 510 6
6 0 441 10
2 0 495 1
7 0 362 8
1 0 263 4
6 137 510 6
9 145 510 8
3 7 510 2
2 0 438 6
2 0 398 9
8 126 510 3
10 0 367 3
9 0 380 7
5 0 345 8
4 0 466 3
4 52 510 7
5 175 510 5
5 0 271 8
8 0 294 1
10 164 510 8
7 0 334 8
8 44 510 6
9 156 510 9
7 0 271 7
1 0 362 10
9 0 451 10
9 202 510 10
3 245 510 3
9 0 292 6
1 0 371 6
7 0 396 9
10 0 468 9
2 142 510 8
5 0 307 5
7 170 510 9
8 0 353 9
6 137 510 4
7 0 383 7
1 0 272 9
2 153 510 8
8 41 510 4
4 0 369 8
6 0 330 10
10 111 510 9
8 221 510 10
10 62 510 5
1 0 426 8
6 7 510 2
4 72 510 7
5 29 510 10
7 0 303 9
7 0 279 10
2 0 454 7
3 0 312 5
3 110 510 8
1 0 285 10
9 0 285 8
5 169 510 6
6 88 510 3
7 0 482 10
8 199 510 3
6 0 377 7
6 0 390 10
7 0 483 4
1 25 510 9
5 0 301 3
2 0 331 8
6 11 510 6
3 112 510 3
4 0 405 10
5 0 441 6
3 244 510 9
10 0 290 5
5 0 432 9
6 0 471 8
9 124 510 8
8 0 280 3
9 0 464 4
7 102 510 3
8 222 510 6
10 0 339 7
8 0 287 5
10 230 510 9
2 0 459 10
3 202 510 3
1 5 510 6
1 0 322 8
1 0 297 9
8 117 510 5
2 0 359 8
10 3 510 2
8 214 510 4
6 0 503 3
5 12 510 5
9 121 510 5
8 80 510 8
1 0 277 9
9 0 327 3
1 173 510 9
3 0 414 2
4 62 510 6
10 101 510 6
6 0 384 4
9 0 273 3
3 0 264 3
3 0 510 8
8 0 400 4
6 65 510 2
7 177 510 2
7 88 510 3
5 0 450 2
3 0 349 8
5 226 510 3
6 257 510 6
6 8 510 1
1 0 504 3
4 0 259 4
8 67 510 3
4 92 510 2
4 29 510 8
10 0 337 5
3 0 286 7
5 0 510 9
4 0 298 3
8 176 510 6
2 79 510 3
7 142 510 10
10 0 329 9
10 0 356 4
5 248 510 6
1 0 424 2
9 193 510 5
2 70 510 6
6 0 306 6
6 0 358 6
6 0 473 3
1 0 266 1
8 0 466 8
6 233 510 7
1 189 510 4
3 230 510 7
5 53 510 8
8 0 341 10
1 11 510 6
3 0 312 10
7 0 348 10
2 0 386 3
3 222 510 5
4 80 510 2
9 0 434 1
6 0 301 3
3 24 510 9
9 0 394 5
7 22 510 2
10 102 510 6
4 142 510 3
7 0 352 7
2 0 307 5
5 0 421 8
5 0 444 10
1 154 510 1
4 127 510 1
6 207 510 10
1 170 510 4
2 231 510 4
10 203 510 9
8 0 477 10
8 0 428 5
2 239 510 9
1 87 510 7
6 52 510 2
10 115 510 5
7 222 510 8
10 10 510 2
4 0 336 1
7 0 378 1
2 149 510 3
9 64 510 10
8 0 504 1
3 21 510 10
3 244 510 4
6 0 493 9
9 128 510 6
3 159 510 7
2 119 510 3
3 0 438 6
7 165 510 4
3 180 510 9
8 80 510 6
5 0 423 3
8 248 510 2
8 0 266 9
6 171 510 9
2 0 274 2
10 33 510 3
3 0 410 9
3 134 510 1
3 0 291 9
9 0 386 10
3 233 510 6
10 0 367 7
8 150 510 3
4 0 373 4
6 0 281 8
9 0 277 3
9 186 510 5
7 0 286 7
8 43 510 7
4 0 387 6
8 1 510 8
10 0 265 3
2 41 510 8
4 0 495 2
6 198 510 7
8 238 510 5
4 0 386 7
10 189 510 5
1 0 359 9
5 158 510 7
1 5 510 6
3 0 419 7
1 243 510 2
9 0 393 2
10 0 354 3
4 0 377 4
8 67 510 5
6 171 510 1
6 0 476 5
6 0 400 4
1 49 510 6
5 178 510 10
3 81 510 8
5 171 510 2
4 197 510 3
2 8 510 9
3 120 510 9
10 0 262 1
5 0 504 4
1 59 510 1
2 0 507 8
7 0 313 2
6 0 391 2
8 0 307 2
9 0 441 6
4 0 405 4
8 69 510 6
2 141 510 6
3 0 500 10
8 0 328 10
8 196 510 6
6 0 418 10
7 0 250 1
6 33 510 10
3 216 510 2
