100
1 1.39 1.97 1.75
1 0 68 5
4 1 94 2
4 12 94 7
9 0 82 1
5 0 56 10
5 31 94 4
7 2 94 9
6 31 94 10
10 19 94 9
8 0 74 7
10 39 94 9
6 0 59 6
8 6 94 5
3 21 94 6
4 0 76 9
6 5 94 7
5 0 51 3
8 0 54 1
6 25 94 2
5 0 66 8
10 0 47 1
6 0 94 6
8 12 94 8
8 27 94 2
9 0 91 1
4 3 94 5
1 0 66 8
6 6 94 1
2 0 77 8
6 0 54 9
3 0 60 9
8 0 77 3
3 0 77 3
1 18 94 1
2 43 94 9
8 19 94 3
10 0 75 3
6 25 94 1
10 0 73 5
9 32 94 4
5 0 50 10
6 30 94 5
1 0 78 3
9 11 94 5
1 36 94 2
4 43 94 7
7 13 94 2
2 0 68 5
3 31 94 3
3 26 94 6
7 0 47 3
7 37 94 1
8 0 86 6
10 22 94 8
1 0 64 5
3 41 94 7
4 27 94 1
9 0 75 6
7 0 90 3
10 0 81 3
2 18 94 3
7 39 94 9
6 16 94 8
1 0 88 10
3 0 81 2
4 31 94 8
9 0 64 10
6 0 49 1
6 10 94 6
7 35 94 3
4 0 84 2
9 0 61 9
9 0 66 9
3 9 94 9
8 13 94 9
2 0 80 8
1 0 90 3
5 19 94 9
10 23 94 3
9 0 67 5
6 26 94 5
8 1 94 6
2 0 90 7
2 0 73 2
3 0 54 5
5 0 61 7
9 37 94 10
1 39 94 8
4 11 94 6
9 0 50 2
7 0 86 7
6 0 58 8
8 14 94 1
6 35 94 10
3 30 94 9
8 0 90 8
4 0 81 3
10 0 52 2
3 0 46 4
5 0 92 10
