150
1 1.83 1.96 1.43
2 29 131 3
5 8 131 4
8 45 131 10
4 0 117 9
9 0 98 8
1 0 74 5
5 4 131 3
4 15 131 4
6 0 101 6
4 43 131 4
7 0 131 10
6 42 131 6
3 0 92 9
6 0 66 6
3 32 131 1
8 42 131 8
3 0 100 4
2 0 67 3
9 0 116 9
3 23 131 3
4 11 131 1
7 2 131 3
10 37 131 6
10 53 131 8
2 33 131 8
3 0 109 9
3 0 125 10
4 0 121 4
8 0 96 1
5 0 69 6
3 0 99 3
9 43 131 3
1 0 84 9
8 12 131 5
3 12 131 8
9 0 122 3
5 0 58 5
1 0 83 3
9 1 131 7
1 40 131 6
7 0 61 5
5 0 126 5
10 0 72 7
3 0 106 2
9 0 122 6
6 47 131 6
9 0 85 5
8 24 131 1
10 32 131 4
10 43 131 4
3 46 131 10
8 53 131 8
3 0 101 9
7 0 79 1
3 0 99 1
4 0 109 9
7 0 106 9
3 0 121 7
8 15 131 5
5 31 131 3
5 0 114 10
8 31 131 7
6 0 56 3
6 18 131 9
10 0 89 4
7 0 71 8
2 0 91 6
5 9 131 4
2 0 82 5
3 0 100 9
10 22 131 8
7 0 67 5
2 53 131 9
3 55 131 3
10 29 131 1
8 24 131 10
1 34 131 3
2 0 92 9
2 0 119 1
7 0 79 9
4 0 117 7
2 0 76 2
1 0 74 4
2 0 90 5
1 0 111 7
10 7 131 1
2 22 131 2
9 0 76 10
3 14 131 1
5 50 131 9
4 37 131 3
4 15 131 7
4 2 131 1
7 51 131 7
1 0 79 6
9 0 116 7
8 24 131 2
9 0 105 8
9 25 131 5
9 45 131 7
5 0 77 2
3 0 55 2
1 0 131 1
4 0 130 7
1 31 131 8
2 0 94 2
1 0 63 2
6 27 131 5
8 32 131 10
4 9 131 5
8 0 68 5
8 0 79 5
3 0 131 3
4 0 77 4
10 0 62 5
3 47 131 10
1 36 131 4
3 14 131 4
3 0 60 1
5 38 131 3
5 22 131 3
5 0 111 6
6 21 131 1
8 37 131 10
1 0 112 6
8 0 62 3
9 0 119 1
6 0 94 7
7 24 131 6
3 0 63 9
4 0 102 5
1 0 114 4
6 10 131 6
3 0 72 4
6 43 131 5
6 0 102 9
6 48 131 7
10 0 131 5
7 43 131 2
2 0 72 5
7 5 131 10
7 16 131 8
1 54 131 5
10 17 131 7
3 0 88 4
8 17 131 10
8 0 105 5
1 17 131 6
9 28 131 5
3 0 85 6
