500
1 1.04 1.54 1.22
5 0 556 3
5 163 577 1
10 0 333 4
3 0 308 5
8 30 577 2
4 0 468 9
10 0 500 2
6 20 577 2
8 0 519 8
2 228 577 2
10 0 434 8
7 0 510 4
10 0 561 2
5 140 577 4
3 7 577 2
5 116 577 8
1 245 577 6
4 66 577 1
8 0 418 3
1 195 577 8
10 197 577 4
6 0 455 3
5 0 429 6
3 0 416 5
9 0 388 5
5 63 577 1
5 209 577 2
3 2 577 10
4 0 444 4
9 155 577 6
5 0 456 10
4 0 303 1
10 0 390 4
3 0 392 2
7 0 460 10
2 0 301 6
9 0 376 6
10 82 577 3
4 0 430 4
6 0 512 10
4 0 415 6
1 0 525 8
8 179 577 6
2 0 362 2
3 296 577 7
3 259 577 7
3 271 577 10
10 0 543 1
6 0 531 7
1 231 577 2
6 0 402 5
5 172 577 8
6 0 330 9
7 212 577 5
10 0 310 8
3 226 577 4
8 52 577 8
8 250 577 10
1 0 527 5
7 0 323 5
2 0 472 9
6 41 577 2
5 49 577 10
1 57 577 7
2 268 577 6
5 0 563 3
5 0 577 2
10 84 577 1
6 0 575 9
3 0 567 7
5 291 577 9
8 0 400 6
5 147 577 9
10 0 449 1
9 120 577 6
2 0 354 10
10 0 362 4
7 164 577 2
2 0 478 7
5 102 577 5
5 0 435 1
3 176 577 5
6 99 577 4
6 197 577 1
4 100 577 9
3 87 577 8
5 61 577 1
3 16 577 7
4 0 502 4
10 0 540 9
10 104 577 10
5 5 577 7
5 134 577 1
5 0 323 4
8 178 577 9
7 176 577 6
5 234 577 4
5 244 577 7
3 134 577 7
8 75 577 5
8 0 404 9
4 47 577 3
6 0 459 1
8 0 473 8
7 51 577 3
8 0 477 9
10 0 325 2
2 139 577 9
7 186 577 3
9 0 361 3
1 0 460 3
3 55 577 6
1 0 499 9
4 108 577 3
7 0 303 2
1 138 577 9
3 0 560 4
2 55 577 9
1 0 312 4
1 120 577 10
8 0 483 5
3 0 303 2
3 242 577 1
2 278 577 10
5 140 577 5
5 95 577 4
10 102 577 4
5 0 368 5
8 0 381 5
5 41 577 10
5 283 577 3
5 285 577 5
1 240 577 7
9 0 348 3
7 0 299 2
3 86 577 7
6 0 490 8
4 231 577 10
9 0 522 9
4 0 392 8
1 0 488 7
5 27 577 5
9 0 521 1
10 0 441 2
8 276 577 9
7 0 566 10
1 0 331 8
7 0 507 5
6 0 522 8
1 0 520 9
8 223 577 3
6 134 577 8
4 0 465 4
7 263 577 10
6 166 577 3
2 0 476 6
4 34 577 9
7 0 438 8
8 0 506 1
4 0 486 2
8 0 573 3
3 254 577 3
3 43 577 2
2 65 577 8
3 1 577 4
4 197 577 10
10 83 577 10
1 120 577 5
9 26 577 2
5 0 339 3
9 230 577 8
4 0 335 1
5 0 554 1
7 167 577 1
7 5 577 4
3 0 546 4
8 0 389 8
3 114 577 4
5 0 347 4
10 0 514 2
7 0 502 10
7 0 408 6
2 0 364 5
5 0 424 7
10 0 425 2
3 22 577 7
10 0 534 1
2 237 577 10
1 244 577 3
3 153 577 7
5 0 367 2
10 0 576 1
7 0 568 5
9 153 577 4
10 0 439 7
1 0 542 8
9 0 510 8
2 294 577 9
7 118 577 1
5 0 470 7
9 14 577 7
8 75 577 10
6 0 442 3
4 166 577 5
5 0 451 4
5 0 327 10
1 75 577 3
8 0 537 6
4 110 577 7
4 0 411 1
7 68 577 8
6 0 407 3
4 185 577 3
7 0 458 3
1 171 577 3
10 259 577 9
8 0 473 10
5 201 577 7
6 0 553 8
8 14 577 7
7 0 394 4
1 0 336 4
10 186 577 4
10 0 352 4
10 66 577 10
8 0 479 4
3 0 350 6
7 0 369 6
3 0 417 3
10 216 577 4
1 0 514 10
7 127 577 3
10 0 565 6
4 146 577 5
7 0 314 8
6 0 483 6
4 292 577 1
1 0 440 10
7 0 329 6
7 0 406 9
1 22 577 10
9 0 542 7
3 0 526 5
10 0 437 3
8 10 577 2
9 228 577 4
8 221 577 8
1 32 577 7
3 21 577 2
4 0 415 8
7 104 577 9
6 20 577 5
5 0 517 2
10 205 577 2
8 0 353 7
5 132 577 8
2 149 577 8
1 0 378 7
8 0 562 4
10 29 577 8
1 0 323 5
10 0 577 9
6 0 380 3
7 180 577 8
6 284 577 9
4 0 346 6
3 0 410 10
4 25 577 7
3 0 429 6
9 0 576 3
9 0 384 2
9 0 452 5
10 0 568 8
2 0 548 2
10 84 577 9
8 0 490 2
2 134 577 1
4 195 577 1
8 0 424 6
1 0 412 3
10 203 577 9
3 0 514 2
7 0 500 1
6 0 394 6
4 13 577 3
3 254 577 6
4 0 440 5
2 92 577 10
10 0 434 1
5 281 577 8
9 253 577 1
6 51 577 10
3 212 577 9
8 173 577 9
7 69 577 10
4 235 577 6
8 0 352 6
3 185 577 2
7 72 577 8
6 79 577 9
3 273 577 2
6 114 577 9
5 287 577 8
8 99 577 1
6 0 531 6
2 29 577 1
2 255 577 2
7 112 577 7
4 44 577 3
9 171 577 4
3 0 387 9
1 0 431 7
10 128 577 8
2 190 577 1
6 56 577 7
7 0 572 9
8 205 577 4
7 40 577 7
9 123 577 1
8 0 334 2
2 0 389 5
5 220 577 6
3 215 577 10
3 47 577 5
7 195 577 9
9 0 493 4
7 0 427 5
10 0 553 7
8 0 336 10
6 163 577 8
10 135 577 5
4 0 376 1
1 219 577 2
8 0 554 9
2 225 577 6
3 130 577 6
3 143 577 7
3 0 461 1
2 0 538 5
2 0 526 4
4 0 550 6
6 124 577 7
3 0 416 7
5 0 321 6
8 225 577 4
10 58 577 6
10 159 577 6
1 159 577 1
2 0 475 9
1 0 453 8
9 243 577 10
9 0 419 2
7 0 370 1
1 169 577 10
3 222 577 8
7 178 577 8
1 118 577 4
6 0 549 8
4 0 304 3
9 0 497 2
7 272 577 5
4 101 577 7
9 0 548 9
5 0 400 1
6 0 477 7
4 0 396 1
3 276 577 9
4 11 577 4
6 0 464 9
4 130 577 9
7 0 433 2
4 0 415 1
5 70 577 1
10 36 577 1
6 0 398 10
7 0 373 6
8 0 346 2
2 0 371 8
4 0 414 8
10 153 577 1
4 79 577 1
5 19 577 2
2 0 458 4
6 0 402 2
5 150 577 5
1 123 577 3
2 22 577 8
6 0 331 1
3 182 577 8
6 238 577 8
7 0 527 6
3 120 577 2
3 260 577 8
9 237 577 9
3 11 577 2
10 0 544 1
9 0 476 6
8 264 577 8
5 0 511 3
8 140 577 1
3 0 346 6
9 293 577 9
5 0 317 4
5 0 499 7
3 91 577 10
5 204 577 8
4 0 359 6
1 210 577 10
1 0 456 10
2 107 577 2
8 0 357 10
9 0 309 6
1 0 326 8
4 36 577 6
5 0 354 9
3 245 577 6
7 0 362 10
9 0 447 5
5 40 577 3
7 0 575 7
7 274 577 4
4 0 401 4
9 279 577 7
10 0 312 6
6 178 577 5
1 0 368 9
6 214 577 6
8 0 325 6
9 105 577 8
6 0 447 6
7 0 558 10
6 2 577 8
1 67 577 2
2 118 577 5
4 0 422 7
6 0 488 1
10 118 577 1
3 0 390 1
4 0 318 2
7 293 577 1
9 269 577 8
2 0 502 7
4 0 526 5
3 0 533 5
10 164 577 9
3 0 562 7
5 0 325 4
6 91 577 2
6 0 572 1
9 0 464 4
7 0 518 7
4 0 411 3
5 92 577 10
10 0 438 4
2 172 577 8
7 0 563 3
9 238 577 10
6 7 577 2
3 262 577 1
1 37 577 5
8 18 577 10
9 0 426 4
7 0 346 8
1 0 316 3
4 260 577 7
2 98 577 1
9 0 340 2
1 0 528 5
6 0 343 10
4 0 343 7
9 0 374 4
9 248 577 6
5 185 577 2
3 0 531 10
10 259 577 9
5 62 577 7
7 0 538 1
10 208 577 8
10 0 385 3
6 0 309 4
9 218 577 8
10 8 577 1
6 78 577 6
4 53 577 6
8 201 577 6
9 186 577 2
1 0 359 2
2 0 520 7
6 193 577 8
5 0 483 3
7 0 353 5
1 233 577 1
5 0 534 4
10 0 537 3
1 233 577 10
10 0 365 2
5 0 321 9
6 0 327 1
2 0 499 5
4 208 577 4
