350
1 1.86 1.77 1.46
9 0 313 5
2 0 308 5
8 32 313 5
10 23 313 10
1 0 302 8
1 0 198 2
8 69 313 9
5 0 182 9
5 10 313 6
6 99 313 7
2 36 313 7
3 39 313 1
6 89 313 3
8 129 313 3
2 0 310 1
5 0 246 6
2 0 313 8
9 0 313 4
10 135 313 2
4 0 244 6
3 71 313 9
5 145 313 8
8 0 285 5
8 0 312 8
7 0 250 8
10 0 212 5
4 68 313 9
8 0 223 7
7 11 313 7
3 0 169 9
7 31 313 2
1 25 313 10
1 0 217 9
2 0 289 8
5 0 236 7
5 101 313 5
10 62 313 10
4 122 313 7
5 0 236 7
4 0 238 4
10 0 272 3
1 103 313 2
4 0 237 10
9 0 286 7
2 0 230 5
1 95 313 3
3 53 313 8
7 0 204 10
6 0 223 4
8 0 231 3
10 0 276 7
8 0 243 10
4 0 286 7
10 0 206 2
5 79 313 8
8 18 313 7
8 94 313 5
3 61 313 5
4 69 313 9
9 87 313 6
5 24 313 9
4 136 313 5
5 92 313 2
1 138 313 10
5 147 313 9
3 0 163 6
5 73 313 8
4 158 313 2
4 5 313 5
7 50 313 9
8 103 313 2
2 10 313 4
2 69 313 1
9 0 297 10
6 56 313 5
9 0 175 3
5 106 313 3
2 68 313 6
2 0 278 10
2 86 313 7
7 0 259 1
10 12 313 4
1 0 308 1
7 0 250 1
3 0 261 2
1 144 313 5
7 0 212 6
8 0 276 10
2 137 313 9
7 38 313 4
9 0 182 8
9 99 313 2
5 0 217 3
9 43 313 9
6 0 178 10
4 0 216 1
4 116 313 9
5 87 313 10
3 124 313 7
8 56 313 3
9 0 206 2
6 49 313 2
5 55 313 8
6 0 166 1
7 110 313 4
9 0 214 6
5 35 313 8
1 153 313 2
10 25 313 1
5 0 201 10
5 0 294 9
5 113 313 3
1 66 313 1
9 32 313 1
3 104 313 5
10 127 313 4
6 0 241 5
8 92 313 4
4 0 224 2
7 76 313 1
5 0 216 8
1 116 313 6
4 156 313 9
9 133 313 4
8 0 273 2
8 95 313 5
1 0 185 10
10 0 269 10
9 136 313 8
5 154 313 7
4 0 202 10
1 0 218 8
4 0 171 10
5 83 313 1
3 29 313 9
7 0 194 3
8 0 199 6
4 0 198 7
4 3 313 3
1 125 313 10
8 138 313 9
6 128 313 1
3 0 234 7
4 0 296 4
10 141 313 6
9 0 311 1
7 16 313 5
4 3 313 1
4 0 162 2
1 0 260 7
10 0 235 3
3 0 190 4
5 97 313 7
7 0 253 3
2 140 313 10
10 25 313 7
6 0 186 8
2 88 313 9
1 0 250 4
1 0 202 1
5 0 297 8
4 113 313 1
7 0 201 10
4 72 313 1
4 0 279 5
7 122 313 4
5 24 313 9
8 0 253 5
6 0 212 1
9 0 179 3
9 0 308 9
4 39 313 5
6 0 282 1
1 46 313 1
9 39 313 6
10 127 313 3
6 99 313 10
2 147 313 5
6 0 295 6
7 87 313 10
8 0 230 1
4 0 281 4
10 0 280 2
9 0 298 3
9 0 310 10
8 0 211 9
2 152 313 3
3 77 313 5
2 124 313 3
6 13 313 9
3 61 313 10
2 49 313 6
2 18 313 9
9 85 313 6
6 0 306 3
2 132 313 2
8 50 313 10
2 18 313 1
2 0 212 3
3 0 264 10
2 0 296 8
4 0 265 9
10 57 313 2
2 0 293 10
8 36 313 9
2 0 255 9
8 109 313 1
5 43 313 8
5 0 232 2
7 43 313 9
8 0 264 9
2 81 313 3
10 41 313 2
5 0 178 4
3 0 222 5
8 2 313 7
3 0 304 4
10 0 283 4
8 0 273 5
9 0 174 5
7 21 313 4
6 0 186 6
2 62 313 8
10 0 240 2
8 0 175 7
9 60 313 3
5 0 241 6
9 13 313 1
10 0 247 10
6 0 223 3
1 150 313 1
3 97 313 5
9 53 313 9
6 0 195 1
3 60 313 4
6 0 170 6
9 0 309 6
2 0 199 9
8 100 313 5
6 146 313 10
2 31 313 7
6 68 313 5
8 17 313 2
1 24 313 2
1 152 313 10
4 0 177 3
10 112 313 10
2 81 313 4
9 0 169 5
5 93 313 3
6 0 298 7
7 26 313 8
2 0 216 6
9 0 270 8
4 58 313 4
2 0 296 10
6 0 189 5
3 134 313 1
4 0 252 3
4 0 290 1
9 120 313 1
3 0 244 1
1 49 313 6
6 0 281 3
1 163 313 3
7 0 261 1
5 0 168 6
2 0 226 6
2 33 313 9
8 6 313 7
2 0 211 8
8 0 232 1
7 143 313 5
9 0 287 10
6 0 195 9
2 136 313 9
2 79 313 4
10 0 281 5
7 84 313 8
5 0 269 5
9 0 244 10
3 0 292 5
1 0 237 8
1 0 241 9
6 0 232 8
4 132 313 5
1 138 313 7
10 0 308 10
7 0 307 9
5 0 255 1
9 143 313 5
2 0 191 9
7 0 303 4
2 126 313 6
10 0 159 3
1 27 313 10
3 0 310 3
9 0 193 10
10 0 308 7
10 67 313 5
10 111 313 3
6 0 198 4
6 72 313 5
8 0 165 2
10 4 313 3
6 0 166 8
3 0 287 2
10 9 313 7
6 0 188 5
4 74 313 9
4 0 283 6
1 0 194 2
10 0 191 6
1 0 227 8
3 0 206 5
3 13 313 8
10 0 253 10
8 0 265 1
9 0 226 10
3 0 256 6
6 0 188 9
7 55 313 7
6 0 168 6
1 78 313 4
6 0 240 10
3 0 174 2
7 0 284 4
4 0 276 3
3 79 313 6
10 30 313 3
1 0 241 7
5 146 313 5
4 0 296 9
7 102 313 7
3 0 260 7
6 116 313 10
2 137 313 8
3 0 258 9
9 113 313 2
1 0 177 8
3 131 313 2
7 0 264 2
4 0 296 8
9 62 313 2
6 3 313 1
3 48 313 8
10 0 241 9
2 0 262 9
5 54 313 7
8 42 313 6
