200
1 1.76 1.67 1.47
3 41 193 1
6 75 193 6
10 0 180 3
9 35 193 2
9 2 193 8
5 0 165 9
5 5 193 8
9 60 193 7
9 0 126 6
6 65 193 2
1 1 193 10
8 0 193 3
7 56 193 8
10 0 121 8
8 48 193 9
5 24 193 2
10 0 107 6
4 0 93 5
10 0 95 6
5 0 114 9
8 0 97 6
10 0 187 3
2 0 171 8
1 54 193 9
3 0 94 6
6 0 116 10
2 0 111 5
5 19 193 1
9 19 193 1
10 0 125 2
6 0 185 4
5 0 193 10
2 25 193 10
10 60 193 4
8 27 193 9
10 58 193 7
10 24 193 10
8 0 139 7
4 0 156 8
1 0 140 5
4 0 164 5
4 0 102 5
3 26 193 9
6 45 193 2
2 11 193 1
3 0 159 8
10 79 193 9
2 14 193 4
2 12 193 6
1 2 193 10
5 0 161 8
10 0 127 1
1 0 132 4
4 0 152 9
4 0 189 8
8 30 193 6
7 47 193 9
6 0 150 3
10 16 193 8
9 55 193 5
1 0 93 7
5 0 102 5
7 0 168 3
6 26 193 6
1 44 193 4
2 65 193 9
1 20 193 5
10 82 193 4
4 0 184 6
4 0 131 9
4 0 193 3
4 0 131 5
9 89 193 1
10 0 120 1
9 50 193 9
3 0 157 3
9 87 193 9
6 0 177 7
3 32 193 9
9 0 145 1
7 55 193 4
10 0 185 3
10 63 193 1
5 0 168 1
6 0 119 6
5 0 117 3
6 0 171 9
3 46 193 10
7 59 193 4
1 0 99 9
8 9 193 2
8 57 193 6
3 18 193 7
5 17 193 8
1 0 133 8
5 55 193 9
6 0 178 6
7 0 139 1
7 25 193 1
5 72 193 7
1 65 193 4
3 0 151 4
6 0 104 4
2 0 140 6
2 0 134 2
5 3 193 8
4 86 193 6
3 53 193 4
7 0 149 5
10 0 169 2
10 0 110 6
1 0 106 5
4 0 147 3
10 0 139 4
3 0 133 1
3 43 193 6
10 71 193 5
3 0 112 5
10 0 133 2
1 45 193 9
7 0 173 8
9 0 129 4
1 67 193 6
6 0 156 6
9 0 155 3
4 0 99 4
3 0 164 5
7 84 193 6
3 0 119 4
7 66 193 4
5 5 193 7
10 0 105 1
6 76 193 2
5 60 193 6
2 21 193 8
2 0 118 4
5 0 144 8
3 0 115 8
6 0 92 4
2 40 193 9
4 80 193 9
7 0 124 4
5 0 95 8
4 0 151 3
5 80 193 8
5 21 193 3
7 0 93 9
9 15 193 9
4 56 193 9
5 0 132 8
8 47 193 10
10 0 170 10
7 35 193 2
2 0 160 10
1 45 193 5
8 0 124 7
9 0 107 7
1 0 174 7
8 0 164 8
9 45 193 7
8 0 183 9
7 0 121 9
2 70 193 7
8 25 193 1
7 41 193 3
10 0 130 4
4 0 158 2
10 77 193 1
10 8 193 8
2 76 193 10
4 10 193 2
9 84 193 5
3 4 193 3
10 69 193 10
10 0 176 8
1 0 171 7
3 51 193 8
5 47 193 9
4 0 141 1
5 16 193 9
10 9 193 9
2 0 138 2
3 0 193 3
8 67 193 8
4 75 193 1
7 86 193 2
8 66 193 1
7 35 193 9
6 62 193 5
1 0 145 6
6 0 113 1
2 0 93 5
2 0 102 6
7 6 193 6
7 0 125 1
7 82 193 6
2 0 102 9
3 0 117 7
1 0 177 10
8 83 193 1
