300
1 1.62 1.55 1.14
10 64 313 7
10 58 313 9
10 131 313 9
9 94 313 4
7 0 265 6
9 0 307 7
9 143 313 1
1 0 167 3
9 84 313 9
2 13 313 2
6 0 285 5
10 0 164 10
1 0 160 5
7 17 313 2
2 0 176 3
4 9 313 4
6 110 313 9
6 0 155 4
5 0 162 3
5 0 271 2
8 0 259 8
2 115 313 2
3 145 313 5
1 56 313 7
6 0 265 6
7 30 313 8
7 105 313 6
5 0 275 3
6 0 183 2
7 0 247 4
3 0 264 1
6 54 313 7
3 0 256 6
7 38 313 2
6 58 313 4
10 15 313 8
9 0 159 8
3 41 313 6
8 121 313 2
4 140 313 5
9 43 313 7
3 0 266 7
2 0 181 5
9 6 313 9
6 89 313 5
8 0 217 10
8 0 150 9
2 0 303 9
4 143 313 4
10 0 292 5
6 0 299 7
2 60 313 4
7 0 202 8
8 81 313 2
2 121 313 3
5 0 313 8
7 82 313 9
10 32 313 6
6 0 204 4
6 0 228 4
2 0 274 5
6 0 284 1
4 0 221 9
6 0 167 3
7 50 313 3
2 0 219 8
10 143 313 3
6 117 313 8
6 90 313 7
4 0 225 4
4 0 230 3
7 0 252 8
8 128 313 9
1 0 231 8
10 0 195 7
3 53 313 9
6 107 313 8
9 109 313 1
1 0 181 9
3 0 219 4
9 0 253 7
5 80 313 8
6 55 313 2
8 0 155 8
6 130 313 2
6 73 313 5
10 0 245 7
1 0 273 5
2 0 153 5
9 0 243 3
7 0 205 8
7 58 313 4
9 0 271 10
6 42 313 6
5 8 313 4
6 67 313 3
10 0 272 2
3 21 313 1
7 72 313 7
6 0 295 8
8 0 238 5
4 0 247 10
5 0 212 10
8 0 219 5
5 0 191 6
3 43 313 6
9 0 262 9
6 0 220 9
6 0 284 1
6 0 249 5
6 43 313 2
7 0 189 5
2 3 313 2
10 0 284 10
7 0 313 10
1 0 236 7
6 0 156 4
6 116 313 7
6 105 313 7
1 0 189 6
7 24 313 2
10 0 232 5
5 63 313 7
10 4 313 4
6 0 174 3
5 0 211 2
3 0 199 3
7 81 313 10
2 36 313 5
8 0 221 1
3 18 313 3
3 0 297 2
8 95 313 9
8 0 268 1
3 0 179 3
6 0 219 7
6 0 178 4
6 138 313 6
6 44 313 3
8 0 213 10
1 0 239 8
6 0 242 7
1 0 170 1
4 0 251 4
1 0 250 2
1 96 313 8
6 13 313 9
1 132 313 10
1 31 313 3
7 99 313 3
1 31 313 2
5 0 208 7
3 113 313 8
3 0 155 5
6 98 313 5
7 45 313 8
9 128 313 5
5 0 174 10
9 0 183 2
5 121 313 6
8 0 210 7
2 29 313 4
6 40 313 9
5 0 242 7
6 0 265 3
8 17 313 1
3 10 313 2
5 22 313 4
6 0 189 7
3 0 238 8
10 24 313 8
9 0 293 2
4 0 236 10
10 150 313 9
10 16 313 3
8 0 314 3
10 136 313 3
4 25 313 9
7 0 249 10
7 0 204 9
1 67 313 3
8 0 166 10
9 0 163 3
6 77 313 5
10 113 313 4
10 0 231 8
2 0 275 9
5 0 285 7
2 0 153 10
1 0 276 5
4 0 197 7
5 146 313 8
8 27 313 5
5 0 170 7
2 33 313 2
2 22 313 3
2 0 194 3
9 10 313 10
5 0 298 9
10 0 253 4
2 0 198 7
7 86 313 4
3 32 313 1
4 0 313 1
4 2 313 1
6 0 297 3
3 119 313 3
8 47 313 10
6 62 313 10
8 0 159 9
8 56 313 5
5 24 313 10
9 87 313 6
6 0 289 9
5 68 313 1
1 65 313 2
6 0 310 7
8 143 313 6
2 92 313 3
1 0 192 9
7 0 180 9
3 23 313 7
8 121 313 9
7 0 274 1
5 72 313 4
3 0 186 10
7 109 313 2
2 68 313 4
3 128 313 7
1 50 313 5
2 0 210 2
1 43 313 8
3 0 221 10
4 0 222 7
1 0 237 7
7 0 281 4
2 82 313 7
8 102 313 6
1 90 313 6
7 47 313 2
6 118 313 5
2 0 196 3
6 75 313 2
1 0 212 9
7 116 313 5
8 0 263 4
5 135 313 9
4 118 313 4
4 0 192 9
5 0 208 9
2 0 307 1
9 76 313 10
6 4 313 5
5 0 304 9
6 95 313 4
9 0 190 3
7 71 313 6
9 0 198 8
8 72 313 9
4 33 313 7
7 0 291 4
1 0 279 3
10 70 313 1
9 0 257 1
5 0 282 9
8 0 206 7
7 1 313 10
2 133 313 3
1 0 292 9
10 146 313 5
6 114 313 2
1 0 203 10
2 129 313 10
3 111 313 5
2 0 160 3
6 95 313 3
10 145 313 10
3 140 313 5
9 124 313 9
2 0 194 10
6 72 313 9
2 0 183 10
3 8 313 1
6 0 181 2
10 0 300 5
7 0 298 7
5 0 303 5
9 0 291 9
4 38 313 6
5 56 313 1
10 78 313 9
7 0 174 10
8 22 313 10
2 45 313 3
3 0 162 6
6 25 313 1
8 0 228 6
8 0 184 8
5 0 201 6
2 0 282 9
