500
1.778 1 1.916 1.992 
90 1980 2096 4
80 2204 2303 3
100 1817 1946 2
60 618 693 2
84 2450 2546 2
70 4948 5042 4
41 1338 1394 4
83 4416 4512 2
80 2804 2901 1
20 2763 2789 2
91 974 1090 4
71 3622 3719 4
10 751 764 2
92 305 412 4
72 1628 1714 1
11 3037 3050 4
66 3615 3694 1
40 2337 2384 1
84 3177 3287 2
53 3921 3983 3
27 4128 4164 2
48 3098 3155 1
95 3305 3432 3
23 58 84 1
15 2422 2442 2
58 1882 1953 1
95 1224 1350 4
24 2487 2520 1
55 2005 2073 4
63 408 478 2
49 2364 2432 2
80 711 806 3
27 3598 3630 3
60 954 1034 3
72 715 808 4
39 0 47 3
34 1553 1599 3
12 1187 1203 2
69 1539 1620 1
76 4040 4138 3
66 312 392 3
60 4275 4347 1
49 3138 3193 2
63 821 895 4
77 3952 4053 2
23 2593 2623 4
46 2912 2964 1
84 841 953 1
38 1816 1868 2
95 3273 3381 4
13 1847 1861 2
24 4071 4100 1
17 4788 4811 3
61 3976 4054 1
75 2747 2836 4
77 4104 4201 1
60 4167 4236 4
88 3425 3538 3
63 3445 3530 3
92 666 776 2
68 1815 1908 2
32 4930 4971 2
39 794 836 1
59 4166 4233 1
32 2671 2715 4
50 253 316 2
92 293 402 4
48 307 370 4
28 1821 1856 4
75 2379 2470 4
89 2376 2474 2
24 3651 3678 1
40 1131 1183 2
95 3614 3724 4
67 2528 2616 3
65 356 431 1
43 4729 4779 3
76 721 814 4
85 3803 3904 3
31 1805 1839 2
26 3487 3521 4
31 2969 3010 4
83 1063 1154 1
20 2538 2563 1
47 3691 3743 1
66 2267 2355 1
73 576 678 2
67 902 989 1
73 2842 2922 2
43 1918 1973 1
23 4737 4769 3
77 3221 3307 1
52 534 593 1
77 2949 3040 1
39 1219 1271 4
64 4892 4974 3
87 3119 3234 2
68 154 244 1
60 1652 1727 4
89 3386 3485 4
30 1353 1395 3
77 4537 4625 4
35 768 813 1
83 3192 3285 2
73 4633 4724 2
47 3897 3951 2
22 471 495 2
42 3103 3156 3
23 3654 3685 3
35 2133 2176 1
77 4475 4565 4
55 1363 1424 2
65 2404 2489 3
38 4120 4166 2
29 2219 2254 2
25 3143 3172 1
43 4629 4676 1
21 2304 2331 1
64 3165 3245 4
76 2809 2914 2
21 2417 2442 2
47 1975 2026 4
94 3554 3663 1
43 2152 2205 2
89 1502 1605 1
33 1288 1328 3
36 1560 1600 3
84 1225 1320 3
46 2090 2151 2
42 4443 4501 2
98 3059 3179 2
49 4594 4652 2
21 869 898 3
21 3843 3866 1
43 649 702 1
32 366 404 2
81 605 717 4
42 2722 2775 1
59 1726 1796 3
38 3364 3408 4
20 134 157 4
11 1209 1223 2
79 3046 3140 3
86 3713 3826 3
23 4117 4144 2
74 29 124 3
88 1811 1929 4
62 2508 2583 4
25 289 320 3
56 19 85 2
13 4640 4655 3
16 4812 4833 1
55 3485 3545 4
56 4263 4333 2
97 4588 4718 2
26 2868 2903 4
100 3927 4057 4
27 119 150 3
70 1208 1291 3
33 2147 2189 2
12 855 869 3
93 4251 4370 3
30 2444 2480 4
20 3663 3690 3
72 3676 3769 1
89 3950 4063 1
56 2796 2874 2
34 3030 3072 4
25 3736 3766 3
24 1431 1459 2
64 4286 4362 3
49 558 621 1
51 1113 1171 2
53 3432 3504 4
79 4129 4237 3
57 4492 4562 2
28 2033 2070 1
67 987 1067 2
53 1776 1845 2
72 253 334 4
71 4692 4775 4
97 22 144 1
23 1474 1503 2
36 4000 4044 4
64 3157 3228 1
52 2258 2315 2
14 1346 1365 1
70 4544 4624 3
29 2825 2860 1
86 1373 1471 3
81 4357 4451 4
14 1460 1476 1
91 3853 3972 3
86 4249 4343 4
90 4947 5065 3
12 1861 1875 1
69 4550 4635 2
75 174 274 1
57 565 627 4
88 594 702 2
72 784 867 1
70 3542 3619 3
43 1112 1169 4
70 94 185 1
80 4964 5052 3
88 2001 2107 1
24 1048 1081 2
29 2069 2103 4
40 434 483 1
72 388 470 3
30 3810 3845 4
27 79 116 2
87 3159 3280 2
50 2882 2940 2
90 4218 4344 4
21 594 623 2
30 2833 2867 2
88 2794 2910 2
22 4818 4845 1
54 4546 4612 2
61 4726 4793 4
24 3629 3662 3
17 1883 1906 1
30 176 210 1
44 3484 3538 2
74 4976 5079 2
84 687 798 3
72 3101 3182 3
24 244 276 4
71 1141 1221 1
41 3664 3714 3
65 1323 1399 1
70 1106 1198 3
74 219 313 2
16 4782 4799 1
56 216 293 4
23 3417 3442 2
66 274 358 2
12 2089 2104 3
36 1235 1282 3
47 570 634 2
78 4114 4220 2
27 2397 2433 2
19 2497 2520 2
49 4158 4218 1
33 909 947 3
15 522 543 2
27 2467 2500 4
61 2204 2283 3
98 2740 2870 3
74 497 585 2
57 164 232 2
11 1959 1972 3
52 2866 2927 3
86 4646 4753 2
49 4602 4655 3
72 3367 3450 3
22 398 423 2
34 4866 4903 3
48 4319 4380 2
38 1582 1624 3
65 3313 3396 4
49 1505 1564 2
85 4552 4667 1
83 2720 2827 3
12 1930 1943 4
35 504 548 1
24 4047 4078 4
34 4371 4414 3
95 1960 2089 2
74 4404 4506 3
28 3761 3792 2
45 3391 3443 4
94 1543 1658 3
53 445 509 3
50 1821 1890 2
84 3613 3713 3
33 4783 4821 1
61 1348 1421 4
26 4426 4454 1
45 3827 3881 4
40 2046 2097 3
54 2677 2750 4
39 2837 2879 3
36 1321 1369 3
22 2122 2152 4
24 4234 4263 3
56 3899 3969 2
80 1477 1584 2
78 3529 3631 1
54 3269 3329 1
24 4292 4321 4
73 1507 1600 2
22 3691 3718 2
42 2890 2946 2
30 102 141 2
59 2223 2296 3
97 1528 1637 2
13 1407 1423 2
64 4104 4179 1
44 4589 4642 1
78 3882 3979 4
59 4512 4586 2
39 3609 3660 1
23 2821 2852 2
57 4507 4577 1
94 1216 1340 1
86 918 1023 2
53 1109 1181 4
72 4841 4932 4
16 4858 4875 2
33 2440 2478 3
68 4142 4223 2
56 883 950 1
50 189 246 2
13 2308 2326 1
67 1110 1192 4
33 3028 3066 4
15 1963 1983 1
31 949 985 1
74 4141 4244 3
13 1374 1391 3
61 3655 3727 4
99 262 378 3
29 3007 3044 4
74 214 295 3
58 787 867 3
18 4402 4427 1
52 1457 1518 2
61 4026 4094 2
61 1279 1358 3
40 734 785 4
21 1302 1325 3
71 150 249 1
62 4828 4898 2
24 4297 4327 3
89 3281 3402 1
27 4698 4729 2
43 3797 3847 3
45 2641 2700 4
98 3090 3221 4
67 911 989 3
60 4957 5023 2
10 3258 3269 2
62 1598 1677 4
10 1232 1243 1
76 4941 5025 4
42 3266 3312 1
53 764 831 2
86 2654 2760 2
60 4871 4951 4
78 774 859 3
36 306 353 4
36 3337 3385 1
35 4655 4693 4
88 4767 4889 1
76 3042 3143 1
73 3219 3304 1
13 1144 1161 4
96 1324 1457 1
60 3718 3794 2
85 3795 3893 2
28 4531 4567 2
22 1761 1790 3
70 14 109 1
42 3947 4002 1
50 1958 2024 3
56 4373 4451 1
45 2084 2135 4
59 584 656 1
96 1521 1631 1
78 3030 3122 1
99 2300 2419 2
93 453 581 3
94 1343 1461 3
75 4744 4829 2
28 2807 2838 1
100 1755 1880 4
62 3135 3209 2
43 2634 2690 1
51 1156 1216 2
51 2566 2635 4
98 4850 4960 4
96 511 626 4
48 886 941 1
18 2790 2812 3
100 2869 2986 2
87 1404 1525 3
36 4430 4471 4
65 2004 2083 3
81 4729 4822 3
84 3811 3908 1
19 2811 2837 4
51 1223 1287 3
87 3333 3436 4
82 1674 1786 1
46 3264 3326 3
36 3350 3390 4
22 2226 2254 4
51 4494 4551 2
12 665 681 2
73 2792 2875 4
19 2589 2615 4
74 3395 3483 3
99 2619 2752 2
53 116 179 1
97 3161 3269 1
87 3668 3782 3
58 1996 2072 1
37 1969 2019 3
59 1561 1642 2
78 2705 2808 2
86 813 920 3
92 4123 4225 1
55 989 1066 1
50 4826 4892 2
84 684 799 1
92 4679 4788 4
47 4258 4322 1
97 3143 3256 1
28 4019 4049 3
24 1389 1417 3
12 113 126 1
21 4307 4330 4
69 3478 3572 4
48 4163 4230 1
41 2307 2358 3
84 146 241 3
43 860 917 2
92 2037 2164 3
75 4949 5049 4
73 3894 3985 2
40 4232 4278 4
79 3030 3122 4
26 1088 1117 2
75 4354 4436 1
30 679 719 4
86 2538 2649 2
42 4063 4109 1
91 1701 1826 2
55 4210 4274 1
24 2115 2142 3
32 668 703 4
27 3855 3891 4
47 4262 4317 2
13 1264 1281 2
80 199 293 1
29 4545 4583 3
74 2329 2431 2
64 2320 2393 2
56 1469 1530 1
49 1283 1340 1
43 207 266 1
79 2861 2954 1
81 2536 2626 1
57 220 289 1
98 204 339 2
88 3038 3160 2
28 3370 3409 3
50 150 216 1
74 3787 3882 1
81 2334 2444 1
76 3316 3417 1
76 3880 3976 1
33 4650 4687 1
32 3587 3626 1
77 627 723 4
39 1572 1617 3
89 3030 3151 4
79 1545 1649 4
91 304 411 2
43 2243 2296 1
29 3714 3753 1
63 3057 3133 1
24 2339 2367 1
78 319 418 1
52 3215 3286 1
91 460 568 4
49 2683 2740 1
83 2934 3028 2
77 4258 4359 4
64 4846 4923 3
95 3959 4085 1
17 1503 1521 3
16 1591 1613 4
50 2858 2926 4
77 807 913 3
44 3386 3440 2
100 2330 2441 3
35 4833 4874 4
16 2274 2293 4
83 222 326 2
49 3666 3727 2
49 2710 2769 4
19 3451 3473 2
32 789 826 4
18 1530 1550 3
45 1180 1231 1
49 3952 4013 1
49 344 411 3
