100
1.616 1 1.732 1.563 
35 166 208 4
80 150 247 3
35 786 835 3
98 812 930 1
33 213 259 1
92 484 608 2
67 774 852 3
12 308 322 4
12 396 412 2
99 289 398 4
21 759 783 4
34 496 535 2
20 963 986 3
82 65 176 3
98 966 1078 1
78 822 922 2
39 218 269 3
14 277 293 1
45 738 792 2
73 32 129 2
22 142 171 1
87 492 613 1
55 730 807 2
76 266 371 2
29 992 1030 1
22 625 649 3
44 823 872 1
87 711 811 1
95 834 960 3
86 739 834 4
93 606 720 1
67 534 611 1
90 566 667 4
68 312 394 2
71 239 332 3
73 424 507 4
77 283 389 2
45 320 378 2
95 636 749 1
30 571 604 2
70 580 670 3
82 596 693 2
88 223 344 3
25 646 674 4
16 293 310 1
57 439 506 3
83 91 193 1
20 876 904 4
26 974 1002 1
45 0 55 3
94 515 638 3
100 494 604 4
95 672 782 1
17 234 257 2
56 249 317 1
15 572 588 2
65 787 877 1
26 607 636 1
73 139 226 4
83 82 191 1
24 458 485 3
68 876 960 2
89 331 453 1
28 778 808 4
33 157 199 4
37 728 773 2
25 106 137 4
21 162 189 4
50 271 328 3
47 237 290 2
91 580 685 3
50 441 504 1
28 91 126 4
60 269 346 4
68 514 603 3
70 322 410 2
33 543 584 4
50 208 277 2
76 56 150 4
38 126 176 3
85 716 831 1
66 288 365 1
83 716 817 4
70 669 755 3
82 361 459 4
53 886 955 1
20 687 710 1
51 285 346 3
82 170 264 1
14 207 224 4
96 480 607 2
17 696 715 1
16 208 227 1
98 42 163 1
53 120 190 4
87 759 879 3
68 436 523 1
71 996 1074 4
79 935 1038 1
58 179 253 3
