150
1 1.822 1.707 1.237 
13 418 435 4
87 1092 1190 1
81 733 828 3
15 926 946 4
36 95 143 2
52 722 779 1
94 466 587 4
43 1165 1215 1
95 1121 1237 2
48 1002 1061 1
61 1022 1097 4
90 417 524 2
46 335 399 3
24 929 957 1
98 729 836 4
54 621 688 1
55 879 939 4
54 748 811 2
16 1168 1185 1
59 481 553 2
32 1382 1426 3
92 344 461 1
86 264 371 2
67 1164 1243 4
40 591 642 4
45 541 602 3
85 223 335 4
82 213 317 4
79 126 228 3
29 277 312 1
29 1110 1147 1
33 373 418 2
42 998 1049 2
87 389 498 3
63 523 592 1
22 13 42 2
67 1050 1129 1
89 406 505 4
60 265 347 2
35 207 247 1
62 882 965 4
18 943 967 1
68 97 185 2
97 782 891 1
24 1253 1283 2
46 313 375 4
96 1323 1456 4
70 1047 1140 2
44 471 532 3
76 624 719 3
29 1405 1442 2
56 433 494 1
92 41 166 2
38 1408 1449 2
49 469 532 3
25 872 907 1
70 1431 1526 1
44 844 905 3
76 1220 1318 1
45 580 631 1
12 1449 1463 2
35 572 612 2
34 491 532 4
59 1224 1288 4
48 1185 1245 2
47 1354 1409 1
56 36 103 3
100 1091 1231 2
39 149 203 4
80 605 706 3
41 739 789 1
16 1344 1364 4
31 752 789 1
32 287 326 3
48 105 165 3
23 1024 1055 4
33 330 368 3
26 685 714 1
94 1257 1382 3
50 329 385 2
33 1055 1101 1
11 216 230 2
22 986 1012 4
55 1085 1146 4
89 15 126 3
59 1406 1484 4
48 389 447 3
50 282 352 2
87 118 236 4
95 912 1033 4
67 194 274 3
67 607 681 3
82 1335 1448 1
29 924 963 2
63 1133 1210 2
96 1083 1195 2
49 842 900 4
52 1419 1477 2
78 1307 1407 1
27 845 879 1
86 1348 1461 1
72 899 982 4
55 1458 1518 4
87 115 233 3
21 306 334 1
48 697 760 4
54 940 1012 3
90 659 759 2
11 1159 1173 3
42 609 656 2
19 1355 1377 2
44 1496 1549 3
20 669 692 3
81 137 233 3
64 913 989 3
13 283 297 3
95 203 327 4
90 1463 1584 2
73 615 717 1
49 636 696 2
51 971 1030 3
22 880 905 4
95 67 185 4
13 59 76 4
99 349 471 3
26 1246 1277 3
45 993 1048 2
81 1213 1321 2
62 1410 1489 4
75 697 798 2
53 1439 1497 2
86 787 881 3
88 314 416 3
41 891 945 3
45 0 62 3
15 47 63 3
35 840 885 1
51 1367 1433 2
47 859 919 4
53 898 956 4
36 77 118 4
58 214 286 3
51 34 99 4
66 849 929 2
22 422 450 1
88 1401 1520 1
22 182 208 4
89 109 221 4
22 465 493 1
88 562 676 2
