300
1.756 1 1.41 1.817 
15 312 328 1
36 1403 1442 1
63 950 1025 2
73 1809 1897 3
17 2122 2140 1
90 2341 2443 3
34 2399 2445 3
66 484 562 1
73 1881 1977 4
85 657 771 4
55 164 231 4
54 806 865 4
67 2454 2534 4
98 2995 3125 1
48 1958 2013 1
99 1238 1376 3
10 170 181 3
16 2355 2374 1
32 2153 2189 4
51 2488 2552 4
27 526 557 4
62 117 188 3
43 1072 1122 1
39 2101 2147 1
45 883 939 3
62 2687 2760 3
31 859 898 1
11 1665 1677 3
45 1452 1515 1
24 2803 2830 3
18 2867 2892 3
30 2197 2233 1
89 54 166 4
38 2138 2185 4
38 1017 1068 3
38 1981 2034 2
46 1198 1260 3
53 0 60 1
24 2921 2948 4
46 225 288 4
57 2598 2668 1
30 2610 2650 3
99 1512 1622 1
34 688 732 4
25 1852 1879 1
33 2929 2967 3
72 2347 2437 2
53 1341 1403 2
60 2421 2492 1
52 1933 1998 4
63 1884 1960 4
50 460 525 2
66 981 1055 1
36 2425 2465 3
46 1065 1121 1
72 1079 1164 4
50 146 206 3
30 267 302 3
45 2873 2927 1
31 906 944 4
91 48 158 2
18 1250 1272 3
23 2509 2538 3
99 1950 2072 2
24 1878 1908 3
80 847 944 3
78 2527 2630 3
63 2001 2070 4
92 532 653 3
100 68 195 1
20 2700 2724 1
45 894 956 4
45 2592 2645 3
67 2365 2457 2
45 1565 1625 3
28 1518 1552 2
92 2538 2645 4
96 2916 3021 4
73 290 378 1
95 2251 2381 1
80 857 963 4
30 1956 1990 3
100 1350 1465 3
30 2313 2347 3
49 107 173 3
93 2416 2526 2
73 1145 1237 2
62 2415 2483 2
68 2860 2949 1
89 2711 2820 3
91 2377 2501 2
90 2480 2585 1
24 2098 2131 3
45 2125 2180 2
91 1128 1248 2
78 2207 2308 2
32 560 602 2
90 1030 1142 3
18 2445 2464 2
24 1926 1954 4
94 1119 1243 2
19 1191 1213 3
54 1297 1363 4
69 2259 2342 3
86 1712 1821 3
42 1829 1883 4
49 1584 1648 4
28 2916 2952 4
19 2382 2402 1
19 1838 1864 1
19 236 262 2
62 55 123 3
53 691 764 1
67 397 474 1
49 677 737 3
53 1056 1121 2
33 346 388 2
80 452 540 2
93 1527 1632 3
83 1063 1168 1
30 339 377 4
64 1458 1540 3
88 612 720 2
91 1502 1618 4
43 1559 1608 3
47 2659 2722 1
78 2500 2597 4
33 915 955 4
92 637 763 1
94 2926 3055 2
82 176 284 4
47 1400 1458 1
99 2513 2628 3
60 1517 1600 3
32 155 194 2
10 197 210 4
61 2087 2164 1
77 1400 1499 4
23 2123 2151 4
93 1268 1378 1
77 317 424 1
99 1559 1690 2
14 137 155 3
36 215 255 1
37 735 777 2
41 461 511 3
12 1477 1493 1
30 1421 1455 1
62 723 799 3
44 2871 2931 1
23 857 883 3
63 1979 2063 4
68 1200 1276 3
68 2743 2827 3
73 342 436 2
34 804 847 3
38 817 864 3
11 2433 2445 4
27 2719 2748 2
64 922 1006 3
13 1743 1761 1
48 442 505 1
30 2906 2941 2
60 1062 1137 2
19 2042 2064 1
45 1861 1922 1
77 1904 1988 4
56 2118 2180 2
13 160 177 4
64 179 257 4
92 536 637 3
14 712 730 1
68 1501 1590 4
93 1263 1388 3
80 1660 1761 1
49 1616 1682 4
71 1536 1633 2
51 1102 1168 3
95 2593 2715 2
62 1233 1317 4
48 434 500 1
22 184 214 2
56 862 932 4
46 1785 1836 2
59 3000 3075 4
33 2489 2527 4
13 199 215 3
27 2124 2159 2
55 1612 1673 1
95 852 962 1
94 1759 1879 1
11 506 521 4
97 899 1029 4
10 2492 2505 2
63 1546 1624 3
66 1186 1273 2
90 1439 1550 2
47 332 386 4
46 2750 2810 2
91 1761 1878 3
72 1396 1494 2
42 1221 1268 3
29 992 1025 1
15 1612 1630 4
82 1108 1214 1
51 606 674 4
65 2511 2602 4
73 1380 1468 4
16 817 836 1
94 1371 1498 4
89 217 326 1
57 2715 2794 1
59 1401 1482 1
100 2592 2723 3
98 576 696 4
40 2238 2285 4
75 2628 2714 1
90 265 368 3
75 1042 1134 1
62 1851 1928 2
20 643 671 1
66 212 299 1
83 1974 2079 2
33 1969 2015 4
32 1617 1661 1
11 2236 2248 4
52 2543 2601 2
82 837 931 1
37 766 814 1
95 196 313 3
90 1596 1718 3
74 708 809 4
78 2146 2247 3
51 838 903 4
48 786 846 2
17 1443 1461 3
43 2279 2334 4
37 927 975 2
88 1323 1440 3
15 1165 1184 1
30 1574 1615 1
56 1549 1612 4
70 298 389 3
43 2118 2169 3
56 116 186 4
39 343 396 2
12 38 51 2
27 406 442 2
70 800 889 3
44 704 760 2
13 2735 2753 2
22 2339 2364 2
51 2321 2384 3
58 1117 1190 2
99 2475 2608 1
47 1430 1492 1
63 2050 2123 2
70 2245 2328 1
96 962 1080 3
14 1597 1615 1
34 2209 2249 1
73 1998 2085 4
90 2788 2903 4
40 2358 2412 4
70 2324 2422 4
48 459 526 1
64 948 1036 1
72 833 931 1
32 2962 3002 1
39 441 483 3
89 211 308 3
78 582 686 2
58 1044 1119 2
36 1210 1254 3
55 1457 1529 2
74 869 969 4
26 1869 1899 2
26 1848 1877 4
29 2325 2357 4
45 2005 2058 1
41 1789 1834 4
89 1831 1943 3
44 128 186 3
52 2724 2789 3
58 369 449 3
61 264 348 2
50 73 134 3
71 2490 2577 1
56 2164 2238 1
18 992 1017 2
36 1941 1988 2
45 1317 1367 3
62 741 827 1
13 2729 2744 2
95 2991 3104 1
59 671 745 4
100 369 490 3
92 189 303 2
61 2762 2847 4
46 648 704 3
