50
1 1.97 1.316 1.78 
75 44 145 1
32 362 399 4
48 272 336 3
13 233 249 2
78 467 566 1
68 410 484 3
48 364 427 1
57 372 435 1
93 253 378 3
41 15 62 2
15 153 173 2
65 111 196 2
81 148 245 2
99 90 205 2
99 235 351 4
23 227 258 3
89 175 296 3
97 466 584 3
70 317 399 2
25 201 230 1
95 121 239 4
96 14 144 1
35 14 60 2
80 199 302 2
34 0 46 3
72 236 332 3
40 291 341 3
39 170 221 2
21 328 354 1
57 438 517 3
87 413 516 2
73 480 579 3
90 470 581 2
21 493 522 4
17 399 417 4
38 35 83 2
66 421 494 3
82 11 109 1
11 394 408 1
49 497 557 3
99 436 566 4
21 459 487 3
41 483 529 2
38 105 158 4
13 38 52 1
10 205 219 2
85 191 291 2
66 490 576 1
19 417 437 3
91 113 217 3
