450
1 1.975 1.568 1.031 
61 2869 2942 2
62 535 610 4
34 2877 2920 2
99 2176 2302 4
78 3828 3918 1
13 2529 2547 4
28 490 523 3
11 3966 3979 2
78 1087 1182 1
10 972 985 3
30 1362 1395 1
80 3082 3186 2
43 1209 1264 4
85 2967 3075 2
70 3977 4073 4
12 3099 3115 4
96 4145 4263 3
34 677 720 1
81 4426 4532 2
64 3234 3323 2
33 4341 4377 3
22 3101 3131 4
94 1512 1625 4
88 4279 4396 1
96 1925 2057 2
80 2151 2263 3
29 3184 3222 1
44 4092 4151 1
78 2699 2788 4
47 2936 3000 4
72 3993 4080 4
36 2746 2791 4
25 1058 1087 2
14 1124 1141 3
73 720 812 3
77 2498 2586 4
32 4083 4125 3
100 4038 4151 3
85 1668 1764 1
75 2787 2880 2
49 3101 3156 3
38 4354 4396 3
37 2350 2398 2
71 1208 1289 3
91 3938 4063 3
39 2934 2982 4
34 1033 1077 2
61 4055 4123 1
81 4212 4308 3
10 4213 4224 2
15 3726 3744 2
87 3483 3579 4
88 1022 1140 3
80 3237 3338 2
30 4288 4321 4
93 3986 4099 2
92 430 538 4
44 2064 2115 2
63 2204 2291 3
27 3056 3089 1
41 3190 3237 3
91 3875 3984 3
88 2545 2652 4
69 2828 2906 2
12 4494 4507 3
80 3062 3162 4
90 2493 2618 2
89 4085 4192 4
67 1636 1716 1
67 2384 2477 3
11 2970 2982 1
17 1767 1790 4
99 195 312 3
65 4382 4460 4
99 3338 3461 1
76 1471 1574 3
64 972 1060 1
61 2770 2845 1
97 602 708 1
47 339 395 2
74 1352 1437 3
45 3436 3497 4
18 789 809 2
46 2459 2513 2
99 1477 1598 2
10 992 1003 3
50 3712 3774 4
69 2626 2703 4
93 3962 4092 3
39 3320 3366 1
84 682 796 3
67 2654 2743 3
30 430 472 4
39 997 1044 3
50 2705 2773 4
40 1716 1765 3
99 4460 4576 1
86 4370 4468 4
41 1645 1695 1
72 2734 2823 3
97 722 840 3
23 3214 3239 3
29 2968 3003 4
60 619 687 4
45 337 386 1
35 3109 3153 3
47 2467 2524 2
67 2043 2129 1
23 204 236 2
26 2487 2521 3
92 1141 1263 2
53 2538 2602 2
62 959 1037 1
82 509 603 2
10 134 146 1
91 935 1040 3
80 907 1004 1
92 2903 3004 3
86 1704 1808 1
74 2936 3030 3
51 2705 2773 2
30 3319 3355 3
87 3583 3683 2
17 2395 2418 4
75 2422 2506 1
95 2833 2957 1
84 3567 3659 1
53 3777 3838 3
65 3115 3193 1
94 3889 4006 1
19 4029 4050 3
85 4204 4322 3
82 167 260 2
91 3690 3809 1
76 2242 2338 1
16 1884 1902 4
97 3033 3167 1
62 2881 2963 4
49 3052 3105 2
11 2933 2947 4
18 3313 3332 4
25 3342 3374 1
68 3197 3284 2
27 1603 1639 3
71 189 278 4
40 4109 4160 1
57 1055 1124 2
65 1997 2086 4
97 2978 3088 4
80 86 197 4
26 3666 3699 1
49 1928 1993 1
82 1261 1359 2
36 3493 3538 2
82 3273 3368 4
94 4488 4599 1
76 764 860 4
12 4321 4336 4
74 3176 3277 1
26 2797 2830 1
88 1506 1613 3
25 2057 2090 2
91 1891 2004 1
45 1816 1866 2
91 104 225 4
35 2344 2382 3
78 3381 3480 4
45 2845 2901 1
54 949 1011 1
92 972 1092 1
26 954 990 3
67 3417 3503 1
59 3977 4050 3
64 3193 3263 3
20 1004 1028 2
94 1392 1517 2
91 2332 2444 4
73 2481 2579 4
54 1130 1200 1
59 1243 1325 4
54 4084 4157 1
69 3106 3192 2
67 4390 4472 1
73 1530 1612 2
47 4236 4301 4
86 1510 1604 2
58 467 536 1
81 1541 1635 1
49 1662 1717 3
69 2026 2112 4
19 3378 3402 3
92 4000 4121 2
95 2696 2818 4
28 2559 2598 3
86 4000 4107 2
40 1977 2021 1
85 3147 3256 1
72 1678 1768 1
60 3465 3546 3
17 2331 2349 2
35 2406 2450 3
57 3345 3418 4
45 4478 4530 1
90 2474 2587 1
48 1864 1926 3
25 4156 4184 1
56 1094 1160 3
36 1752 1800 4
37 542 584 2
70 3896 3973 2
65 2745 2823 2
80 1711 1812 1
85 1534 1627 4
68 201 278 3
61 2784 2857 3
35 3750 3796 3
99 3036 3158 2
51 310 369 3
23 2081 2109 4
16 2802 2819 4
97 3072 3179 4
42 587 638 2
26 4108 4141 4
65 1693 1774 4
70 3694 3785 3
39 1596 1640 2
61 2395 2479 3
38 142 183 2
53 3209 3267 3
94 2171 2302 1
22 4461 4489 4
35 3443 3491 4
31 1060 1100 3
19 1717 1743 2
42 1874 1932 4
11 1692 1705 4
82 717 813 1
17 3611 3630 4
34 863 900 2
69 916 993 1
41 274 326 2
81 2055 2161 3
73 1029 1121 4
43 3451 3504 2
93 108 210 1
24 1672 1699 1
86 3179 3290 2
78 4125 4214 2
95 4348 4457 3
30 3512 3547 3
43 1466 1514 2
96 1408 1532 3
51 3947 4012 1
29 3690 3729 4
67 1656 1736 4
48 70 122 4
34 2574 2614 1
34 3505 3549 1
76 3779 3876 2
27 2819 2853 2
45 3312 3366 2
30 2731 2765 2
49 3474 3542 3
75 661 765 2
39 3456 3509 4
96 2925 3033 3
92 1829 1952 1
10 3917 3930 4
92 4046 4156 1
20 1372 1398 4
49 177 241 2
22 1167 1196 1
49 3962 4025 3
84 1807 1917 4
72 385 478 4
57 3404 3468 3
98 229 347 3
73 2971 3054 4
96 4203 4336 4
75 1659 1747 3
53 2412 2480 4
100 2761 2873 2
31 1465 1508 4
87 465 582 2
73 300 396 2
66 3450 3536 3
62 940 1008 3
67 1850 1927 4
51 2169 2229 1
47 4162 4217 4
45 1030 1079 3
10 1658 1671 2
54 1386 1452 4
55 2919 2981 2
39 2590 2642 3
83 1417 1519 2
68 4219 4309 3
98 4135 4267 1
91 1342 1447 3
58 1725 1805 2
82 624 735 4
17 2433 2455 1
13 2108 2124 2
95 2751 2879 2
100 4060 4186 1
33 1199 1242 4
96 3792 3916 4
72 1200 1291 3
67 1266 1341 3
32 672 708 1
42 3354 3409 2
69 775 857 1
90 405 518 3
73 560 654 2
19 1097 1123 4
18 359 381 1
99 391 502 3
12 2779 2792 4
78 3783 3889 2
87 104 199 2
68 770 847 1
84 3582 3675 4
36 1312 1355 4
89 431 536 3
49 2527 2592 3
92 893 1016 1
28 1135 1165 4
95 4013 4125 1
80 295 383 4
48 2945 3002 2
83 676 770 4
29 2569 2609 1
87 1792 1907 2
23 834 861 3
46 657 716 1
86 3289 3397 4
68 1371 1462 4
37 2649 2696 2
95 4243 4359 4
34 1127 1165 1
78 3550 3657 4
61 23 100 1
41 3108 3154 2
52 3465 3534 3
89 89 192 2
35 1141 1185 3
26 4454 4482 1
47 312 376 3
83 739 855 2
12 2782 2798 4
48 466 522 4
50 4170 4229 4
50 256 315 2
25 407 434 1
42 4048 4105 2
19 4285 4310 1
69 2904 2991 2
89 1712 1809 3
17 1562 1584 1
46 2497 2561 2
71 2050 2142 4
57 1568 1640 4
45 1145 1201 1
31 539 582 1
17 2090 2110 4
23 2365 2392 4
44 1221 1269 1
45 3161 3211 1
50 4388 4446 2
26 795 829 4
84 3063 3171 2
13 3959 3974 4
48 413 477 1
51 1194 1261 3
51 2591 2649 1
94 3689 3811 3
68 1357 1432 3
46 145 201 4
71 129 212 4
26 4065 4093 3
78 1224 1319 3
49 4424 4486 3
91 2457 2571 2
46 1273 1331 2
23 3889 3915 2
46 517 571 2
17 1693 1712 3
43 1370 1426 2
56 1359 1422 3
97 730 840 4
86 1110 1204 4
42 1415 1463 3
45 3467 3524 2
51 2737 2806 1
26 1400 1434 4
12 2601 2617 1
89 3227 3348 3
80 1695 1801 4
15 3044 3065 2
42 1506 1554 1
52 1694 1763 3
67 4190 4266 4
80 512 624 3
38 796 847 4
24 517 547 4
52 2710 2768 1
11 4045 4060 2
22 2867 2891 3
26 2531 2567 4
83 1588 1689 3
59 1732 1805 3
55 435 511 4
17 2257 2278 1
70 3500 3577 4
92 3884 4005 3
90 3970 4089 1
43 2074 2126 3
31 2101 2144 4
31 1809 1849 4
47 745 807 3
74 3618 3715 3
32 1679 1723 4
68 1093 1185 2
11 1854 1868 4
42 3764 3819 4
89 2852 2975 2
82 132 231 4
70 2075 2173 3
34 216 256 3
70 2955 3053 1
14 2912 2931 2
71 2060 2154 1
41 1556 1610 4
84 0 96 4
38 3418 3465 2
38 1473 1515 3
92 3893 4000 2
89 2831 2949 3
58 1165 1234 2
37 549 600 4
91 1185 1301 3
90 3945 4050 1
94 3898 4019 2
65 426 502 1
55 4094 4156 2
42 3729 3782 3
35 535 579 2
82 2471 2569 3
13 3926 3944 3
90 1805 1930 1
