350
1.339 1.701 1 1.555 
99 2492 2600 4
100 676 794 4
82 260 350 4
62 2936 3015 1
66 3170 3261 2
52 753 822 4
85 152 256 3
82 1812 1917 3
56 3045 3119 3
23 2485 2517 3
92 2918 3045 4
53 1236 1309 2
88 3358 3470 1
31 293 330 2
50 2183 2250 2
51 1175 1236 4
63 2452 2523 1
21 2236 2264 3
52 854 915 4
36 2806 2848 4
54 1494 1553 1
92 2680 2788 4
61 3235 3311 1
45 450 505 2
25 1058 1089 3
27 477 512 2
34 2232 2278 2
59 1082 1155 3
83 843 939 3
66 3490 3582 4
75 1103 1207 4
70 2913 3004 4
31 3470 3508 4
67 882 965 1
92 678 804 4
48 1053 1116 3
56 2695 2756 4
18 1995 2014 3
22 2877 2906 1
15 2266 2284 4
31 3004 3044 4
60 1714 1788 3
80 179 272 1
14 459 475 1
73 2294 2379 4
20 331 355 2
37 394 440 1
25 3461 3493 3
22 2363 2393 2
28 1272 1304 3
85 3154 3252 4
42 2600 2651 2
39 2737 2781 1
56 2483 2555 1
82 1991 2102 4
74 2862 2950 3
37 1566 1614 3
34 1502 1549 2
54 2277 2344 1
39 1580 1623 2
62 141 225 3
10 2135 2146 3
88 3449 3571 1
45 1199 1256 1
41 857 908 4
32 1042 1077 4
100 1056 1182 1
47 2505 2559 4
14 3474 3491 3
17 514 534 3
63 629 698 3
21 272 301 2
50 2755 2816 2
30 656 697 1
92 178 280 1
90 1489 1606 1
84 171 266 4
15 1127 1143 3
59 115 181 2
78 1772 1871 1
78 883 991 3
27 1681 1716 4
58 1917 1990 3
95 345 469 3
55 115 179 2
92 2430 2553 3
45 790 849 1
83 2381 2477 3
42 2686 2739 1
100 397 527 1
21 3291 3317 1
63 1022 1105 3
17 470 492 1
28 2645 2678 2
88 1917 2021 4
61 3142 3220 2
87 511 618 4
60 2912 2980 4
17 692 715 2
51 2643 2699 4
77 143 235 3
46 187 242 3
76 959 1063 1
24 2231 2259 3
74 1720 1816 4
66 1677 1757 4
57 2681 2754 1
64 2728 2816 4
38 367 415 2
92 1883 1999 2
41 2453 2501 1
47 2221 2280 2
67 865 955 2
65 1450 1537 1
69 2692 2785 1
19 3346 3372 4
92 2408 2518 4
100 1729 1850 4
37 463 503 2
77 694 785 3
61 654 736 2
27 3302 3339 4
68 1341 1417 2
54 724 783 4
62 788 869 2
36 1021 1071 3
28 2128 2161 3
43 2502 2552 1
55 2958 3028 2
71 1288 1377 4
60 606 679 1
66 1130 1205 4
79 3062 3152 2
60 1663 1745 3
43 2009 2060 4
88 405 518 2
66 2163 2254 2
94 1341 1466 4
20 731 753 4
42 2773 2829 2
41 1956 2011 1
79 979 1089 3
14 2399 2417 3
17 2843 2862 1
37 621 670 3
46 2118 2177 4
99 3394 3502 1
48 469 527 1
20 2035 2060 3
34 485 530 2
22 772 802 4
21 319 342 2
91 1897 2004 2
59 1811 1893 1
57 822 886 1
18 1783 1805 3
67 2161 2247 4
80 1419 1529 1
19 1776 1800 3
53 3238 3307 4
33 1371 1415 1
59 278 344 2
19 2269 2292 2
71 3101 3180 4
73 1715 1809 3
26 658 689 2
35 3470 3515 1
58 193 260 4
44 711 770 3
22 1958 1985 1
23 2822 2851 3
68 2519 2599 3
82 1810 1904 4
30 1636 1676 2
27 3025 3059 2
12 1960 1976 4
62 430 502 2
30 497 532 1
38 348 395 2
59 1499 1568 1
81 1739 1834 2
67 2040 2116 3
12 2550 2564 2
94 1502 1629 4
34 1154 1196 3
34 1689 1731 4
61 1733 1809 1
30 3498 3536 4
46 3424 3486 2
61 540 607 2
75 2440 2523 1
38 1037 1080 2
49 1231 1287 2
46 1889 1952 3
45 1629 1679 3
41 1804 1849 2
21 1789 1815 3
12 3053 3067 2
82 2170 2281 1
57 2211 2276 1
27 3160 3192 4
44 2048 2097 4
14 641 660 4
94 3376 3502 3
29 129 164 2
81 540 653 2
80 153 265 4
12 1062 1076 4
54 902 972 4
67 1115 1193 1
79 2391 2489 1
82 552 650 4
72 858 951 1
15 2455 2472 1
10 3232 3245 1
80 573 670 1
82 742 838 4
11 1834 1846 1
32 856 895 1
55 305 371 3
14 3132 3150 3
25 1040 1074 2
18 129 154 4
13 2613 2628 4
91 2602 2726 2
85 2904 3019 3
42 1872 1918 2
19 2071 2092 2
63 3130 3206 3
79 946 1054 3
93 1965 2082 3
88 1903 2024 3
96 1561 1673 2
65 1801 1880 3
15 981 1000 3
47 527 589 4
37 1130 1171 1
88 1142 1246 3
11 2968 2980 3
83 1636 1734 4
71 2261 2353 3
63 1733 1806 2
36 1402 1447 2
73 1298 1380 2
35 1754 1798 2
52 1894 1952 1
84 1589 1696 1
35 469 512 4
21 709 734 1
45 2830 2888 3
79 3462 3572 1
35 811 854 1
60 2734 2813 3
65 938 1026 3
95 721 842 1
22 2802 2829 1
27 2291 2323 2
85 3254 3364 2
13 1469 1487 3
69 1400 1490 2
30 2820 2861 2
11 3210 3224 1
11 2582 2597 3
14 1006 1021 2
22 2173 2201 4
49 0 61 3
90 2023 2128 2
10 3086 3100 3
31 413 451 2
37 219 263 3
80 2665 2774 4
13 1705 1723 4
84 1784 1900 4
85 2384 2494 4
78 1226 1327 2
41 3167 3216 2
97 1691 1812 3
16 1899 1920 1
20 2441 2469 3
23 776 802 2
84 468 569 2
68 2888 2981 4
19 1891 1911 3
66 2687 2763 4
80 3055 3151 1
52 885 956 4
59 2556 2620 1
71 2542 2632 3
98 1941 2065 3
50 2787 2855 4
40 2116 2172 2
32 501 543 4
59 1947 2023 2
63 1765 1852 3
83 1362 1456 3
37 3045 3088 3
23 2755 2783 4
46 1756 1807 4
67 548 632 2
44 2905 2960 3
22 1527 1555 4
57 2143 2210 3
47 447 510 1
63 2328 2407 1
62 1527 1605 2
35 2438 2484 1
53 1309 1377 3
32 3404 3441 3
18 1978 2001 1
22 2270 2299 3
32 311 355 3
82 3291 3393 2
51 142 210 3
98 884 998 3
91 275 397 3
64 2158 2242 4
44 3014 3065 1
39 1771 1816 2
42 572 621 1
79 1341 1438 3
21 323 346 1
93 26 151 1
33 2543 2589 4
62 1037 1117 3
36 2404 2447 4
43 2571 2623 2
68 154 242 3
71 858 952 4
71 2925 3024 3
80 191 297 3
11 1759 1771 1
58 2439 2511 1
80 1042 1146 2
35 1745 1784 1
25 750 785 1
34 1357 1401 3
54 999 1063 2
65 1597 1679 2
12 744 760 3
73 3478 3569 3
59 1344 1426 4
63 972 1045 3
43 2875 2932 2
40 2072 2125 2
23 81 111 2
99 334 448 1
35 679 725 4
86 2579 2675 4
71 1774 1861 3
95 687 805 1
