200
1.757 1 1.003 1.572 
58 1926 1998 2
99 1396 1516 4
28 1712 1743 2
88 1882 1983 4
84 995 1107 4
81 1431 1520 2
72 1770 1862 3
21 248 277 1
63 228 298 3
73 1811 1896 1
62 1369 1441 3
68 1927 2007 4
69 1343 1433 3
83 892 997 4
26 1667 1695 4
36 0 44 4
56 372 433 2
49 1006 1059 3
41 773 823 1
19 1764 1790 1
31 108 151 2
33 708 752 2
30 1035 1075 2
21 412 438 1
82 328 441 4
76 68 152 3
60 1204 1287 1
27 1256 1291 1
88 1725 1826 3
80 1311 1399 3
40 1011 1058 2
17 1879 1898 2
52 187 259 4
26 1234 1265 4
33 1938 1979 3
97 1527 1661 1
57 769 841 3
82 198 311 1
78 588 686 4
64 30 107 2
65 711 788 2
82 336 443 3
84 1102 1218 4
63 1944 2024 1
21 655 682 2
47 1459 1517 2
87 1834 1948 3
89 1243 1340 2
16 856 873 2
66 544 635 1
67 215 296 2
21 672 695 2
36 1073 1117 2
48 1237 1296 2
65 1511 1597 1
34 833 879 2
73 1269 1357 2
69 358 451 3
29 11 50 3
65 272 362 4
80 786 898 4
10 753 767 4
25 70 98 4
13 1839 1854 2
25 369 404 2
89 1427 1537 1
91 152 270 1
83 1332 1426 4
49 1834 1891 2
17 121 143 2
14 597 615 3
26 96 131 2
50 787 844 3
83 857 973 3
64 1850 1935 3
55 926 989 1
12 857 873 3
70 284 370 4
53 354 420 3
81 1928 2021 1
21 979 1007 1
39 95 147 4
42 1291 1340 1
30 1941 1983 3
96 1535 1657 4
91 1054 1168 2
86 1509 1619 4
31 1036 1075 1
43 599 650 3
93 1835 1952 4
21 85 112 3
49 1606 1671 3
14 1915 1931 3
22 1707 1737 3
30 1436 1475 4
25 1790 1818 3
98 1023 1132 2
50 300 357 2
48 858 913 4
100 1665 1776 3
15 1910 1928 2
68 965 1040 2
43 1328 1387 3
60 110 185 2
18 1175 1199 3
73 725 821 4
58 1674 1748 1
49 1878 1932 3
82 739 844 4
26 302 330 4
54 18 83 3
15 823 841 3
33 89 128 2
65 1289 1379 2
54 1738 1811 2
78 1121 1224 2
55 833 899 2
75 460 564 4
13 279 293 2
36 1138 1188 3
22 709 736 3
16 1427 1449 1
17 28 48 4
93 1332 1441 1
71 1373 1461 2
74 1555 1646 3
67 945 1020 4
33 760 797 2
37 469 514 1
57 1081 1155 4
59 1715 1796 4
15 217 233 3
39 725 767 1
79 1567 1669 2
81 1270 1371 2
46 1331 1387 2
43 1443 1503 3
27 546 579 1
15 703 724 1
93 1951 2073 4
83 1540 1637 3
20 1295 1321 1
13 1248 1264 3
65 1982 2060 1
45 772 829 3
47 801 858 4
94 987 1103 3
49 1845 1901 2
54 844 919 4
93 1775 1878 4
65 1283 1371 4
75 1998 2083 3
26 113 147 4
42 533 583 2
82 773 881 3
38 709 752 2
89 1458 1566 1
100 1756 1870 1
30 258 294 2
54 373 446 1
60 1908 1980 4
100 1297 1423 2
92 1694 1800 3
36 1788 1827 2
82 474 569 2
35 727 766 4
34 1990 2029 4
19 382 407 1
83 643 756 2
35 1667 1711 4
26 770 801 2
11 1873 1888 2
79 374 462 1
50 517 584 3
39 1839 1890 3
56 1444 1509 3
49 1143 1211 4
52 1695 1766 1
64 1991 2069 4
47 1363 1418 3
21 52 77 1
79 1004 1105 3
86 85 184 1
33 434 472 4
85 1301 1417 1
60 1655 1738 1
87 742 858 2
53 1687 1751 1
21 142 166 3
14 1270 1289 3
29 1902 1935 3
39 1710 1752 1
57 1349 1414 3
78 833 919 3
65 1521 1601 1
90 536 658 4
78 1762 1861 3
53 985 1058 2
68 1516 1590 3
12 1919 1935 4
