400
1.857 1.411 1.253 1 
95 897 1003 1
69 204 298 2
76 1522 1606 3
55 2538 2598 2
97 2697 2813 1
31 3006 3040 2
71 604 692 3
24 3104 3135 2
58 2980 3045 4
24 624 650 4
98 1044 1162 1
45 3207 3261 4
80 1617 1726 2
71 1225 1305 2
82 3111 3206 4
83 1736 1843 1
29 3029 3068 1
42 1426 1476 2
66 2713 2792 4
78 3983 4091 3
40 1786 1840 4
50 732 794 1
12 807 822 1
22 560 589 2
36 2770 2811 1
19 3878 3900 4
94 3736 3849 2
16 726 743 2
66 1594 1685 3
37 2768 2811 4
82 1723 1830 3
78 2934 3024 4
63 1833 1907 4
92 3635 3762 3
78 1109 1204 2
48 2746 2800 2
95 3238 3362 4
31 357 396 2
86 3130 3235 2
21 636 661 2
32 1933 1974 1
56 2096 2161 2
75 179 262 4
79 1019 1112 1
61 3236 3304 2
82 956 1059 2
42 1859 1912 1
76 0 84 4
80 2282 2385 1
83 882 997 3
90 1755 1855 1
94 3587 3698 3
80 1808 1916 3
28 2619 2654 4
73 2377 2464 2
81 3575 3682 3
75 684 772 4
38 861 912 3
15 1414 1430 2
15 656 674 2
46 3341 3402 2
72 3921 4009 1
47 1891 1947 2
27 2232 2261 3
54 243 310 4
14 2950 2969 1
32 2210 2247 2
62 542 624 1
86 1722 1835 1
10 3503 3514 4
11 1793 1805 1
44 2949 3001 4
95 3568 3672 1
86 2381 2500 2
13 1511 1527 1
13 866 880 2
22 1893 1923 2
29 117 153 3
57 107 174 3
77 2788 2874 2
36 3827 3867 4
68 2456 2548 4
99 446 579 4
89 1917 2039 4
91 2582 2688 4
81 2694 2785 3
97 1090 1225 4
48 2998 3052 3
50 2046 2116 3
39 3580 3634 4
23 854 885 2
62 3177 3248 2
31 1782 1819 2
52 397 455 4
53 353 426 3
60 1154 1234 2
49 2016 2070 1
23 1131 1160 4
30 3343 3376 2
26 2600 2633 4
42 117 164 2
38 1184 1226 4
87 2242 2352 4
54 2534 2595 4
26 1843 1876 3
72 363 442 3
85 2975 3079 4
98 1127 1249 2
60 1610 1678 1
11 2038 2052 3
89 3501 3617 2
41 2726 2771 1
97 3042 3148 4
99 244 362 1
54 3271 3336 1
98 2918 3031 3
88 3339 3451 3
93 1308 1428 2
49 3579 3645 3
67 1782 1871 4
52 3030 3102 1
20 1326 1352 2
29 3609 3648 3
10 1108 1122 1
52 3852 3913 4
38 1166 1211 1
42 337 383 2
33 2063 2102 1
14 1521 1536 3
13 3216 3230 2
36 226 272 2
15 3755 3773 4
44 2303 2360 3
45 497 553 3
75 103 208 4
37 690 737 4
61 3091 3163 4
40 401 457 4
34 362 402 2
46 1996 2046 1
72 1503 1596 3
38 3491 3535 2
52 3712 3772 2
18 482 504 4
49 3538 3602 1
43 3493 3541 1
85 798 915 4
89 3741 3856 2
53 3984 4054 1
40 3110 3159 3
41 494 541 2
77 1347 1438 4
34 867 905 2
67 1766 1839 1
47 445 510 3
71 376 457 1
21 1040 1069 1
55 1463 1525 2
60 788 866 1
45 2662 2711 4
70 577 671 1
11 1607 1621 2
64 1480 1568 4
86 822 925 1
28 3519 3557 2
29 3954 3993 4
67 3202 3287 1
34 3571 3616 4
13 2249 2266 2
35 2541 2580 4
57 1884 1957 4
14 2226 2243 1
49 2149 2215 3
27 3750 3786 3
53 2932 2997 2
16 3402 3422 3
41 1183 1235 2
87 613 727 2
16 3658 3679 3
92 521 641 2
59 3282 3358 3
61 2220 2291 4
26 1567 1602 4
85 556 662 4
41 3524 3577 1
62 3141 3211 3
10 1450 1464 1
60 3358 3439 1
45 112 167 4
62 499 585 2
41 3863 3915 2
72 2009 2098 4
35 156 197 1
45 1656 1713 2
93 705 818 2
70 1144 1236 2
62 3233 3308 4
12 2451 2464 4
77 1796 1893 4
48 3898 3950 4
13 297 312 2
82 1093 1197 1
28 3709 3745 4
35 1102 1151 3
27 3697 3729 2
26 416 445 2
98 987 1109 3
43 1822 1875 1
31 274 308 1
40 306 353 3
86 1212 1322 3
67 243 326 3
77 3207 3291 2
30 3032 3072 1
85 2229 2327 1
97 2500 2632 2
14 3684 3700 4
42 602 651 1
91 3741 3858 2
73 161 262 2
78 1146 1239 2
73 2360 2449 3
87 3376 3494 2
50 567 635 2
42 2945 2999 4
12 2867 2880 4
36 594 640 4
72 298 378 1
13 851 869 4
51 4000 4066 2
13 3990 4004 3
79 3006 3093 2
91 3977 4082 1
75 525 629 4
33 803 849 3
64 2351 2436 2
50 106 168 3
56 1108 1180 1
73 508 595 1
24 1323 1356 2
44 645 706 3
39 3884 3930 1
70 2613 2699 4
76 3026 3130 1
98 195 319 3
12 1441 1457 3
14 1722 1738 2
91 3502 3610 1
80 1847 1952 4
47 217 280 2
52 2198 2257 2
93 3141 3244 2
18 3001 3025 2
47 1646 1701 2
56 608 669 2
86 1338 1439 1
12 307 323 1
55 1449 1515 4
42 3997 4046 1
21 2259 2283 2
27 149 184 3
95 1233 1356 3
44 3147 3202 3
73 3930 4022 2
91 693 815 2
98 2930 3060 1
41 3338 3395 4
11 106 119 4
54 1185 1256 3
60 1316 1387 1
49 987 1047 1
48 511 574 3
17 783 803 3
22 875 901 4
22 2975 3000 2
71 2639 2736 4
23 355 385 1
26 545 576 4
17 2874 2893 4
88 899 1016 4
49 515 581 2
90 2767 2871 1
41 2645 2690 1
96 3312 3428 4
24 3121 3153 4
26 3238 3270 2
74 3786 3868 2
11 3192 3207 3
85 391 485 2
32 2634 2672 1
37 2053 2103 4
24 1945 1976 4
74 962 1045 4
74 1111 1195 4
62 1617 1698 4
28 768 802 2
55 1942 2003 3
100 3407 3520 3
16 2892 2909 4
32 2994 3030 3
89 3183 3292 3
60 2550 2628 4
83 26 124 4
71 1536 1624 3
49 2853 2911 2
13 2761 2777 3
59 2109 2191 2
56 216 279 3
71 327 422 3
22 1867 1895 3
38 2891 2935 4
25 645 679 1
16 1834 1856 2
61 1788 1856 3
96 3506 3624 3
17 2224 2244 4
99 1828 1947 3
51 3130 3195 1
75 1712 1812 1
52 112 183 1
97 1011 1119 2
30 3511 3552 3
83 2519 2635 2
31 1062 1096 3
86 2869 2973 2
85 2009 2123 3
59 2040 2116 2
22 306 334 3
71 3462 3544 3
44 2187 2243 1
62 3049 3134 2
100 3325 3454 2
69 70 155 1
94 3608 3726 3
85 1784 1889 2
29 1845 1878 1
33 2454 2499 4
61 2594 2670 4
48 2770 2835 3
25 2725 2757 4
97 933 1045 2
13 413 430 3
93 2381 2508 3
36 1617 1664 3
48 2449 2507 1
39 2448 2500 3
34 1849 1894 1
35 1082 1121 3
38 1435 1479 1
39 2700 2750 1
23 3254 3281 4
94 3775 3901 1
38 251 303 3
12 231 245 1
61 1946 2027 2
76 3679 3771 3
54 293 365 3
21 396 420 3
49 84 138 3
45 3676 3736 3
94 78 189 1
48 1160 1214 2
56 2636 2697 1
73 2944 3043 2
29 904 935 2
56 3921 3999 3
56 2565 2638 2
46 1227 1278 2
53 1521 1587 3
30 2679 2716 4
14 1428 1446 4
46 1023 1082 4
86 3428 3544 1
61 3879 3950 1
65 2576 2666 2
53 2893 2964 3
34 3013 3050 4
26 277 311 4
71 1649 1745 3
55 2498 2571 2
70 176 254 4
66 3794 3877 4
74 2357 2447 1
56 728 793 2
85 640 734 3
51 2925 2993 4
10 3415 3426 1
59 2656 2724 2
83 2361 2472 3
48 46 100 2
70 2734 2824 4
51 3137 3194 2
65 2672 2759 4
62 536 621 2
16 191 209 1
60 1854 1929 1
37 3805 3848 4
54 159 222 3
76 35 118 3
84 2344 2436 1
