250
1 1.196 1.002 1.298 
38 2359 2410 4
47 885 948 2
25 1746 1774 3
53 962 1020 4
60 1204 1285 1
62 325 402 2
20 2249 2274 2
18 1494 1515 4
39 1066 1115 2
32 1542 1582 4
69 613 705 3
32 1306 1349 3
45 1306 1358 2
16 2066 2083 4
77 204 309 1
93 2039 2141 4
45 710 767 2
72 1724 1803 3
73 1698 1794 1
14 1560 1575 1
19 276 299 4
42 1466 1514 1
36 1725 1764 2
53 1005 1073 4
54 2023 2082 2
81 2482 2572 3
74 1580 1678 2
17 2081 2099 3
59 2148 2219 2
66 731 804 3
69 1127 1210 4
86 1737 1850 1
80 334 446 4
87 598 702 1
80 2076 2183 2
74 1000 1088 4
49 1806 1873 2
57 1172 1245 4
80 1826 1934 1
65 2022 2105 3
47 1627 1687 2
86 260 363 2
40 1083 1133 1
71 968 1050 2
28 926 959 1
37 2157 2207 3
35 682 731 3
84 2476 2584 2
60 1811 1893 1
26 851 881 1
17 2191 2210 1
88 829 949 2
63 1014 1095 2
65 478 552 3
90 408 517 1
32 2338 2381 2
72 482 581 4
18 1027 1046 2
76 288 382 2
88 1328 1447 2
15 1641 1659 3
64 447 518 3
92 1704 1810 3
94 1430 1540 1
93 1446 1570 4
74 1346 1435 4
64 664 734 1
83 2289 2387 2
73 776 868 3
65 793 870 4
96 1650 1771 1
62 1194 1265 3
24 1740 1768 1
20 1407 1434 2
20 2361 2385 1
55 1450 1523 2
78 1728 1837 4
77 2064 2166 1
25 2354 2386 3
67 255 344 2
36 60 105 2
81 87 189 4
100 462 595 2
81 1028 1124 3
38 1627 1676 1
56 125 196 2
45 977 1029 4
73 1719 1809 2
88 142 242 3
59 1101 1166 4
26 2328 2356 4
68 1353 1441 1
24 1775 1807 3
92 1997 2115 1
93 1876 1995 3
71 2095 2178 2
37 923 971 3
80 2474 2566 2
20 285 313 2
33 1336 1378 1
15 2325 2342 2
65 1348 1426 1
87 1431 1538 3
20 1262 1290 2
93 1953 2070 3
28 1485 1517 1
76 2279 2372 2
86 284 400 1
34 770 816 1
22 1927 1951 1
38 1069 1118 3
37 1890 1933 4
86 2470 2580 3
42 543 589 2
48 371 425 1
44 1122 1181 1
52 1983 2047 4
100 2325 2462 2
21 489 516 2
72 545 627 4
20 453 478 2
52 879 938 1
33 2021 2063 2
92 1420 1538 2
89 2454 2557 1
57 1888 1959 1
76 2075 2162 2
46 452 510 1
91 173 286 3
44 1324 1379 3
21 2318 2342 3
23 1041 1066 3
13 1200 1215 4
73 2057 2144 1
88 2265 2372 1
64 2206 2288 2
62 1495 1574 4
72 1394 1480 4
75 557 649 2
66 1747 1838 4
58 2183 2255 3
71 1319 1412 3
24 1557 1584 4
17 1911 1931 1
84 0 99 4
70 1880 1978 4
53 1868 1931 1
68 757 848 2
84 1272 1368 2
56 1156 1228 3
54 253 315 3
22 1723 1747 2
79 1367 1477 2
41 2210 2258 3
39 772 826 3
84 747 861 2
72 995 1076 4
47 2252 2314 3
17 138 161 1
55 1801 1861 1
63 712 785 2
19 2233 2253 3
71 2293 2380 4
63 2286 2363 1
13 978 994 4
52 1913 1976 4
73 2348 2442 2
74 222 310 1
17 2445 2467 3
38 1121 1170 3
97 1964 2084 2
48 1739 1792 4
60 1798 1870 4
21 1747 1770 4
20 1304 1328 3
81 1507 1617 3
68 777 857 4
20 874 896 1
63 2296 2366 4
13 1636 1654 1
58 1708 1776 3
19 2313 2339 3
66 702 789 4
48 1328 1383 1
30 1043 1080 1
19 2404 2428 4
49 2470 2538 3
28 1381 1412 4
22 302 330 2
99 461 584 3
40 1299 1348 3
37 604 646 4
59 2479 2561 1
48 439 499 1
36 1508 1548 3
29 2245 2279 1
42 744 795 1
28 1119 1150 3
30 966 1000 2
38 44 88 1
47 1178 1243 3
52 441 507 3
16 1704 1723 3
85 1345 1444 4
41 1128 1183 2
36 951 999 4
16 1002 1023 3
10 1867 1880 4
87 176 288 4
20 1407 1430 4
88 2141 2239 2
56 2360 2430 2
81 71 179 3
84 223 340 2
19 1029 1054 2
76 314 418 1
96 1475 1596 3
13 648 662 3
79 359 468 3
55 2107 2184 2
77 534 627 1
88 743 861 4
81 627 731 4
57 2035 2100 2
84 636 748 3
29 2082 2118 2
17 1642 1664 2
87 2080 2176 4
89 2136 2251 2
22 1649 1673 4
40 1387 1437 2
88 260 374 2
63 223 302 3
100 1267 1405 3
25 727 758 4
15 1844 1862 3
50 2392 2461 1
88 942 1053 1
100 328 464 1
96 1029 1155 1
24 1694 1726 4
94 964 1093 3
17 2008 2027 3
89 1453 1568 3
30 184 223 4
99 893 1026 1
14 807 822 2
85 436 529 1
35 1927 1967 3
34 1328 1374 4
