150
1 2.057 3.584 1.379
164 779 1179 4
199 868 1306 5
114 206 379 9
80 104 320 3
182 557 845 6
69 72 320 4
138 406 622 1
66 606 837 5
172 678 927 7
133 767 1000 9
125 543 810 6
194 267 699 4
108 445 676 3
120 486 672 7
50 70 314 6
105 833 1104 8
72 773 954 4
172 886 1195 3
175 89 364 9
61 648 787 7
119 16 194 1
79 52 277 2
79 212 415 3
97 41 214 7
154 612 942 8
54 612 801 1
194 134 423 2
183 818 1192 3
97 548 762 5
156 88 398 3
171 729 973 6
51 122 351 2
125 245 541 7
173 893 1203 2
146 491 813 2
90 4 213 4
57 597 900 7
83 505 680 4
65 759 923 2
87 23 333 7
159 547 910 1
180 600 844 7
149 40 383 2
100 894 1142 4
70 590 806 7
194 765 1112 6
54 658 929 6
149 921 1255 1
116 490 771 7
161 894 1145 7
135 536 905 5
86 14 333 4
51 539 727 3
55 590 756 7
104 216 435 5
97 855 1192 8
66 60 205 9
84 839 1172 3
133 634 869 5
58 706 916 5
123 269 610 4
129 201 493 4
122 160 483 7
140 439 673 8
185 226 660 8
177 906 1163 9
177 397 745 4
174 535 914 3
127 711 912 4
65 697 942 1
61 556 739 7
171 21 256 5
84 721 1022 1
164 336 636 9
122 301 592 1
112 853 1169 7
64 413 632 9
196 88 376 6
193 59 486 7
99 795 1115 2
92 344 494 9
161 671 1079 9
62 388 564 4
60 398 598 5
159 550 921 3
125 32 305 2
62 216 377 1
143 193 411 4
137 903 1143 6
132 791 1100 2
172 107 476 3
84 544 799 8
67 376 647 9
85 444 605 7
108 171 435 5
88 575 761 5
152 103 423 2
177 485 900 4
196 498 793 1
84 294 545 3
169 537 767 5
163 254 638 9
136 894 1159 8
110 306 555 3
120 324 589 6
94 402 642 6
113 812 1038 3
182 663 1091 7
70 626 774 6
103 762 959 6
154 702 1057 6
56 207 404 1
167 528 779 6
198 816 1134 3
114 789 1026 2
187 400 666 3
132 647 938 3
73 700 859 3
63 309 482 9
58 784 984 8
162 716 1106 9
151 188 477 6
140 765 1113 9
187 250 547 3
157 645 980 8
123 542 846 2
158 96 498 2
131 622 885 6
158 763 1037 1
167 419 828 3
97 728 975 5
179 37 392 4
153 449 752 9
95 724 882 2
54 858 1106 5
117 46 351 5
132 70 286 7
95 72 282 3
169 0 226 6
170 224 563 5
97 425 586 9
126 835 1075 6
120 355 702 1
73 800 933 2
151 758 987 3
120 264 578 6
189 572 829 7
128 256 612 1
71 366 618 4
131 750 975 8
