100
1 2.242 1.907 2.836
119 554 775 4
149 82 475 1
139 118 360 9
74 333 597 5
64 420 686 6
55 354 462 3
151 505 873 7
109 73 380 2
132 277 633 3
106 106 417 3
194 214 506 1
179 180 540 7
140 423 791 9
109 60 410 3
143 583 810 3
146 547 931 6
155 65 375 9
135 263 615 9
136 461 843 8
170 502 784 6
164 62 400 2
90 330 666 2
160 357 670 6
107 260 423 2
153 434 641 1
130 369 732 7
94 378 680 2
191 376 637 6
159 330 613 9
134 575 785 8
57 39 153 4
181 270 634 3
88 507 651 7
126 363 599 4
54 278 480 1
155 131 391 4
104 42 298 3
189 328 568 8
93 371 588 4
52 131 352 9
117 72 307 8
85 181 450 7
164 197 511 4
66 539 751 1
53 514 648 6
156 220 572 3
188 0 304 3
91 120 298 1
169 610 1012 5
86 534 747 4
167 481 860 6
82 434 573 4
99 509 755 4
50 281 435 9
72 178 350 5
157 395 614 8
73 281 554 4
126 248 496 4
131 507 762 8
107 591 814 8
63 438 632 5
88 249 446 6
136 104 440 9
129 162 377 7
167 295 681 2
117 367 553 4
146 141 337 3
52 583 786 7
198 1 444 7
106 221 431 3
199 34 287 8
52 502 617 8
144 182 468 5
128 216 447 9
76 128 412 7
106 547 898 1
118 236 431 5
115 563 802 4
192 321 587 8
55 569 860 5
100 568 747 7
131 417 731 7
120 31 288 3
132 543 728 6
134 50 412 6
120 446 680 2
141 444 733 3
178 62 449 5
52 175 309 4
178 599 889 3
62 318 434 2
151 295 522 4
180 220 612 6
197 44 380 8
92 593 749 2
151 319 592 3
109 95 307 1
143 41 314 2
80 323 458 3
76 291 556 6
