200
1 3.679 3.973 2.409
75 297 439 6
68 768 1026 4
112 436 747 3
81 254 436 7
193 658 929 4
139 701 1089 3
124 74 357 5
143 568 836 5
101 375 680 8
113 403 590 8
118 107 415 8
159 785 1077 7
136 522 723 4
79 91 353 9
94 771 958 8
176 1149 1434 9
115 613 786 4
188 1005 1437 8
80 250 391 8
137 311 571 9
147 257 483 2
111 529 831 4
132 878 1256 8
139 537 874 5
52 722 966 8
68 125 400 5
78 103 347 8
101 774 1002 3
76 129 432 7
176 905 1249 1
113 619 884 4
159 119 417 5
191 732 1152 5
74 17 143 6
129 0 361 1
187 506 762 4
108 44 293 3
117 904 1177 2
97 622 962 2
91 896 1221 3
106 505 767 7
87 265 554 8
88 705 886 4
130 1158 1384 2
134 1140 1513 9
182 682 954 5
103 386 639 7
173 535 914 5
73 110 394 9
76 1051 1288 5
186 952 1286 3
106 978 1270 5
65 1173 1415 5
134 552 909 2
50 733 982 9
76 927 1179 1
144 37 289 3
149 84 423 5
90 120 361 1
104 1179 1466 5
126 573 908 4
97 1006 1218 6
92 623 960 8
74 674 913 9
96 644 982 2
72 458 722 1
107 306 464 5
117 1050 1217 9
183 864 1102 5
133 1106 1397 8
150 889 1165 4
80 1002 1239 2
149 1128 1449 7
120 41 217 2
182 14 324 5
110 1216 1564 3
102 382 617 8
85 1138 1331 6
80 40 233 6
154 212 482 9
169 942 1341 7
161 342 720 4
130 790 1146 1
172 681 949 9
141 173 405 4
166 130 389 4
185 584 880 1
107 750 1026 9
191 134 414 5
59 1061 1258 4
169 892 1131 7
52 451 649 3
150 1130 1472 9
115 1080 1400 9
198 1017 1385 3
191 945 1232 6
166 1092 1428 1
172 991 1224 7
127 1131 1459 1
130 637 1005 3
124 1143 1515 4
149 1199 1404 8
197 56 496 9
95 1130 1412 1
87 385 683 8
159 369 741 6
130 893 1252 8
95 827 974 6
189 784 1209 6
69 442 720 1
176 780 1101 9
155 1025 1418 9
111 1068 1249 5
119 908 1144 4
67 360 644 6
141 493 790 1
75 788 1095 7
127 667 920 8
175 782 1176 7
95 1100 1344 6
89 1102 1354 3
114 32 280 4
175 654 1009 8
148 817 1130 8
65 1125 1384 2
128 705 920 5
58 787 1026 5
50 807 1101 9
107 17 188 5
123 113 361 6
103 706 915 2
74 999 1266 2
95 204 423 6
163 222 478 8
187 228 497 9
193 1 359 8
193 559 962 1
57 98 295 8
121 813 1097 6
51 437 584 2
74 595 836 5
169 323 651 5
87 152 293 6
181 540 784 4
129 1034 1241 8
140 559 874 4
180 548 807 3
149 291 635 7
104 65 339 2
189 329 711 5
125 403 604 4
113 157 462 3
136 474 683 2
184 741 1009 8
139 284 477 9
54 518 739 9
199 523 949 7
80 1123 1356 5
101 1123 1297 2
90 739 1007 1
166 741 1009 4
77 483 632 6
61 619 817 5
133 828 1041 9
167 935 1227 8
89 502 676 9
106 781 1099 5
164 558 871 6
123 534 726 1
110 973 1150 4
52 597 805 3
51 406 624 9
91 314 625 1
132 482 812 8
83 757 932 4
190 534 805 4
58 75 211 9
185 412 773 9
124 253 553 7
173 617 904 6
65 843 1031 2
60 279 408 1
108 104 311 3
155 759 1032 8
128 30 225 4
89 182 519 7
174 465 721 4
110 298 646 7
108 50 272 8
93 655 806 9
52 72 269 3
149 882 1206 9
94 697 995 4
172 1162 1435 6
149 853 1068 6
195 348 696 8
115 1191 1435 3
77 1111 1253 8
50 391 548 8
130 358 652 4
