250
1 3.065 3.267 3.15
76 888 1174 3
188 864 1231 8
119 20 222 5
106 803 1015 7
152 1091 1477 8
130 1064 1291 5
85 1385 1663 2
77 1060 1231 1
57 1232 1463 6
67 812 936 5
161 1543 1780 9
125 25 271 3
84 1402 1594 4
108 1377 1676 9
90 611 926 2
189 616 901 7
123 614 911 8
186 988 1393 3
172 617 887 5
194 1546 1835 6
134 405 733 1
125 446 645 1
87 1323 1528 5
140 1294 1670 5
147 1044 1279 5
98 564 733 1
87 1409 1604 5
58 854 997 1
81 1168 1343 3
179 613 884 2
106 1566 1818 9
73 886 1080 3
64 1443 1627 8
187 970 1301 4
176 362 657 9
127 998 1257 9
98 997 1167 7
55 668 775 6
100 673 991 4
184 107 433 3
84 195 432 3
111 617 923 2
147 678 956 3
181 930 1180 9
102 352 588 8
136 339 714 4
76 1198 1334 1
122 226 477 6
108 1531 1754 7
133 800 1180 5
196 1257 1523 8
79 558 694 3
170 1401 1676 3
77 1368 1654 4
98 991 1225 7
99 816 991 4
188 387 683 4
155 1037 1398 9
142 1181 1572 2
55 899 1111 5
194 502 780 2
152 48 296 6
188 685 972 8
143 769 1033 2
189 1252 1555 1
198 1467 1855 3
194 621 1029 2
71 1001 1260 1
62 5 282 4
67 1553 1680 5
166 1180 1574 2
64 620 739 3
116 758 1012 5
105 1221 1524 4
51 1126 1402 3
80 931 1118 7
187 978 1400 8
138 828 1089 9
142 1455 1776 8
90 562 730 7
86 748 1013 9
149 875 1224 4
124 1059 1387 1
77 1176 1486 5
170 485 886 5
158 155 505 8
73 707 913 5
104 1249 1546 8
173 1075 1411 8
185 758 1042 9
129 1548 1869 4
169 472 749 1
51 198 436 9
85 714 1033 5
191 330 582 4
147 267 625 6
95 1486 1652 5
114 536 735 7
107 356 647 7
108 237 433 1
126 475 823 5
137 1142 1378 9
106 1259 1496 7
69 274 513 6
118 16 337 9
78 528 685 4
90 708 987 9
113 981 1283 2
178 1481 1760 8
52 994 1135 5
85 849 1095 5
108 835 1105 5
193 1326 1676 9
151 1569 1963 2
136 0 377 9
171 850 1101 6
123 1514 1695 1
145 238 555 4
89 1296 1497 2
91 169 313 5
109 1306 1581 6
129 612 855 4
165 297 709 6
143 845 1070 8
190 978 1242 2
50 1495 1705 5
185 1336 1645 8
161 447 783 5
140 459 759 4
115 440 785 9
125 1278 1545 1
132 1453 1671 4
129 865 1094 3
171 341 624 9
173 48 334 9
107 1183 1401 7
173 968 1367 4
82 1556 1795 8
187 312 719 9
71 576 814 2
50 1357 1568 2
128 75 352 6
101 791 1066 6
85 1363 1537 9
139 586 955 7
109 628 824 7
186 1555 1910 5
58 1277 1566 8
150 882 1099 8
104 456 774 5
121 747 1089 8
100 769 1025 8
155 732 1025 4
190 1095 1534 5
160 956 1313 7
96 1270 1511 3
96 960 1179 2
123 314 516 7
110 36 288 8
154 76 303 7
191 207 476 6
123 1152 1396 7
151 700 1038 5
165 92 471 3
194 34 454 1
198 501 756 4
181 224 558 4
120 220 526 7
57 848 1051 2
79 782 1035 4
119 644 955 2
105 1535 1741 4
109 814 1019 6
116 130 363 9
92 659 882 3
154 46 292 4
172 678 1024 1
161 1039 1316 7
107 1056 1352 1
55 149 367 5
155 989 1272 1
178 1512 1883 9
133 1077 1458 7
97 1371 1697 2
82 1158 1377 3
151 273 483 3
91 632 788 6
102 1400 1669 3
123 1374 1595 7
113 1536 1738 2
182 1447 1805 3
100 1319 1585 9
119 1508 1851 4
111 164 489 6
66 1423 1622 7
71 1418 1624 5
183 262 630 6
107 1484 1679 1
133 5 351 6
193 932 1186 2
79 752 1020 2
176 1271 1608 9
130 721 947 9
159 652 867 6
115 11 313 8
70 192 507 4
190 570 919 8
109 1299 1575 9
186 575 887 3
76 102 304 4
188 1007 1384 2
127 673 940 9
65 1057 1185 3
146 1113 1370 4
116 229 536 4
178 858 1148 3
58 1441 1661 3
117 934 1172 3
85 211 483 2
161 65 464 8
179 1524 1925 2
182 962 1324 7
156 162 496 5
50 407 657 9
103 827 1114 4
108 1196 1552 8
159 221 465 1
99 1007 1311 5
98 1283 1464 1
122 680 966 3
73 1286 1466 9
180 554 839 6
99 999 1332 5
104 421 606 5
93 987 1163 1
156 359 692 4
151 124 475 9
112 447 800 9
163 59 370 5
192 884 1253 7
125 1394 1569 7
94 372 609 2
190 268 627 4
167 219 590 9
67 999 1135 3
193 475 876 5
146 1030 1416 9
169 442 857 4
63 1404 1532 5
137 481 689 5
