50
1 2.39 1.694 3.913
157 236 480 2
75 28 255 2
182 0 273 6
92 168 439 9
162 126 476 6
93 101 382 3
65 142 274 3
62 27 318 6
119 249 615 1
192 190 606 7
151 198 526 7
104 38 249 6
182 152 394 4
157 190 469 3
78 27 242 3
170 50 459 5
131 11 213 2
134 141 415 9
131 114 449 6
175 204 456 6
111 116 449 2
92 279 613 3
188 88 379 6
198 57 413 9
90 114 441 9
135 268 553 8
76 213 380 3
57 102 233 9
89 191 337 5
86 103 257 6
53 118 395 5
58 107 296 1
186 46 474 7
113 248 539 7
142 252 467 9
125 87 306 8
168 286 666 2
106 238 459 6
109 136 326 7
197 75 471 8
104 213 487 4
71 231 425 8
115 90 428 6
96 44 214 6
72 76 230 8
97 271 554 8
126 104 297 8
69 291 541 3
82 152 455 7
75 271 471 6
