350
1 2.124 1.244 3.596
85 1335 1485 3
129 124 369 2
54 1718 1996 4
183 1321 1684 8
185 1613 2038 6
197 1916 2232 5
137 1203 1454 2
61 996 1238 2
157 1601 1993 7
151 969 1209 1
178 258 589 8
59 1020 1296 8
118 134 464 8
194 1122 1524 1
139 1426 1774 2
109 1724 1927 9
60 1439 1597 6
99 2109 2307 5
64 1591 1831 9
96 1075 1302 1
62 124 268 2
56 681 836 9
87 423 568 3
149 1404 1791 8
137 1758 2073 8
174 2015 2322 1
83 1206 1471 6
122 11 201 5
90 1858 2143 6
68 34 347 5
111 706 1019 2
156 1445 1765 3
53 37 234 3
101 337 592 5
104 2005 2206 2
133 2004 2206 2
179 699 1012 1
153 696 975 6
167 314 699 5
75 202 503 4
57 691 799 5
103 991 1297 5
184 984 1307 6
117 914 1092 8
126 93 391 1
143 569 934 4
169 1902 2212 7
72 137 433 4
103 265 505 6
117 1501 1752 4
80 1745 1959 9
193 1322 1745 4
51 405 629 7
193 331 706 6
175 1894 2284 9
173 816 1199 1
101 1252 1595 6
139 221 449 9
78 805 1076 9
191 1439 1803 1
181 199 442 7
82 1721 1944 3
184 64 303 1
57 1014 1317 8
93 1593 1932 8
154 158 505 7
114 1905 2122 8
117 959 1186 2
142 818 1024 9
162 284 508 1
106 976 1231 1
106 196 522 6
145 1516 1764 5
178 1407 1692 2
168 1541 1833 2
50 389 635 8
79 903 1194 8
172 1964 2228 1
78 410 683 2
162 79 318 9
119 1052 1283 1
69 1163 1302 1
186 326 725 8
158 1198 1438 4
115 934 1173 5
114 2104 2436 8
150 2057 2410 5
148 389 707 8
154 387 685 7
138 1541 1877 2
96 952 1237 8
190 1144 1558 3
197 1774 2163 9
181 2153 2400 5
189 1599 1921 8
191 668 1031 7
53 1582 1786 4
79 899 1094 6
54 1918 2175 4
163 1742 2003 8
152 1975 2193 5
171 1639 1862 4
99 962 1288 3
155 1146 1504 9
177 222 477 7
102 1268 1432 8
170 1603 2009 3
72 1567 1705 9
167 1028 1425 8
83 803 1053 8
162 1766 2029 4
172 1878 2279 1
100 300 501 4
92 1023 1302 5
190 865 1229 8
199 436 779 4
111 636 814 8
163 1346 1711 2
95 838 1065 6
71 1358 1659 8
76 447 654 2
127 1426 1680 1
184 1380 1699 9
60 1223 1380 2
195 2068 2427 5
88 2006 2311 1
170 111 464 1
147 80 291 1
64 1754 1885 3
100 1231 1405 7
171 263 569 1
97 2150 2389 8
73 1968 2193 2
148 312 530 6
145 359 589 4
140 646 946 8
73 1719 1886 6
124 2151 2355 6
141 518 759 9
127 1083 1433 6
108 264 606 7
128 1585 1951 4
135 1643 2027 9
138 1490 1831 4
173 633 870 2
120 116 384 6
56 1821 2123 1
150 1369 1655 6
84 1114 1411 7
109 1165 1341 1
97 1561 1888 6
103 1585 1795 3
153 1312 1689 8
111 554 835 1
71 1959 2124 8
145 313 514 9
59 1999 2111 3
60 716 990 3
108 1782 2035 4
159 2015 2384 4
171 2176 2480 4
140 444 710 1
50 705 978 5
159 1860 2170 2
148 1873 2262 7
125 382 640 8
198 869 1195 6
162 865 1240 7
115 941 1136 4
61 497 769 9
156 1794 2144 5
75 991 1147 3
71 59 322 5
102 445 645 9
85 814 970 8
108 1946 2268 8
85 632 919 3
103 971 1285 5
129 603 959 2
67 1905 2216 5
143 584 933 3
60 603 899 5
91 68 381 8
54 520 722 2
81 345 509 1
158 1274 1496 9
56 1581 1775 1
51 1022 1197 2
183 1219 1610 9
145 1634 1970 9
89 397 709 3
84 244 436 6
195 151 437 5
125 2158 2346 2
107 2080 2328 2
111 1161 1501 7
188 201 574 2
168 451 703 4
128 40 303 5
165 278 653 3
133 1577 1886 5
140 703 903 4
108 211 535 7
127 1478 1738 3
76 415 706 3
147 2011 2219 1
130 612 876 6
199 915 1337 7
188 1318 1678 8
164 41 257 6
152 2153 2383 1
182 1220 1557 6
121 1269 1531 6
189 1900 2283 9
154 256 610 1
79 1750 2035 8
192 1175 1514 7
80 920 1081 9
58 899 1052 2
140 359 669 2
51 323 484 5
65 1071 1236 8
178 411 775 4
137 1860 2146 5
114 1728 1918 9
111 1323 1502 9
140 283 653 3
186 444 731 6
82 165 410 4
81 129 371 6
74 1440 1709 3
193 627 881 5
104 1062 1252 1
185 485 907 3
145 67 274 4
193 51 300 6
58 2009 2247 6
126 1984 2175 4
173 1656 1986 1
80 546 711 9
119 1235 1430 6
181 714 996 1
145 329 687 3
191 850 1163 7
135 2121 2396 3
122 1600 1906 4
137 0 231 3
195 1916 2272 5
146 1650 1949 3
159 2177 2537 1
122 853 1160 3
110 1586 1926 4
165 1099 1506 8
59 1415 1592 7
127 467 823 9
105 177 484 2
95 191 373 4
192 369 693 2
189 893 1208 1
63 1419 1692 8
85 1026 1277 5
104 302 470 8
150 1565 1893 5
198 630 903 2
52 1433 1606 2
80 2139 2423 7
176 1194 1559 6
70 2100 2319 6
140 1851 2123 5
193 882 1204 2
159 913 1238 1
126 413 624 1
179 1536 1906 5
90 1741 1951 5
148 1712 2055 7
112 883 1244 4
94 827 1104 7
93 1413 1604 8
57 1219 1522 3
114 1855 2034 1
140 330 523 2
188 124 557 6
87 226 557 9
96 2063 2372 4
80 374 624 3
127 1916 2111 5
160 808 1109 3
104 1363 1549 8
83 1049 1330 4
190 1169 1467 6
168 605 828 6
88 1141 1354 3
81 1929 2070 4
104 1409 1611 3
157 947 1306 9
123 1050 1239 9
65 927 1117 8
168 1725 2106 4
116 1346 1616 1
126 1100 1409 5
116 1560 1866 6
181 268 509 3
110 508 804 2
159 1635 1945 1
104 439 613 8
196 1694 1969 5
180 347 597 8
102 2095 2436 9
133 880 1085 7
194 88 333 8
99 251 566 3
90 96 306 6
185 2168 2429 5
55 1498 1649 5
169 1334 1662 5
110 787 1128 3
156 1381 1712 4
89 492 771 7
84 1321 1525 9
108 584 835 6
160 380 786 6
139 2176 2518 9
109 1158 1506 9
65 649 949 4
58 1551 1702 5
74 1744 1919 2
165 618 983 7
115 365 609 8
59 268 516 3
198 228 648 2
168 94 397 1
123 1494 1685 4
52 1500 1656 9
140 708 906 8
134 1454 1713 4
160 277 539 6
124 887 1132 1
167 1696 2015 9
95 1572 1732 2
151 237 503 8
96 23 203 8
95 1657 1978 5
119 2063 2303 8
167 445 746 6
60 1849 2084 1
133 868 1220 6
153 705 1045 2
111 1282 1468 2
54 2116 2295 4
167 1942 2213 6
