300
1 2.587 2.008 2.674
147 1681 2029 4
147 928 1294 2
185 1288 1658 8
123 381 604 9
64 918 1179 1
153 1792 2104 2
110 535 866 7
152 1402 1705 1
102 600 844 8
108 1357 1663 2
193 314 581 9
180 223 539 1
54 1045 1281 5
152 821 1023 5
72 228 460 8
120 447 814 6
138 1118 1348 2
92 1485 1734 7
112 134 429 8
186 1242 1576 3
63 101 383 3
185 1100 1512 1
51 559 835 1
94 1470 1755 6
175 1667 2023 8
58 409 605 1
83 1097 1230 3
84 925 1151 3
70 1688 1879 7
139 1415 1680 1
90 686 1018 9
121 582 897 9
80 1463 1650 4
160 157 429 3
153 122 508 2
143 389 692 1
137 1648 1966 5
141 702 1087 5
128 1760 1968 7
162 1829 2129 7
186 1804 2061 7
192 1233 1574 8
54 944 1204 5
115 141 324 5
123 297 600 5
54 367 523 5
85 883 1196 6
123 1530 1774 4
196 925 1233 5
95 1655 1960 4
161 1103 1484 8
165 1416 1638 9
159 752 1146 4
127 439 718 4
91 326 608 3
126 957 1309 7
161 1238 1627 2
153 1542 1885 5
88 1219 1402 3
86 1110 1345 7
129 1169 1420 2
105 565 854 7
178 1407 1816 1
104 957 1249 6
159 284 516 5
55 1465 1747 7
83 688 944 3
127 760 1131 8
85 967 1226 8
123 1756 1975 3
146 499 867 8
198 1788 2180 6
128 1495 1800 4
198 1313 1742 6
139 1497 1702 2
180 214 499 6
149 1562 1942 9
95 415 692 7
77 1057 1198 8
99 492 767 7
183 1711 2043 1
72 1794 2024 1
73 317 443 1
159 424 818 7
92 534 857 9
99 1085 1238 7
96 1673 1917 7
135 912 1117 6
53 230 481 4
95 518 697 8
66 261 572 7
155 797 1059 2
116 929 1250 8
175 777 1162 2
61 1133 1319 7
157 236 475 1
194 1772 2016 3
66 610 741 8
145 0 223 6
147 569 770 7
101 1119 1436 4
185 1608 1934 5
96 413 615 5
171 1409 1822 9
97 1743 1975 7
193 267 694 1
98 1677 1878 9
64 726 905 1
81 1454 1727 3
87 26 313 3
66 171 437 5
108 1346 1542 4
143 1548 1777 4
118 955 1143 3
97 816 980 2
93 1814 1982 2
156 494 825 2
66 1478 1682 6
84 564 701 2
99 320 656 2
68 155 293 4
84 1030 1305 7
159 1680 1929 3
94 1587 1762 7
198 1360 1763 5
137 75 313 1
123 1639 1921 5
139 1052 1395 1
191 912 1263 5
50 1784 1966 2
80 262 506 7
190 1018 1379 1
194 978 1366 5
123 1554 1880 4
93 1821 1965 2
134 1707 2053 8
160 1187 1467 9
94 1398 1714 1
109 530 828 2
98 114 354 1
106 597 800 2
87 585 841 3
101 736 1029 3
138 1142 1509 3
159 1267 1496 1
176 156 523 8
166 644 1003 4
136 1531 1776 2
124 661 835 6
89 853 1161 7
92 924 1238 6
168 510 913 6
105 1639 1830 6
161 898 1296 8
127 16 331 7
68 1277 1477 1
144 360 668 3
96 1269 1424 7
153 1296 1585 7
194 555 956 7
68 1349 1571 5
162 1019 1407 1
58 712 873 5
152 1503 1837 1
189 1672 2087 3
114 169 489 3
59 1474 1778 5
95 1834 2068 8
85 318 528 9
181 1589 1994 8
59 1718 1896 3
177 291 662 1
78 38 296 1
146 676 970 5
72 930 1066 4
137 622 819 6
116 1639 1915 8
123 1661 1947 3
194 387 682 4
193 104 493 8
182 1420 1845 1
178 1195 1444 7
199 1124 1562 1
111 985 1170 8
62 78 310 1
147 584 897 3
191 1620 1982 7
67 1722 1908 2
184 687 1102 8
142 289 578 4
66 1021 1304 6
156 1608 1963 2
96 248 503 7
176 311 608 1
57 709 836 8
148 1621 2005 5
114 239 484 7
67 308 553 9
174 281 682 9
62 1790 1968 4
56 1163 1404 3
77 1433 1595 9
180 1670 1908 2
100 1030 1348 1
173 1223 1548 6
196 1257 1535 4
62 1209 1411 2
107 673 944 6
149 739 1042 4
54 195 351 3
69 210 458 3
116 1242 1495 4
127 263 487 9
107 1349 1636 3
80 1381 1533 3
74 1431 1635 9
94 1287 1540 6
62 505 730 2
53 738 940 2
123 646 855 2
129 1660 1932 7
86 476 776 6
83 1229 1473 4
145 562 895 7
67 1401 1700 8
184 785 1075 9
54 434 686 9
188 255 525 7
136 356 582 9
99 773 1091 5
86 209 487 7
199 1292 1563 4
104 1624 1780 8
155 1066 1345 5
135 707 1019 7
114 1445 1684 8
103 259 438 6
55 1145 1394 4
170 1686 2059 6
162 1224 1521 3
134 1242 1610 8
109 1374 1548 7
92 1461 1753 6
165 160 498 7
140 1099 1301 3
103 1069 1333 6
146 1105 1414 8
111 1661 1879 6
116 1627 1937 2
147 457 814 3
89 1340 1535 7
97 1757 2103 5
100 146 389 7
196 912 1237 6
79 1402 1618 3
191 1608 1998 6
53 771 1032 6
142 585 957 9
87 1285 1477 8
127 66 438 6
147 1532 1864 2
154 1173 1426 6
134 1565 1901 5
99 1413 1590 6
98 1521 1739 3
131 748 994 2
196 914 1332 2
162 1391 1801 1
161 910 1140 9
99 787 1103 8
115 749 1070 4
188 449 750 7
75 863 1161 7
198 1367 1631 8
69 308 483 1
106 1542 1804 3
59 869 1112 4
178 1788 2042 6
70 709 941 9
83 259 423 2
57 1115 1370 4
178 46 332 8
191 411 671 8
108 450 740 7
66 465 663 5
196 181 449 9
85 1432 1706 4
187 1286 1673 5
150 854 1100 2
81 1488 1752 8
176 745 995 4
70 356 615 8
107 837 1121 7
136 608 934 6
153 955 1351 6
194 1689 2044 7
94 31 218 8
175 1457 1879 8
76 1564 1875 7
190 1333 1649 5
