500
1 1.606 2.232 2.402
169 590 870 3
85 1263 1398 6
155 2040 2296 7
174 1197 1531 6
188 2691 3042 6
191 1277 1627 6
141 2134 2488 3
186 1974 2264 6
109 790 1103 6
159 1778 2103 9
134 1345 1582 9
83 1745 1928 8
65 1789 2042 6
79 2670 2844 3
84 1237 1380 5
68 41 166 7
177 2405 2777 7
73 800 925 2
70 1831 1997 3
171 1388 1672 8
123 146 403 9
167 2612 3021 1
70 174 461 6
189 2699 3099 3
146 1709 1972 3
161 1143 1536 6
57 2180 2467 7
188 2328 2683 7
176 1884 2209 2
139 2983 3188 9
138 2012 2371 7
127 2658 2914 1
139 1191 1471 5
196 2174 2460 4
135 1663 1913 4
83 2343 2659 4
83 183 398 2
198 1032 1470 9
121 1880 2065 1
172 107 486 1
86 1879 2087 3
100 1795 2063 5
79 2958 3214 7
109 1658 1967 7
130 2451 2763 5
100 1157 1407 1
162 1514 1832 8
141 609 963 3
74 383 634 5
140 314 527 9
191 1956 2293 7
86 1394 1645 2
137 2237 2483 9
137 156 402 2
123 584 799 7
69 70 235 9
89 1689 1975 4
139 2514 2888 3
55 575 709 1
108 1085 1312 7
64 1916 2039 2
125 2301 2478 1
97 1722 2010 6
72 3077 3312 3
118 467 690 2
144 2649 2881 8
148 373 587 5
137 320 645 2
111 587 944 2
150 2817 3038 8
86 3107 3336 3
82 3095 3247 2
65 2051 2236 3
101 1979 2325 5
81 2468 2603 7
90 657 827 8
131 1447 1629 1
173 2620 3034 6
82 2090 2375 8
121 2707 2954 4
181 1999 2342 1
138 3072 3294 5
195 1174 1452 4
141 1640 1909 8
79 402 687 3
199 1216 1596 4
116 718 1060 2
119 1642 1831 2
177 1033 1369 9
169 2256 2609 4
84 733 925 8
197 1811 2089 3
131 2582 2850 2
80 1282 1493 9
148 1501 1727 2
127 1293 1506 1
173 1042 1360 8
174 364 670 1
75 3107 3352 1
63 1721 1839 4
102 2189 2531 3
132 187 485 2
148 592 814 5
82 186 502 8
180 104 422 9
168 2145 2555 9
158 1644 1995 6
107 420 658 2
128 1334 1687 1
154 1919 2200 5
124 2919 3277 5
158 1312 1591 3
110 2777 3080 1
122 2408 2649 1
185 1000 1256 5
162 186 408 1
196 144 430 9
85 1953 2218 4
111 1781 2010 1
69 2766 3046 1
99 1039 1218 3
120 2629 2909 6
198 686 1062 1
132 1299 1567 8
63 1019 1319 2
67 374 645 2
98 2152 2407 6
90 2393 2631 5
152 1074 1408 2
115 1039 1250 7
119 1865 2149 9
144 2479 2703 8
143 2007 2325 6
160 2095 2400 4
104 597 930 1
155 2706 2953 1
127 2207 2388 2
166 1692 2009 1
125 1265 1470 4
62 2671 2823 3
75 1352 1613 5
164 2039 2391 8
68 1415 1627 8
85 1856 2046 4
67 2212 2340 9
199 2152 2510 3
89 236 532 1
76 2571 2860 4
195 876 1246 6
173 542 828 9
109 2044 2333 5
192 1711 2042 8
192 96 350 9
165 677 1059 9
190 1420 1842 3
194 227 597 7
132 1146 1415 8
65 1485 1772 6
123 2695 2935 5
104 1527 1686 4
146 2812 3093 5
116 2025 2201 8
177 21 424 2
88 2949 3248 6
149 2152 2450 9
171 2677 2970 1
130 1610 1953 3
102 2118 2339 4
176 567 815 7
57 762 1053 2
165 0 286 5
120 1554 1773 1
80 601 888 3
94 1115 1395 7
136 2084 2420 6
122 1067 1417 7
107 1602 1947 6
109 2214 2502 8
133 2633 2927 1
74 177 483 8
163 2830 3176 4
99 448 768 7
102 3081 3366 6
152 2780 3162 1
141 1704 2091 7
179 3022 3344 6
158 394 762 6
142 449 777 4
62 1225 1380 6
64 1310 1427 2
178 1439 1740 7
166 1138 1533 4
123 201 454 1
156 1324 1591 6
138 996 1264 4
51 492 604 5
183 181 492 8
108 41 226 8
52 2073 2350 1
90 1449 1786 4
174 2002 2404 2
160 251 486 4
57 2593 2828 3
167 432 795 9
83 2437 2767 3
110 1098 1449 9
114 2460 2781 5
133 964 1340 1
97 1727 2020 8
188 2350 2759 5
194 1469 1746 8
121 2683 2890 3
192 2852 3261 5
196 708 1065 9
119 808 1093 5
77 2695 2825 4
120 2374 2617 1
146 1270 1585 1
124 2590 2897 4
57 801 932 2
115 2593 2761 7
132 807 1065 4
184 1044 1284 4
52 1638 1869 1
196 1507 1797 5
55 1080 1219 2
124 3016 3298 4
79 611 887 9
75 664 861 9
78 2191 2369 2
77 206 412 7
75 1243 1400 6
167 2476 2805 9
56 2334 2448 8
170 1300 1654 6
71 2335 2490 8
127 810 1090 8
82 3071 3382 4
125 854 1038 3
157 3023 3372 1
184 2770 3005 8
188 456 746 8
185 1770 2154 4
90 1105 1372 6
96 1674 1848 8
103 2466 2654 3
174 2970 3333 4
53 639 865 1
81 375 526 5
184 2572 2901 1
60 4 237 2
159 448 838 3
57 738 994 1
67 1113 1276 9
67 1755 2027 2
155 2479 2714 2
82 1772 2010 5
50 875 1047 5
172 1649 1995 2
128 2572 2946 6
126 2325 2596 3
136 2086 2350 5
134 3104 3341 7
89 2101 2387 6
64 1090 1273 1
197 2498 2843 5
104 1895 2104 9
106 582 766 6
107 1760 1991 2
85 1643 1825 7
94 1647 1946 1
154 2942 3292 8
185 1328 1670 6
133 639 851 4
53 439 635 3
84 745 1001 7
74 353 528 1
188 265 576 5
156 447 782 3
184 2418 2816 7
165 1529 1821 2
187 864 1175 1
138 2901 3255 5
133 132 353 6
109 2909 3097 1
187 649 974 9
148 2885 3277 8
167 669 993 6
59 1961 2155 3
185 3017 3312 5
162 759 1013 3
87 432 751 5
159 114 421 9
148 2751 3010 6
197 30 364 3
111 722 1024 9
175 1684 1929 1
104 2547 2837 1
120 603 901 3
129 820 1066 8
126 1621 1939 5
55 1406 1555 4
53 2005 2158 7
171 2755 3038 4
172 1439 1686 3
120 168 437 1
101 2783 2984 8
154 2409 2774 9
104 1766 1938 8
187 2385 2745 3
109 551 746 2
75 2398 2660 6
120 794 1013 3
99 549 822 9
72 2742 3055 1
112 1421 1614 3
128 1822 2028 8
111 1260 1443 6
85 2955 3185 7
154 1402 1776 4
63 302 498 6
150 833 1154 5
108 2327 2643 7
156 1253 1593 8
52 766 1016 5
81 2308 2511 5
56 2637 2801 8
88 2371 2532 4
103 1113 1422 1
115 783 972 4
172 2787 3070 8
163 381 718 8
169 1579 1981 4
86 1192 1490 7
179 1033 1420 9
166 755 1012 3
60 2191 2342 5
195 1766 2076 8
182 1678 1983 4
92 730 973 3
198 455 712 3
110 2611 2789 6
106 1165 1404 4
188 502 838 5
149 1381 1600 3
54 1457 1569 6
171 1784 2130 3
165 455 695 1
96 2763 3017 8
66 79 358 7
105 1518 1825 5
95 2077 2409 1
151 925 1262 5
50 396 588 6
74 2462 2610 8
50 294 474 3
186 190 625 6
118 3041 3382 2
70 940 1110 8
94 824 1118 2
146 1761 2084 4
52 2684 2975 1
127 582 818 5
173 906 1223 6
131 3058 3345 9
194 79 511 5
150 1894 2148 6
93 2634 2912 2
51 1576 1798 9
163 2711 2960 1
67 2107 2396 3
127 2471 2678 1
132 2189 2554 9
176 2316 2554 3
63 2596 2745 7
53 2954 3236 6
162 458 764 2
91 1707 2025 6
153 2562 2897 7
179 309 691 3
120 2482 2655 3
143 2277 2571 1
179 106 394 7
162 1025 1286 9
70 1222 1478 8
52 2901 3163 1
165 107 376 2
133 2812 3016 6
173 156 523 4
72 1592 1872 6
72 856 1005 8
107 466 802 9
77 3085 3397 9
137 1824 2036 6
88 2003 2183 8
184 1196 1572 6
143 1885 2159 7
117 2337 2560 7
127 733 960 5
99 2837 2987 1
100 1606 1887 7
72 340 656 9
156 2709 2976 7
181 1894 2233 7
110 1321 1663 7
109 2474 2757 5
70 1859 2166 1
116 38 287 6
199 3061 3488 6
126 2529 2867 3
148 2239 2496 1
197 983 1332 7
99 887 1168 4
102 478 641 3
76 931 1236 2
110 2278 2498 2
194 1740 2082 2
127 99 287 9
188 629 1018 1
175 1275 1607 6
61 1121 1342 9
53 220 468 7
177 585 993 6
90 1085 1271 9
158 1572 1916 9
119 1927 2222 6
173 1202 1541 9
189 422 770 8
96 2145 2433 4
92 1 178 5
129 1570 1822 4
130 1375 1699 8
190 1755 2063 1
88 665 935 3
130 1622 1917 3
104 2088 2324 3
68 812 1016 6
86 1028 1288 4
94 776 1030 6
96 188 334 2
84 3064 3252 6
161 2696 2911 5
148 1336 1693 6
191 2521 2879 1
84 1026 1223 4
74 2820 3054 8
109 2979 3161 3
53 2121 2338 2
149 812 1036 9
159 1491 1705 6
134 3101 3415 2
115 2293 2486 1
171 1686 1913 3
97 2640 2965 2
170 739 1022 8
50 2638 2914 3
116 2597 2932 6
59 3013 3299 2
91 2792 2975 1
131 1355 1548 5
109 2398 2582 4
117 102 322 7
99 1579 1768 8
187 2445 2705 4
199 514 931 4
145 433 777 4
173 368 610 4
96 664 968 4
97 728 1019 1
89 1855 2075 2
145 944 1237 7
131 341 693 6
63 1907 2202 2
68 522 717 8
156 2887 3286 3
127 148 460 7
152 3077 3389 4
74 710 897 4
62 2696 2950 9
137 2896 3108 4
125 158 510 3
184 1643 1951 9
65 410 708 6
163 2529 2761 2
100 709 869 9
194 169 451 9
85 2534 2761 8
102 1532 1708 9
75 1240 1558 9
174 31 299 7
180 2266 2515 2
110 1244 1593 8
195 2678 3071 3
101 2418 2626 1
80 688 853 7
166 3018 3332 8
130 1557 1905 1
188 1472 1797 3
74 603 745 9
199 1311 1568 8
