400
1 1.372 2.719 1.687
76 21 151 6
165 2327 2551 9
154 2363 2756 9
131 1052 1333 1
104 1754 1939 6
60 982 1105 3
133 482 764 4
71 2251 2513 2
151 1899 2260 3
91 2017 2282 5
155 1715 1979 4
155 1997 2320 5
133 1217 1450 6
187 48 363 3
126 1360 1700 1
62 18 201 4
130 873 1095 3
135 768 992 3
61 754 959 8
156 1673 2028 3
106 1204 1431 5
88 278 580 5
145 2102 2482 4
52 1450 1719 4
108 449 762 9
60 1961 2105 4
190 646 1022 4
177 1479 1789 9
135 731 1028 7
106 891 1081 3
196 599 928 1
122 2268 2517 6
117 558 883 1
104 1131 1345 6
64 927 1225 5
100 669 908 4
131 1920 2200 1
69 1823 1986 8
182 1246 1568 2
178 627 1008 7
105 2380 2703 3
152 344 613 1
176 2307 2676 4
52 342 609 9
191 84 503 3
161 1720 1936 2
94 104 330 2
166 2218 2526 1
52 796 1015 4
110 745 939 2
128 638 959 5
56 2090 2201 1
197 1430 1706 7
62 2127 2379 8
139 1043 1399 4
89 128 394 6
191 132 468 7
119 2198 2474 3
161 2073 2369 1
106 1161 1485 5
198 97 531 5
100 1923 2118 2
87 2416 2600 8
71 80 311 1
101 2017 2344 4
187 2276 2570 5
199 185 520 3
186 1982 2282 7
114 2160 2515 2
128 1720 2089 5
178 1486 1783 1
145 1662 2035 8
195 577 890 2
168 1031 1275 8
134 2364 2569 2
170 2365 2625 8
50 1831 2119 2
100 1437 1588 2
83 815 1147 5
76 416 737 8
197 579 905 7
82 1004 1137 9
91 1768 1960 1
157 103 375 1
67 433 749 8
93 29 232 7
193 1997 2281 8
100 1503 1722 5
191 1236 1623 4
141 793 1076 7
169 2201 2563 4
73 709 938 4
99 1535 1739 9
174 207 573 2
51 993 1234 2
76 1498 1729 3
140 1479 1674 6
71 1563 1729 2
111 1228 1574 2
66 877 1082 3
197 1127 1478 1
178 2091 2408 8
121 2187 2545 3
161 1834 2233 3
170 229 480 4
141 1495 1768 6
69 1949 2105 9
54 810 1060 4
152 1135 1511 9
91 899 1142 6
173 1573 1856 1
83 1392 1612 8
152 2065 2282 6
80 2379 2670 7
115 483 844 8
89 2228 2369 8
140 1873 2187 6
63 2349 2470 7
56 1461 1662 3
62 559 750 8
120 1952 2207 6
54 1643 1914 2
165 895 1281 2
191 476 798 5
108 2338 2568 4
134 2082 2385 3
116 578 916 1
149 502 830 9
89 2313 2588 1
74 277 511 8
93 1109 1279 8
103 1974 2325 6
187 1057 1312 5
51 229 370 2
53 2335 2455 1
123 2181 2531 6
178 1537 1809 3
197 1912 2278 1
67 1244 1439 3
180 858 1228 9
198 2151 2523 7
65 1684 1809 5
96 1895 2046 8
160 1867 2234 3
84 1386 1648 5
163 0 288 8
125 479 711 8
71 604 785 6
82 121 379 9
135 131 471 6
188 1818 2066 6
126 1299 1630 4
172 2069 2381 9
195 1049 1420 8
134 122 419 6
145 1436 1658 2
134 1627 1938 3
63 2279 2552 3
61 283 581 3
139 1792 2060 7
127 228 406 6
141 676 1015 5
191 449 748 6
159 1492 1774 6
57 1382 1682 1
75 91 310 5
171 481 782 7
143 386 732 9
80 412 699 1
198 162 414 3
92 44 293 8
96 359 612 2
187 2429 2832 8
83 1730 1916 9
191 827 1077 5
84 381 535 7
169 574 884 7
113 2077 2282 5
182 1784 2064 4
190 518 805 4
105 1765 2087 5
180 618 1015 5
80 84 272 1
186 1551 1969 9
67 1129 1309 6
150 659 1037 8
148 1736 2099 2
80 670 835 7
61 1528 1755 2
51 1945 2222 9
64 1698 1967 6
159 1072 1327 3
59 1498 1743 6
120 1469 1671 2
67 918 1221 2
192 1614 1893 4
158 2228 2588 4
62 615 893 2
124 785 1080 8
63 1582 1795 1
52 2231 2498 4
122 229 527 1
168 1565 1853 4
103 917 1216 3
133 1211 1469 3
171 412 746 6
51 410 581 8
79 1738 1973 4
70 2265 2391 2
111 894 1245 4
95 20 276 4
189 698 1082 3
59 627 843 3
63 1888 2181 2
91 1455 1645 5
154 1011 1285 8
121 1695 1902 3
63 1881 2005 4
116 1749 2100 8
74 1386 1583 3
77 1090 1247 6
107 1173 1424 9
55 2176 2479 6
79 1826 2069 1
59 62 308 9
60 2277 2528 1
122 179 399 1
90 1342 1489 1
88 2304 2524 7
140 2313 2552 7
186 280 689 1
93 713 1043 5
197 428 849 8
71 331 454 7
165 1481 1800 9
131 1063 1357 6
175 1538 1782 4
167 1626 1847 2
153 2003 2374 5
147 1789 2090 7
104 1528 1758 4
109 1640 1900 1
105 1398 1745 8
130 1692 1983 3
171 268 648 9
190 1863 2261 3
113 1370 1709 2
156 2150 2479 6
123 500 820 7
58 1334 1569 1
50 1326 1496 2
90 210 534 6
53 480 677 9
152 1330 1731 7
181 217 498 9
86 526 857 3
136 1137 1505 9
57 1781 1943 3
180 555 916 9
139 1171 1389 6
137 586 940 3
195 1729 2019 3
128 1191 1521 6
127 2379 2648 3
199 1468 1755 1
172 1173 1487 1
161 404 642 2
63 2079 2349 5
125 628 987 9
112 1738 1919 3
124 371 684 8
168 1058 1399 9
178 1973 2240 9
179 235 563 4
169 2056 2387 8
183 1044 1438 3
66 1319 1583 8
50 1637 1791 9
189 898 1182 7
168 471 874 1
109 1294 1625 1
198 307 634 5
165 2426 2757 4
166 362 660 1
164 1118 1376 3
52 1356 1635 5
75 1402 1655 4
117 1288 1538 3
79 2084 2224 4
55 256 383 9
125 671 897 9
130 1442 1690 4
169 2297 2700 3
178 2369 2778 8
119 1725 2034 6
93 463 722 2
87 1861 2127 6
193 1863 2113 8
70 556 865 5
107 1011 1221 1
54 1749 1921 9
187 509 839 5
101 1936 2100 8
102 754 906 5
195 162 515 4
165 1195 1591 9
101 1271 1608 5
89 2229 2466 2
166 94 383 7
73 1688 2000 5
187 601 903 6
72 527 679 2
93 789 1032 1
150 1662 1958 4
66 1230 1391 2
50 777 909 5
165 2047 2281 3
111 73 372 1
89 1163 1371 4
190 211 632 6
199 190 543 3
175 2255 2552 2
166 1406 1736 2
148 1405 1688 5
97 1441 1707 2
159 42 282 2
137 371 684 3
164 1041 1361 3
105 719 985 2
171 1858 2122 8
78 1954 2154 5
67 499 748 4
147 1361 1679 4
144 442 636 9
77 1547 1715 9
172 2011 2256 6
94 1134 1386 8
185 279 694 7
68 263 443 5
88 899 1186 7
187 2196 2569 5
162 1665 1877 8
145 1627 2020 6
122 2227 2516 6
76 2309 2526 4
93 2332 2577 3
67 2306 2454 7
67 765 1042 3
150 287 533 5
97 741 1044 8
106 602 855 6
82 1631 1897 3
61 335 547 9
143 2389 2712 5
159 1480 1859 2
175 232 554 3
132 2068 2405 1
62 1944 2109 2
162 104 498 9
58 2202 2474 7
135 2406 2682 4
181 1057 1403 7
103 529 682 2
140 327 594 6
117 1479 1778 4
166 1172 1430 1
129 633 877 1
73 992 1229 6
188 989 1364 5
81 180 419 7
172 94 457 1
119 1130 1431 6
64 284 512 8
88 1952 2233 9
97 836 1166 9
87 206 438 2
84 1302 1544 1
123 2063 2387 3
119 797 1097 2
97 2208 2528 3
80 1036 1180 9
185 1192 1485 1
88 659 909 9
183 1508 1863 7
67 551 692 3
149 1925 2136 3
152 1396 1768 7
73 632 884 5
77 407 704 7
78 1884 2096 4
63 1068 1219 8
66 2432 2554 6
129 343 622 2
157 735 1014 7
136 1027 1386 5
92 1523 1831 9
139 1482 1674 6
122 550 886 6
95 1293 1633 1
138 1847 2195 5
