450
1 2.538 3.781 3.869
89 1121 1442 6
113 517 844 9
127 2535 2907 9
104 314 657 9
56 330 544 4
54 1593 1795 7
176 2454 2797 8
171 444 682 2
66 854 1155 3
102 1385 1643 9
136 1485 1767 6
111 1822 2039 8
155 1369 1662 7
119 684 1000 4
151 2430 2828 9
193 775 1040 8
174 2318 2635 8
78 2448 2613 2
117 1788 2088 8
168 2255 2561 3
103 2062 2371 1
191 2353 2612 1
157 62 275 8
128 143 335 4
149 2078 2408 4
87 1303 1441 4
107 2036 2365 7
191 884 1258 8
144 486 776 8
76 1198 1388 9
147 1815 2206 4
101 1653 1834 2
145 1870 2085 2
177 378 711 5
80 1010 1336 2
192 1702 1957 4
70 2312 2582 3
169 594 852 8
100 1200 1380 8
58 571 813 5
156 1202 1509 8
139 2193 2532 3
165 881 1254 7
170 1283 1597 2
146 509 837 8
143 2660 2944 4
105 511 667 3
130 293 518 9
91 2096 2261 2
52 1137 1303 8
101 1978 2132 6
131 2337 2650 3
143 752 979 1
65 1475 1713 2
120 2052 2247 7
179 768 1183 5
111 772 1004 5
118 1340 1594 1
157 294 633 3
149 2434 2663 5
137 105 292 3
91 1917 2254 5
149 2461 2814 6
98 893 1161 3
95 122 429 8
98 1603 1785 6
78 278 442 5
65 1524 1736 6
187 2386 2737 5
156 1079 1403 4
103 1557 1909 7
130 1574 1914 8
80 2496 2665 5
60 421 610 4
198 223 564 6
196 502 837 3
151 428 761 2
110 844 1183 3
198 2572 2844 1
63 2587 2831 6
75 219 371 6
85 178 437 7
188 2700 2998 2
146 2565 2762 6
94 1655 1928 6
125 2392 2583 8
127 1978 2208 5
69 1747 1944 6
118 2146 2406 5
157 847 1210 5
65 360 580 3
181 2058 2472 5
177 1337 1707 9
71 2300 2430 4
139 689 886 3
75 1887 2136 1
132 729 1100 6
51 2458 2755 2
79 201 478 3
184 403 767 6
180 482 906 5
148 1236 1500 8
101 1706 1870 1
175 838 1238 9
60 1409 1586 3
86 2102 2433 7
159 2129 2449 9
128 2256 2546 6
134 1766 2072 6
98 1238 1542 3
69 1396 1641 9
78 2169 2369 2
129 164 496 4
56 356 479 8
172 2627 3039 8
182 2465 2773 2
57 2189 2406 9
116 419 593 7
96 736 1043 9
162 1470 1786 3
122 2452 2703 8
79 773 912 8
114 381 694 7
165 880 1228 8
68 1378 1672 5
185 1570 1839 9
122 2624 2849 4
50 1938 2230 1
102 234 498 6
69 285 571 4
164 1183 1450 8
133 1579 1824 4
52 2485 2634 8
61 2250 2489 1
162 1831 2234 3
136 2540 2813 7
50 693 812 5
168 2636 2871 8
195 2602 3031 5
167 196 490 3
97 294 584 9
116 874 1157 8
127 1513 1829 8
86 49 311 1
190 2449 2813 6
162 189 552 2
190 2659 2925 7
79 1562 1758 9
196 1144 1489 4
139 261 649 1
130 423 713 8
134 397 633 5
102 1117 1445 4
172 2270 2564 3
51 2684 2860 8
84 2022 2281 1
70 1404 1576 6
114 2661 2929 8
63 973 1163 8
103 2448 2737 8
58 517 718 8
179 3 314 1
127 2442 2745 8
170 2664 3034 6
69 1601 1818 2
152 2021 2307 9
89 1603 1853 3
152 1469 1715 2
62 1654 1832 8
146 588 842 6
155 504 813 2
156 2544 2754 2
170 1183 1513 7
161 102 332 2
129 154 369 9
50 2322 2564 1
147 349 681 3
123 88 387 7
105 985 1249 7
70 1070 1386 4
76 17 307 7
117 2527 2698 9
168 1221 1597 7
52 1236 1531 3
98 2148 2486 7
56 878 1007 6
62 1672 1897 5
140 1184 1491 2
170 669 1014 8
185 2298 2547 9
62 2000 2309 4
138 213 515 1
157 1850 2187 4
58 2332 2621 6
193 2037 2444 9
76 1646 1918 3
191 2450 2828 1
110 1319 1564 9
160 614 874 3
101 470 731 6
75 681 981 2
158 2086 2319 7
96 263 607 9
154 2481 2754 3
175 1606 1958 4
167 1979 2362 5
128 2376 2573 4
63 804 992 2
82 100 268 7
56 835 956 5
64 2671 2972 3
71 2651 2896 5
60 2471 2711 4
170 2538 2807 9
196 390 714 2
81 2292 2500 6
85 1277 1488 2
174 667 985 7
94 2113 2274 4
198 2677 3072 3
67 670 894 7
116 260 539 1
177 2053 2384 9
108 1165 1500 9
141 2138 2517 1
170 1410 1748 9
165 325 569 6
93 1398 1640 3
52 1044 1323 6
54 1475 1607 6
139 1694 2067 4
160 2367 2633 1
89 709 995 1
132 1500 1736 1
67 165 375 1
117 12 292 6
139 2220 2511 4
153 2404 2806 1
115 795 966 5
53 497 631 3
147 2572 2873 8
133 338 634 2
117 2272 2518 5
143 1048 1298 8
54 90 238 4
141 1143 1400 7
156 1662 1924 1
113 288 615 9
57 452 597 8
83 313 486 9
138 1325 1702 4
156 1717 1992 3
122 2338 2690 8
122 2332 2647 7
53 1563 1667 2
122 419 719 4
110 1709 1955 6
57 2205 2496 3
79 1778 2002 5
112 213 513 7
115 1250 1612 5
167 2099 2495 6
102 2095 2291 4
97 1310 1502 9
173 2709 2947 8
130 2655 2949 8
106 1338 1519 3
182 2535 2874 2
67 19 206 3
106 673 963 5
130 34 385 5
158 269 524 3
104 1955 2140 6
128 1088 1350 5
70 770 1057 6
76 44 344 2
62 2131 2363 5
155 1419 1641 2
185 2149 2479 3
194 1021 1361 2
198 885 1307 3
198 1378 1674 4
56 1588 1883 4
199 1519 1875 2
186 2309 2548 7
196 51 411 5
178 1554 1819 2
79 1497 1798 4
124 134 426 2
77 1153 1395 6
69 222 506 5
144 2084 2355 8
95 1298 1541 1
195 1122 1377 2
188 2394 2689 5
138 105 456 4
85 2478 2640 2
149 1136 1528 3
162 585 978 6
71 2399 2571 6
138 1267 1584 6
162 1569 1950 5
76 445 743 5
121 2236 2558 5
104 2225 2381 4
56 2482 2605 3
193 1700 2052 9
196 301 632 4
181 1524 1945 3
86 962 1137 6
105 2331 2543 9
126 1461 1736 2
172 797 1040 5
189 1268 1546 9
96 1967 2186 3
138 805 1082 5
87 2044 2338 6
68 2532 2827 4
87 1208 1527 1
174 1568 1839 5
115 2491 2659 9
178 2697 3058 3
149 2416 2647 1
99 2583 2754 6
147 1365 1682 4
79 1374 1686 9
59 1096 1285 4
66 1736 1929 5
52 2079 2256 1
62 276 527 3
168 385 750 8
86 2573 2893 8
183 994 1401 4
76 1336 1488 9
117 1590 1911 7
113 1983 2167 9
168 277 658 4
195 69 326 6
146 929 1149 2
87 191 420 8
157 2359 2757 1
166 774 1046 9
138 538 883 2
103 760 985 8
86 910 1112 7
123 1451 1681 7
109 2152 2459 2
109 829 1110 4
63 1687 1826 1
134 1654 1872 2
79 1232 1395 6
172 1584 1948 3
124 1305 1528 1
168 236 502 8
181 1919 2267 5
106 2714 2889 3
140 1679 1887 7
110 1895 2185 2
62 533 650 3
102 1388 1613 2
91 912 1246 4
62 994 1111 6
173 806 1222 3
67 938 1135 1
87 101 369 8
63 2527 2796 5
146 2317 2532 7
144 2600 2857 7
169 380 618 3
94 661 856 7
199 1993 2281 4
117 925 1260 7
124 1652 1920 6
104 1925 2250 1
135 2137 2464 8
121 1454 1633 4
168 2542 2873 4
184 1398 1752 1
161 1469 1771 4
95 125 423 6
193 2065 2348 6
111 2587 2798 6
70 855 980 8
97 2104 2417 7
72 772 932 9
144 1966 2344 8
170 1371 1640 6
69 1524 1812 9
54 418 630 7
199 2194 2517 3
171 160 485 7
172 0 338 7
75 126 328 1
113 1678 1959 7
64 2292 2431 8
94 2227 2489 8
66 532 801 5
66 1336 1486 4
100 1938 2146 3
186 1605 1908 6
56 755 928 5
65 1213 1400 2
110 1952 2279 3
50 1944 2127 7
130 2036 2247 8
131 1652 1992 1
110 1635 1878 2
81 893 1036 2
61 741 945 8
197 2677 3023 7
65 2307 2495 7
120 2324 2556 3
60 2579 2715 2
113 2249 2598 3
69 2146 2321 1
117 607 875 7
82 930 1237 9
53 1043 1265 3
197 1162 1537 4
92 2515 2843 2
76 933 1215 5
94 1946 2209 2
72 1755 2058 7
115 1374 1637 2
174 2145 2406 7
131 1487 1772 7
196 2512 2774 7
145 449 650 6
101 2320 2592 3
196 1702 2087 2
73 1698 1862 4
102 1048 1355 5
190 1850 2134 8
64 845 1106 3
92 986 1214 7
142 938 1267 5
144 2483 2750 8
146 1214 1550 5
195 2364 2786 1
183 1666 2014 9
127 2701 2898 1
196 2113 2427 6
137 1827 2210 2
73 1116 1417 7
168 1726 2063 2
70 2499 2659 1
99 369 665 6
101 1337 1656 7
178 1183 1582 9
95 825 1089 7
