150
3.1676796852838116 4.337315005446298 1.0 4.881362146245684 
467 0 5082 4 
197 1903 2161 1 
967 9271 10390 4 
276 11997 12445 1 
313 7452 7853 3 
678 7815 8525 4 
586 2514 3337 1 
428 6431 6968 3 
814 4964 5969 4 
239 3873 4166 2 
362 996 1541 2 
474 4272 4976 2 
360 12228 12773 3 
732 3101 4029 4 
989 8841 9995 4 
572 5897 6546 4 
527 590 1190 3 
387 1063 1665 4 
537 11079 11626 2 
567 4419 5034 4 
672 2823 3685 3 
242 4628 5075 3 
665 15686 16415 2 
461 9394 9856 2 
286 13235 13530 3 
840 11714 12745 4 
254 3225 3595 2 
251 7730 8075 2 
102 799 907 4 
567 15436 16124 1 
334 4292 4865 4 
623 3194 3990 1 
115 2997 3323 3 
870 12157 13205 3 
778 9584 10523 4 
576 3859 4631 1 
754 9795 10558 4 
455 2984 3548 3 
788 16428 17357 2 
909 9153 10284 2 
923 1698 2651 2 
385 266 806 4 
525 1261 1985 2 
547 15031 15671 1 
866 19321 20248 4 
345 11434 11886 2 
404 16754 17183 1 
776 13242 14164 2 
967 10694 11894 1 
361 4402 4879 4 
504 12327 13068 3 
179 2814 3193 1 
169 3957 4329 3 
134 5688 5962 4 
484 4770 5417 3 
409 10933 11451 4 
812 14712 15550 3 
924 18116 19232 1 
271 7164 7679 3 
267 7222 7577 4 
794 13316 14309 1 
596 4605 5388 1 
940 3780 4965 2 
203 4910 5296 2 
327 709 1260 4 
256 2874 3196 3 
909 16500 17597 3 
490 6529 7055 3 
163 7751 8150 1 
235 5923 6205 3 
238 4877 5302 2 
502 2090 2647 1 
856 7857 8714 1 
357 12467 12908 3 
551 8327 8947 4 
699 17859 18790 4 
547 9587 10215 1 
139 2056 2373 3 
248 1883 2228 4 
356 12955 13410 3 
356 8869 9233 1 
926 2828 3887 1 
305 14142 14691 4 
332 11446 11880 4 
999 8422 9626 3 
480 14480 15062 2 
207 14921 15280 3 
633 14317 15107 2 
751 7410 8327 2 
458 16922 17451 1 
219 18958 19355 1 
604 16394 17148 1 
197 10129 10573 2 
805 13928 14754 4 
622 7809 8642 3 
154 2605 2967 3 
358 11550 12025 4 
673 3418 4172 4 
324 5950 6355 4 
402 5137 5603 4 
507 14141 14820 4 
922 11410 12352 3 
267 2011 2432 3 
677 13950 14784 1 
626 2467 3132 2 
990 14131 15232 2 
539 8121 8863 3 
170 7177 7498 2 
410 3760 4225 3 
195 1931 2237 3 
709 12575 13393 4 
924 10975 11925 3 
683 3877 4700 1 
334 4458 4806 4 
649 3268 4112 2 
880 3504 4517 3 
887 2243 3281 3 
241 12159 12421 4 
812 18205 19062 1 
106 7933 8185 3 
840 8750 9630 1 
302 18011 18371 1 
407 8417 8951 4 
982 7471 8498 1 
424 12366 12868 2 
906 12619 13731 3 
201 8125 8509 4 
631 17481 18262 1 
474 18460 19024 1 
384 18463 18938 3 
134 11818 12121 4 
245 19349 19624 1 
179 92 375 1 
340 11933 12452 3 
455 15802 16336 4 
483 13284 13980 2 
885 13407 14466 4 
395 9524 10061 3 
983 12676 13691 3 
485 7917 8451 1 
348 13549 13957 1 
636 3754 4402 1 
274 9864 10369 2 
679 11041 11846 3 
894 7582 8558 2 
132 18927 19105 2 
824 9592 10585 3 
555 17459 18036 2 
413 15499 15954 1 
558 18564 19324 4 
396 426 314 302 370 440 351 179 213 301 318 490 436 303 479 250 420 366 210 195 339 456 484 495 137 177 212 397 301 461 263 357 194 213 262 294 193 240 326 385 471 269 487 103 302 204 278 375 443 373 358 350 129 418 351 488 199 271 380 205 468 335 395 140 437 284 400 458 462 189 115 224 483 361 494 266 314 156 432 421 494 272 415 358 218 271 191 419 312 153 214 459 264 497 456 292 463 133 373 154 405 448 453 200 476 410 242 171 147 240 374 258 444 286 171 365 185 368 388 446 447 412 323 223 267 135 448 231 374 475 182 383 219 134 380 480 105 399 111 421 353 136 444 446 384 324 350 161 439 220 
199 120 130 190 496 105 169 203 275 434 335 295 238 422 174 160 156 213 352 297 405 448 184 317 358 205 123 180 133 370 499 218 371 477 480 400 481 241 443 203 496 174 114 346 122 369 364 324 206 304 273 241 487 358 158 347 406 317 287 389 440 466 198 491 451 471 361 137 182 363 483 467 418 102 464 120 396 161 211 248 367 451 140 278 470 492 466 436 398 343 462 386 448 190 451 247 102 422 136 136 364 216 426 249 171 479 186 294 169 392 109 496 486 192 478 278 421 185 446 448 431 193 450 294 337 459 394 194 104 181 382 204 290 188 490 456 209 158 328 359 440 167 159 258 282 284 324 257 155 484 
378 374 377 239 196 404 266 427 410 455 361 343 492 156 288 317 425 185 460 130 198 393 282 177 390 184 150 286 455 191 244 281 361 129 324 231 301 363 187 140 389 370 117 116 158 464 300 292 443 359 147 451 397 339 129 264 252 463 300 474 308 227 189 268 339 411 483 358 263 451 236 259 360 433 441 475 208 154 235 233 467 130 409 200 249 167 476 463 224 337 193 354 480 457 289 240 407 268 446 362 310 221 262 141 381 154 485 450 324 198 219 211 117 426 339 225 193 273 349 419 272 396 455 320 126 238 426 168 226 227 114 181 494 113 303 488 116 382 252 275 141 488 268 484 450 369 315 372 342 272 
393 111 171 435 225 445 313 481 316 123 142 307 163 450 403 305 390 327 234 452 377 411 457 217 366 114 264 126 460 162 292 313 426 221 102 448 400 159 139 352 251 240 312 107 151 210 440 166 191 151 236 405 244 379 452 292 138 196 366 186 313 254 430 180 106 417 315 328 254 459 163 492 194 123 221 495 340 112 222 349 313 401 341 468 127 267 186 258 300 403 208 231 286 378 382 308 304 270 230 428 235 171 317 319 126 191 432 393 105 467 143 139 184 201 111 418 138 339 112 173 260 348 282 159 410 434 252 179 217 165 199 338 149 476 479 371 424 397 139 430 168 107 139 170 114 351 220 340 157 429 
362 441 156 456 321 229 146 445 355 294 242 425 160 301 165 310 249 141 493 231 309 498 499 413 491 119 326 127 186 117 449 240 474 359 457 444 223 373 145 381 152 176 343 206 494 499 350 368 252 443 369 435 285 371 226 341 343 405 178 329 323 452 120 254 425 376 428 475 382 183 220 490 157 198 334 384 496 217 263 141 475 163 238 285 197 252 282 336 224 165 199 327 255 245 298 103 182 194 497 202 200 248 221 306 243 221 252 358 401 431 366 351 263 327 111 233 181 470 156 207 188 243 187 107 334 458 148 447 499 473 151 471 367 329 397 276 158 164 302 299 172 274 105 132 490 244 114 187 239 492 
234 498 393 109 396 466 390 297 191 417 377 240 324 284 362 124 344 290 138 152 428 103 339 415 478 474 186 320 455 267 352 200 160 364 495 479 437 233 335 331 124 136 179 261 485 408 172 268 284 132 436 401 237 492 203 249 449 115 173 130 441 448 123 154 297 280 383 250 465 157 498 104 329 106 360 311 445 162 250 388 447 459 106 208 225 131 396 469 194 317 371 459 416 457 123 103 209 128 380 340 471 162 389 136 317 482 493 476 298 128 225 249 103 204 391 380 495 110 345 149 433 166 160 409 301 388 281 484 174 446 459 335 221 378 440 258 306 109 466 306 388 131 139 472 143 313 377 451 321 308 
143 325 302 298 218 133 273 328 475 326 331 153 240 425 451 307 258 307 402 187 478 274 314 416 159 346 256 316 245 235 269 267 370 143 243 205 223 174 262 330 121 124 193 413 348 147 169 409 414 417 456 258 439 297 251 243 451 115 106 275 289 366 295 365 478 117 233 341 322 482 155 144 179 227 466 425 252 325 305 390 353 398 169 237 394 464 230 174 335 347 109 318 247 479 356 314 361 353 287 437 114 152 350 368 442 182 304 271 139 355 387 131 300 315 442 375 169 299 320 272 238 256 277 235 255 255 140 411 373 415 282 498 361 185 138 309 245 147 116 304 491 494 137 180 478 425 376 350 493 233 
458 297 367 295 156 128 344 173 400 105 148 177 421 281 194 313 461 166 324 239 108 447 327 467 496 146 486 213 474 200 154 124 171 483 295 141 144 460 198 113 128 192 237 239 143 104 380 111 220 421 370 437 302 229 280 412 160 111 256 436 340 292 495 202 281 371 173 188 199 256 281 445 403 389 390 484 321 186 356 409 444 295 158 383 434 183 200 469 229 489 399 436 438 166 439 217 200 476 257 342 222 133 280 178 314 293 468 283 175 251 469 492 207 320 246 394 159 219 496 127 289 126 130 167 413 190 396 484 420 483 207 241 167 461 495 112 464 140 463 478 156 142 183 413 447 340 426 438 376 337 
163 496 263 329 273 356 478 434 336 244 496 487 170 321 290 245 378 176 135 249 139 335 392 231 258 391 170 104 233 176 442 470 187 351 447 392 460 429 342 333 145 414 291 496 272 417 428 472 363 465 417 161 499 319 210 481 403 432 366 306 238 375 140 459 251 142 311 117 355 170 436 155 391 118 267 443 466 392 280 198 430 459 455 398 281 322 482 368 403 422 111 376 357 372 423 151 269 219 381 262 397 373 164 110 201 371 181 490 454 318 253 366 408 252 222 307 251 497 341 269 452 253 109 147 382 344 407 421 208 212 396 322 241 450 463 437 319 224 481 180 282 316 328 156 234 341 364 112 397 492 
275 363 333 276 177 265 289 312 280 199 318 160 448 394 143 377 248 199 115 255 310 238 112 111 354 126 249 253 265 425 324 267 459 404 229 216 151 287 172 354 209 433 235 126 369 163 218 161 309 190 133 262 219 338 200 149 113 289 310 453 279 362 454 246 461 441 210 140 373 359 161 196 489 444 254 123 474 217 231 449 428 481 444 125 236 218 212 343 364 421 325 297 437 176 340 483 129 488 189 245 312 174 185 303 439 139 223 134 119 292 263 166 278 465 334 340 250 372 317 205 298 495 361 117 216 384 221 472 364 144 299 348 106 261 181 138 167 265 197 423 468 212 348 468 236 128 405 173 362 245 
128 380 190 367 172 198 192 383 354 197 372 377 335 421 452 327 123 222 455 482 208 265 127 239 366 187 228 457 358 403 174 295 114 132 452 352 370 264 423 438 393 417 391 186 229 129 243 218 258 146 118 261 457 499 181 302 149 307 112 125 401 183 188 484 348 250 490 204 160 125 178 264 298 363 129 325 265 252 163 243 220 398 190 330 487 171 203 266 285 434 159 148 419 458 387 320 463 499 417 404 469 178 469 453 355 440 402 304 105 404 327 361 284 414 361 376 298 135 196 209 483 219 214 468 492 173 424 192 435 436 103 180 367 187 449 166 371 168 103 489 200 122 482 328 282 303 198 196 102 132 
456 397 445 469 420 369 203 127 385 180 461 253 114 475 484 201 488 309 121 366 207 494 206 403 148 403 227 387 317 449 374 154 156 243 287 445 257 272 425 466 276 389 226 201 249 490 132 201 243 274 146 407 246 391 496 359 169 182 460 464 333 391 261 360 315 478 380 327 351 192 433 479 217 260 216 265 394 497 393 173 181 412 273 393 260 281 496 366 458 311 428 474 302 229 412 305 396 158 345 261 299 138 296 309 390 339 170 183 149 182 497 490 397 424 468 359 340 241 338 195 210 424 204 305 437 319 465 388 152 424 272 434 200 417 388 149 478 239 190 150 366 432 175 122 372 426 311 204 419 167 
200 377 434 191 282 443 366 223 409 312 270 170 116 251 222 360 112 400 360 151 457 462 219 296 151 441 193 412 276 266 415 303 191 115 327 207 481 288 496 387 105 238 129 342 475 130 307 270 344 244 274 213 307 243 189 400 163 207 195 427 206 309 479 153 196 458 330 103 186 269 375 336 343 397 176 499 309 387 407 249 363 198 407 488 164 275 232 314 365 132 445 413 184 242 274 282 466 462 493 452 349 166 174 303 446 264 467 365 420 230 176 466 340 216 243 263 422 120 246 456 487 333 434 172 484 351 239 136 285 477 413 136 452 365 409 367 240 293 332 417 309 165 108 197 440 352 492 343 462 291 
269 480 281 276 317 287 139 270 152 396 462 472 341 469 176 348 265 376 280 358 156 197 447 270 178 386 310 150 164 317 346 104 124 263 276 482 344 206 209 387 257 274 274 381 239 214 349 322 222 460 444 206 182 395 493 246 363 450 499 414 400 341 310 183 403 249 321 159 256 395 162 315 156 449 215 302 105 177 208 347 140 139 202 477 325 376 465 354 127 330 335 245 438 252 410 295 452 212 116 462 246 241 373 310 175 244 354 424 329 241 361 260 451 405 416 277 335 348 429 241 490 108 367 247 161 374 150 122 314 210 490 139 293 493 207 257 156 189 259 252 461 468 271 170 323 423 387 409 106 419 
231 420 268 258 484 157 153 152 190 306 469 269 156 399 483 391 445 410 401 406 140 416 480 391 249 469 398 492 128 457 133 422 419 157 473 381 401 269 390 308 467 385 493 457 111 108 264 198 249 489 120 428 442 456 256 136 359 123 438 421 206 141 273 236 119 436 275 189 416 166 424 476 362 373 308 421 184 218 300 255 235 328 362 408 455 340 236 122 376 255 199 149 372 210 457 395 406 448 236 436 301 435 196 338 413 255 492 433 208 390 205 342 303 320 304 389 174 275 421 194 323 497 355 425 411 234 137 463 474 212 183 102 165 444 133 400 393 133 202 196 106 361 421 486 261 253 326 484 140 246 
299 165 457 469 233 219 465 191 291 129 335 462 146 487 316 401 355 165 333 144 196 338 165 275 291 454 227 414 165 151 399 466 118 303 496 276 179 449 366 355 247 457 399 116 310 197 183 300 301 110 105 209 111 357 395 457 450 125 383 335 400 354 411 137 192 453 384 347 205 444 127 396 296 344 102 403 251 116 127 339 376 456 155 269 117 291 424 120 476 358 155 353 136 340 189 125 427 358 217 125 165 173 357 471 375 497 152 270 363 220 437 423 417 423 144 373 285 432 346 253 271 230 242 344 491 368 176 381 476 449 310 124 377 283 122 356 187 261 432 219 225 360 306 422 434 489 154 108 479 408 
172 484 166 409 226 401 378 136 310 398 389 421 263 259 396 120 138 264 247 271 443 386 271 281 379 327 138 475 469 332 140 206 479 479 439 313 474 198 471 229 365 369 197 207 283 273 190 384 494 443 338 154 199 139 239 271 388 107 178 470 472 265 188 481 375 398 139 430 485 103 200 179 273 144 152 102 135 364 468 140 192 135 179 187 332 173 252 415 494 286 212 242 310 330 467 468 276 413 244 149 469 462 199 415 209 139 405 413 185 340 186 494 138 424 186 444 438 424 267 145 335 451 365 130 178 370 197 377 454 348 384 452 287 489 108 175 197 127 158 103 456 120 496 318 498 318 431 455 358 420 
366 344 260 328 136 352 357 370 160 346 218 410 151 429 110 194 448 125 448 187 114 436 294 468 102 374 195 215 210 137 305 219 440 300 143 170 393 141 425 459 111 234 308 225 315 457 335 160 475 347 221 200 288 156 130 277 302 449 465 442 336 301 182 483 259 320 460 168 409 239 365 418 268 377 393 289 104 415 226 235 150 352 364 412 416 271 467 253 170 209 379 458 193 433 478 120 401 276 193 436 150 414 270 340 349 283 407 264 489 290 115 151 491 498 276 247 381 283 223 428 407 255 419 281 396 373 498 155 251 457 186 145 276 178 161 164 119 372 259 215 341 475 428 233 408 196 248 368 496 447 
122 439 255 421 485 336 175 338 338 253 312 222 204 211 218 174 497 177 303 157 340 386 133 373 187 487 149 245 231 474 360 151 348 221 443 143 322 444 149 114 240 148 167 444 134 425 114 106 268 397 244 264 224 488 236 214 401 326 430 476 487 302 159 142 106 396 382 328 269 435 465 194 113 154 432 412 211 186 269 117 317 265 345 230 254 325 489 458 323 141 320 391 222 491 217 331 407 279 163 177 242 437 347 114 481 354 406 389 219 389 384 314 111 234 424 105 383 103 393 103 258 451 223 283 151 311 297 161 202 432 285 297 451 444 270 342 159 135 289 228 325 364 148 204 459 138 424 274 315 189 
360 211 382 108 480 359 388 394 193 345 393 236 360 358 244 219 125 309 368 498 250 187 395 264 252 439 309 299 396 272 493 118 141 112 157 131 216 221 113 358 329 428 351 425 331 176 199 414 407 282 346 117 113 127 332 374 440 315 124 146 226 251 428 120 423 301 388 372 372 446 240 211 304 354 104 426 265 339 227 458 241 328 242 144 485 432 363 459 234 270 275 392 349 128 122 156 333 143 380 399 212 318 321 125 114 152 119 359 239 492 375 307 286 360 328 417 229 442 170 306 179 220 160 250 142 269 302 436 169 215 205 456 325 229 393 144 467 118 147 463 236 364 257 275 406 367 430 185 228 187 
495 313 172 258 197 340 192 269 311 364 424 361 170 419 145 430 228 341 341 349 348 441 198 434 412 377 190 379 321 337 347 229 242 117 297 184 316 161 362 118 462 250 440 142 339 250 474 223 403 403 499 123 240 182 261 197 110 166 418 349 216 106 338 456 302 138 434 338 488 328 408 114 176 466 484 367 231 235 132 489 467 499 202 315 338 220 201 423 211 105 326 356 301 144 249 176 143 330 430 432 225 361 288 271 414 284 482 419 278 131 208 261 243 318 131 394 283 457 340 344 316 245 232 398 322 297 336 278 194 280 230 245 102 476 441 446 464 378 158 236 249 186 379 185 458 381 356 313 491 128 
346 398 236 493 465 115 320 340 190 374 300 305 449 242 471 344 281 268 267 319 256 201 196 159 362 169 366 333 435 165 492 243 351 431 329 107 479 263 209 276 443 443 169 425 420 398 367 164 142 204 322 475 303 166 495 469 345 233 172 214 363 194 296 461 385 282 445 241 164 125 375 154 191 487 112 160 362 370 340 127 108 146 458 131 496 410 138 148 226 108 180 353 281 150 363 468 127 210 192 456 386 457 432 163 396 102 434 343 185 397 415 483 220 151 288 364 281 315 498 490 130 385 395 256 367 200 134 499 157 408 177 356 151 350 131 125 327 477 355 495 116 293 180 285 126 196 169 468 106 189 
130 185 144 342 389 190 267 438 148 227 339 440 286 213 198 125 311 267 447 491 467 399 193 216 116 405 112 273 113 140 176 344 368 311 461 351 246 159 301 133 221 321 410 114 485 141 340 329 255 480 190 369 248 173 281 179 186 426 181 416 470 292 113 459 113 374 263 173 311 253 352 219 174 295 439 373 127 204 273 479 329 343 231 471 406 369 103 201 431 274 438 254 132 112 355 397 487 137 497 331 477 177 254 393 476 402 344 291 332 402 333 287 253 351 124 475 186 478 164 161 437 448 178 232 379 196 144 258 305 315 115 494 173 125 485 473 170 375 350 182 374 429 257 283 214 310 248 405 279 326 
323 154 433 111 142 453 226 107 349 277 146 444 235 436 173 380 217 430 391 267 477 186 125 375 217 417 338 133 419 174 111 292 155 152 378 267 103 177 303 358 207 262 330 292 303 440 376 264 290 381 195 308 359 394 486 299 473 499 255 486 171 157 418 161 312 226 231 281 431 319 206 171 272 240 151 233 412 468 337 286 222 145 388 377 109 266 369 137 389 260 281 107 121 228 224 135 419 439 180 148 286 204 428 497 443 374 399 259 484 497 459 167 242 182 102 409 329 487 294 207 136 137 206 154 148 218 153 183 142 184 435 265 117 260 404 139 341 475 361 459 352 472 183 400 288 164 225 319 498 169 
369 425 316 452 480 461 221 403 225 281 391 123 437 206 255 146 244 241 281 388 158 494 445 426 422 281 242 235 271 317 123 396 287 412 187 295 191 127 256 312 222 395 105 250 148 183 289 111 276 300 115 196 154 134 114 287 207 328 103 102 252 123 331 334 110 106 375 408 455 437 232 268 324 234 240 106 231 473 365 323 376 222 301 301 263 323 112 188 435 454 442 244 143 276 455 136 266 280 360 243 336 128 308 172 163 122 361 252 136 198 258 392 181 390 435 343 244 360 156 110 209 484 436 321 285 171 425 109 303 430 331 236 460 318 284 397 396 381 295 183 462 235 467 416 379 259 374 429 468 204 
315 168 196 459 207 115 301 467 345 440 293 324 295 477 125 453 363 386 252 375 438 334 490 257 191 285 421 283 371 125 373 498 223 373 275 390 217 421 411 145 193 161 467 359 145 407 491 141 354 386 318 195 315 363 142 394 236 390 167 186 444 438 270 354 457 343 184 164 305 472 143 179 143 221 145 485 195 234 115 189 497 322 349 226 404 414 121 377 486 347 300 447 140 133 155 118 477 381 255 107 241 259 375 240 216 289 166 379 414 256 472 408 148 278 395 366 454 152 175 455 300 443 241 179 176 300 252 160 315 245 340 283 395 383 324 467 117 208 123 429 416 114 416 111 492 445 120 414 492 271 
444 450 226 184 480 139 238 268 322 414 217 197 199 381 268 328 353 112 146 271 103 447 177 249 455 200 276 412 111 440 462 273 324 354 435 459 114 467 466 322 402 365 148 312 485 343 376 467 416 182 322 350 211 376 205 393 484 124 428 290 452 324 182 416 386 167 120 137 253 249 476 333 432 384 448 392 241 168 370 392 396 494 138 168 198 160 169 439 337 315 276 215 255 296 422 217 114 229 393 319 429 230 111 349 364 440 176 267 117 453 207 166 380 104 419 398 483 408 402 441 412 262 124 408 111 158 499 176 383 132 313 202 483 184 342 365 102 230 490 456 225 436 224 145 413 124 233 251 453 372 
113 231 239 117 491 455 131 384 401 305 155 189 443 106 178 112 488 228 334 494 356 475 216 219 428 324 142 280 392 301 301 254 401 160 200 272 464 499 407 445 231 232 109 452 340 124 434 389 399 444 475 375 419 331 194 161 438 122 436 177 211 382 259 304 345 267 396 459 300 430 256 362 168 296 379 417 321 151 424 247 110 328 311 463 178 319 302 448 446 202 108 268 149 213 278 443 113 304 266 255 444 305 444 145 252 189 266 175 148 395 255 232 420 109 397 339 397 445 208 415 485 485 289 486 296 281 276 186 170 481 223 440 319 235 126 492 246 167 306 243 318 296 140 208 362 170 203 332 122 222 
213 456 249 114 421 449 326 375 208 308 136 463 220 475 148 324 386 102 240 214 320 392 279 354 271 332 222 405 241 350 382 437 395 398 358 296 377 400 413 400 169 129 182 395 221 308 381 266 315 119 467 106 490 493 149 456 355 152 455 171 440 336 492 352 467 395 411 212 447 168 311 224 339 357 393 498 122 157 463 416 364 197 173 162 375 231 123 403 360 297 151 401 332 122 370 144 438 359 259 204 110 340 447 233 488 249 138 108 206 406 280 355 474 442 437 147 293 499 204 207 472 298 263 352 293 435 396 242 339 452 225 406 163 227 489 236 120 321 181 364 114 449 434 318 107 227 163 357 113 300 
268 229 430 177 223 300 497 423 369 108 261 442 330 140 212 225 123 452 487 324 208 272 333 484 333 119 456 244 300 430 171 476 337 365 304 439 394 406 237 331 112 244 274 363 114 347 242 267 158 467 328 160 247 254 373 285 452 124 232 421 464 142 215 262 254 155 276 239 180 248 218 198 153 182 393 408 476 140 400 370 429 302 202 144 460 416 442 489 239 375 391 226 336 367 142 453 271 212 270 457 396 128 239 202 203 193 398 201 108 179 240 471 208 245 169 278 414 340 371 496 206 424 229 324 471 332 102 492 421 295 257 487 175 167 215 483 310 404 273 134 308 417 357 262 418 141 454 492 387 208 
195 423 110 251 166 415 418 218 466 228 446 322 303 381 107 384 217 250 428 434 413 486 411 466 429 180 196 103 278 148 128 466 150 331 251 442 270 293 371 166 384 294 365 349 368 261 292 265 283 324 371 368 217 281 123 174 255 376 141 350 397 384 105 389 368 282 255 158 271 294 319 214 479 370 364 363 447 223 247 482 187 276 167 204 227 122 482 400 129 366 333 343 435 295 183 365 467 471 409 192 415 304 213 162 184 292 271 185 388 155 376 138 397 309 423 324 315 390 391 359 373 434 379 222 318 489 478 393 490 308 452 487 456 216 112 256 285 213 482 323 164 261 410 271 134 459 307 230 455 161 
302 135 217 177 366 371 140 156 378 183 307 360 277 360 344 325 391 139 353 446 325 289 298 159 218 398 376 135 229 241 283 123 366 345 386 412 259 447 304 418 222 364 285 385 398 160 430 471 352 498 497 176 129 366 186 460 205 411 470 188 239 158 342 108 307 334 368 283 135 282 445 306 467 154 230 109 395 242 428 424 280 424 243 326 483 179 458 230 449 202 387 208 386 343 121 314 467 212 153 397 132 135 275 320 110 398 263 342 287 389 448 158 278 479 413 424 104 271 201 341 189 479 322 354 112 106 154 464 138 115 478 266 186 467 310 249 277 126 319 170 231 256 363 359 456 414 392 116 394 192 
494 233 320 366 473 381 370 410 185 413 202 355 211 426 478 394 425 323 293 129 299 326 364 447 366 376 289 375 420 317 391 304 404 423 255 176 470 223 317 486 451 142 472 415 302 300 326 435 483 482 104 160 471 475 185 408 156 116 390 283 468 418 433 342 377 440 185 224 232 172 220 486 271 475 443 441 430 206 134 471 151 384 164 157 235 213 345 131 417 394 168 169 414 232 268 282 143 230 407 187 305 376 222 362 316 205 236 470 414 160 268 435 429 297 157 228 387 455 110 443 306 209 425 442 253 244 192 108 282 468 453 413 197 386 173 256 218 406 494 357 316 344 192 235 473 491 484 254 358 331 
298 361 426 369 476 238 391 198 279 281 150 363 199 387 309 431 330 469 441 361 438 172 459 333 313 386 216 232 472 411 385 474 418 158 423 458 262 337 461 172 265 300 333 187 209 229 121 251 490 362 224 447 318 164 239 466 197 299 267 388 470 394 149 184 131 364 214 282 265 381 476 263 146 328 205 160 292 294 219 434 227 197 171 427 104 439 197 189 208 267 227 167 308 177 462 499 202 193 498 279 250 105 268 104 488 396 473 183 370 310 493 114 341 225 269 218 396 166 223 303 383 206 137 269 381 179 489 498 216 334 102 151 162 160 347 255 361 355 221 277 335 118 145 256 222 314 326 270 365 166 
409 401 238 426 118 152 241 132 299 177 476 263 377 336 405 157 456 163 242 309 450 345 199 127 428 146 406 138 115 115 486 490 463 456 351 386 460 462 140 376 147 110 376 222 281 456 264 434 296 350 295 273 367 323 201 451 404 164 244 498 369 495 231 128 119 168 260 203 341 345 118 446 301 314 103 382 178 143 106 478 222 388 394 311 425 279 386 403 226 354 311 325 481 279 386 304 297 328 332 266 179 304 301 292 369 315 449 251 162 407 207 445 361 466 122 282 314 353 435 309 122 424 353 395 377 139 113 190 112 461 175 105 426 174 467 414 273 132 490 245 120 456 110 144 355 381 129 344 182 474 
355 201 300 435 245 415 274 126 416 349 235 244 359 357 407 441 490 151 311 143 333 416 275 369 121 266 325 477 196 366 256 205 425 422 116 172 323 303 497 382 202 333 161 152 281 204 490 182 241 235 147 276 432 233 181 245 351 400 134 194 475 154 135 319 232 452 262 375 363 264 251 154 171 486 476 300 199 135 225 423 281 259 203 174 400 447 440 472 107 462 275 170 320 357 460 415 395 252 296 284 168 488 334 460 124 248 397 374 169 130 446 385 273 268 489 451 133 484 448 398 442 324 147 452 188 174 182 262 217 351 136 287 376 287 113 329 217 289 122 331 376 448 206 344 258 376 161 237 179 320 
476 165 242 351 369 137 334 332 145 257 381 181 382 226 196 139 303 120 475 457 308 387 275 370 185 146 484 163 468 200 443 308 423 427 127 324 197 362 267 289 456 312 460 256 355 486 379 229 173 114 400 425 217 495 168 341 364 267 297 366 255 185 158 253 455 313 131 345 451 138 465 435 439 300 471 380 327 454 277 457 465 128 374 398 310 184 379 352 255 482 408 156 363 260 224 290 256 460 137 410 170 269 455 326 184 497 296 431 486 337 177 284 197 281 108 165 342 200 220 400 463 452 192 172 201 147 190 107 457 184 188 205 151 216 272 333 394 210 384 424 283 382 202 297 399 193 179 184 206 138 
343 163 362 393 242 401 335 490 437 252 315 258 499 303 177 493 148 419 351 385 266 422 307 289 492 183 240 296 292 256 272 178 324 334 483 122 490 325 109 406 192 234 472 283 310 272 428 190 463 228 439 117 431 210 408 182 278 262 404 290 110 115 402 228 354 243 491 440 196 346 275 279 148 338 138 106 216 469 182 431 311 141 172 403 356 483 152 234 246 420 422 274 422 486 122 332 436 198 277 349 179 347 323 366 154 370 227 273 167 171 267 150 368 145 161 198 395 170 222 335 358 222 135 138 416 306 332 314 239 159 316 447 459 345 142 424 368 335 354 448 207 192 348 351 310 337 484 282 303 478 
435 163 357 148 241 104 391 354 351 257 212 174 148 366 110 180 309 210 332 376 421 293 495 426 151 128 456 374 487 172 265 489 395 210 262 180 282 415 414 269 461 319 401 210 283 447 155 445 431 347 155 228 343 413 185 467 292 106 210 462 286 200 447 201 361 441 420 302 390 494 474 391 156 175 322 485 122 320 169 305 364 315 148 462 415 166 347 146 405 254 267 465 357 287 407 365 181 492 329 153 197 278 283 452 442 265 240 348 343 394 228 340 236 110 341 184 117 290 123 332 375 473 256 113 103 448 242 226 262 394 169 323 135 205 394 380 350 145 137 441 360 333 280 309 109 146 231 169 104 225 
386 215 410 403 398 323 437 234 402 185 441 427 302 496 390 285 495 378 214 332 404 491 465 151 291 102 479 192 250 333 452 129 214 199 386 184 248 303 168 310 264 161 259 376 256 148 234 206 368 348 142 312 368 477 401 349 475 370 135 288 123 210 256 238 449 241 454 226 279 162 189 352 431 249 234 318 199 269 236 257 491 372 365 201 469 176 194 320 186 492 363 308 130 190 329 263 278 152 233 428 132 452 306 347 223 253 157 257 329 239 495 149 165 244 261 480 206 143 235 149 151 458 142 115 366 431 242 198 139 299 254 405 424 305 281 459 487 156 451 192 422 195 187 471 472 436 163 418 369 212 
306 142 281 281 295 409 397 107 424 490 336 109 303 264 418 399 180 334 257 373 254 123 179 180 384 150 287 448 137 246 126 160 206 346 356 186 354 492 407 264 398 426 274 445 246 216 151 439 272 187 368 209 115 369 201 436 350 494 382 217 423 440 441 164 380 246 290 379 146 281 484 110 104 389 283 320 458 298 346 197 485 284 484 133 289 298 368 460 460 454 195 342 454 331 282 312 476 276 129 461 384 471 180 320 169 394 181 348 392 223 202 486 356 107 479 448 449 406 188 449 197 252 332 258 250 353 298 324 409 242 316 108 234 127 358 221 451 453 416 323 226 235 478 290 397 252 482 445 435 461 
360 408 399 344 291 271 423 132 412 106 389 103 131 263 149 371 273 181 363 207 300 341 107 447 435 263 292 326 186 125 242 305 262 199 189 450 194 338 443 317 299 375 134 383 422 121 177 316 104 394 369 436 284 379 276 206 401 146 303 293 125 386 474 212 376 272 201 199 405 348 162 132 282 104 180 242 338 479 123 203 282 409 120 317 452 210 476 255 159 398 141 335 322 287 306 230 305 145 477 422 433 395 214 351 336 316 302 133 129 302 146 332 218 425 305 454 397 321 472 106 347 494 231 127 294 359 264 219 464 452 299 484 288 127 479 350 136 185 132 318 427 350 472 419 340 273 347 383 409 103 
155 143 334 373 412 357 440 116 496 304 103 150 469 114 328 223 229 361 210 241 141 392 321 391 461 214 439 310 288 441 332 219 365 460 226 163 268 262 428 275 373 434 290 166 234 425 212 379 343 311 348 136 320 226 287 468 357 237 469 310 442 151 246 349 207 189 214 201 102 415 142 174 434 472 498 487 278 162 123 338 397 455 492 361 325 478 417 104 124 277 280 298 121 200 147 264 438 181 387 390 424 377 143 154 258 317 215 325 163 300 371 238 249 289 382 205 499 394 300 184 436 369 232 159 184 385 297 275 145 213 148 164 261 386 255 322 114 193 284 384 495 442 204 164 157 411 309 129 339 328 
326 277 237 374 328 276 250 235 125 373 103 442 238 357 188 117 184 445 114 414 119 172 281 145 155 146 237 444 387 295 459 171 484 344 398 252 468 144 192 336 358 173 261 181 182 488 182 192 317 208 498 171 125 431 234 332 114 243 467 445 324 403 416 224 267 110 201 201 372 122 404 325 366 329 455 193 295 185 429 479 121 199 132 476 361 379 254 244 475 349 414 478 297 266 410 130 383 122 442 299 320 435 265 358 400 225 128 380 419 133 284 264 439 318 259 105 171 257 481 303 449 181 313 309 156 272 491 443 190 127 177 397 489 144 304 370 308 451 139 156 122 333 468 488 374 164 494 302 179 237 
162 368 169 369 479 191 323 369 368 379 181 448 396 285 498 347 436 138 226 230 367 443 413 276 497 233 328 106 105 294 234 326 272 338 231 364 256 400 252 265 138 463 239 129 398 499 212 310 282 279 128 102 148 420 475 296 289 113 220 213 168 464 124 282 401 420 376 363 266 408 166 466 269 202 201 305 233 401 436 204 158 251 281 175 220 138 126 389 416 218 214 363 415 321 427 495 203 196 139 418 279 294 187 390 174 398 243 342 228 295 165 333 165 338 273 290 115 355 330 257 322 127 464 452 160 327 468 402 499 243 342 242 323 493 140 288 418 338 347 488 225 185 372 156 424 343 431 146 377 226 
125 415 335 223 126 369 142 379 127 461 402 160 119 486 266 338 148 388 216 372 396 140 157 459 215 375 383 274 441 250 381 274 185 118 113 253 115 172 421 219 330 359 173 304 132 204 307 393 361 251 221 478 393 202 334 140 483 197 192 429 175 249 275 283 319 224 294 252 201 159 115 347 265 428 210 122 338 478 172 393 266 441 403 139 269 499 380 389 201 378 244 491 402 385 141 200 380 296 324 145 188 163 116 286 357 203 405 494 170 459 422 350 232 347 151 444 463 105 246 324 221 356 385 216 399 204 422 162 204 314 498 226 195 499 376 211 243 277 142 385 256 473 274 247 264 341 484 261 254 378 
362 202 278 209 146 118 161 253 490 120 410 211 455 371 127 311 224 207 171 315 430 350 161 106 392 379 232 349 231 242 402 240 315 364 440 293 439 226 194 127 318 140 239 256 345 138 399 241 227 272 463 109 195 465 212 416 237 322 195 455 111 135 176 343 190 298 386 432 229 259 259 391 458 230 444 401 447 221 392 289 192 327 321 470 438 275 352 292 357 192 245 163 255 165 481 135 387 173 195 182 199 236 409 386 311 280 239 112 410 286 289 448 393 333 433 389 396 207 222 243 107 120 381 488 302 487 288 464 419 232 239 451 470 301 422 262 495 281 222 357 195 341 370 430 318 269 187 410 350 390 
497 408 427 188 353 432 227 108 290 436 292 421 322 269 359 143 262 339 302 331 446 349 253 309 400 348 340 271 262 455 458 315 276 248 365 274 182 380 161 424 295 283 244 182 222 318 229 104 240 482 401 466 334 499 194 486 256 393 402 269 151 478 192 372 218 431 201 281 411 400 115 355 111 341 368 408 483 419 308 402 213 308 234 401 117 360 378 277 432 108 218 400 445 167 462 150 425 294 303 379 255 482 320 242 185 249 339 440 466 356 233 499 225 455 327 395 271 194 476 391 389 197 131 169 212 190 492 362 368 111 249 171 391 176 353 103 364 265 213 498 327 386 217 284 256 427 148 314 255 327 
428 224 461 345 348 413 299 374 305 186 468 450 479 350 309 487 360 358 443 316 148 450 231 368 268 420 407 392 195 281 232 248 489 328 169 192 405 405 184 335 388 331 143 239 367 485 209 468 338 411 347 460 341 285 260 392 318 326 305 452 377 236 462 148 206 445 200 349 381 398 482 329 271 441 156 455 332 493 364 245 376 254 119 444 222 240 323 250 238 388 400 496 163 296 143 292 427 318 279 310 444 102 441 158 388 391 176 260 202 445 457 444 466 419 450 494 468 354 177 401 248 276 391 356 493 199 381 319 262 363 186 203 366 133 397 126 111 133 280 393 140 392 225 363 194 302 455 381 488 400 
386 316 398 266 309 190 132 323 393 494 112 339 373 189 258 135 475 381 356 356 415 184 143 374 265 346 279 460 486 382 182 365 434 134 420 189 439 241 467 451 201 399 221 451 103 153 387 115 119 446 378 160 300 244 446 263 472 198 215 379 256 136 206 161 155 341 156 403 469 398 472 440 204 230 242 191 220 230 368 135 442 238 212 474 476 466 171 476 260 272 306 393 212 267 435 217 277 253 316 103 243 114 138 308 410 258 114 142 129 403 362 188 110 141 139 405 264 238 326 437 471 463 373 146 109 191 431 231 402 107 409 335 327 263 433 373 124 478 278 403 159 188 251 360 211 189 463 137 383 482 
103 150 283 363 455 306 384 365 274 209 185 170 383 319 343 128 167 497 354 119 220 209 282 104 347 341 177 337 109 441 218 491 417 352 127 187 423 235 415 463 136 428 385 346 451 272 114 417 122 326 102 271 256 235 205 116 321 255 337 395 322 213 172 442 254 339 461 455 119 378 300 183 271 241 152 354 490 425 479 352 416 181 309 316 270 408 474 349 142 415 274 465 426 186 444 245 319 496 211 436 153 138 253 194 154 278 145 181 251 440 349 457 130 250 455 425 126 476 221 388 436 262 348 361 139 144 131 323 453 396 103 150 338 445 185 274 243 474 347 234 137 318 372 452 286 332 278 119 379 382 
410 315 247 143 441 323 313 452 175 437 383 198 272 257 430 323 190 379 435 471 389 347 243 223 433 450 440 261 249 427 495 383 393 391 243 341 377 214 145 245 318 240 118 123 379 355 353 190 449 403 158 201 466 423 496 356 360 414 373 364 194 186 364 165 149 431 181 127 345 481 345 232 499 121 268 261 324 225 150 230 257 298 410 307 489 237 393 462 335 410 159 438 301 150 355 389 377 460 262 165 218 213 409 196 473 119 226 432 306 158 105 349 149 467 272 399 294 401 132 381 341 492 151 282 258 136 378 374 369 309 494 174 454 226 176 383 281 265 245 112 381 350 281 185 156 487 109 224 481 463 
423 275 209 170 284 451 212 173 124 478 204 142 103 214 404 391 472 223 234 200 461 420 312 128 253 188 314 336 325 111 374 178 251 189 340 402 412 348 330 371 267 112 345 254 434 355 133 465 286 412 442 225 443 137 219 316 121 225 290 232 295 193 284 112 158 355 104 150 290 459 489 388 213 431 253 102 207 129 369 139 155 287 178 331 233 418 303 105 194 147 144 312 417 127 399 489 360 270 456 383 240 346 483 263 105 301 255 463 223 171 385 342 166 207 365 449 228 274 443 252 319 315 219 306 384 322 181 369 140 139 285 341 463 116 274 211 332 279 125 478 480 287 426 201 481 159 295 431 208 158 
185 130 261 371 452 406 481 288 331 233 127 393 316 368 306 120 310 299 220 371 142 455 405 371 486 386 264 485 410 480 340 400 151 449 269 326 462 396 266 102 406 201 279 445 107 456 266 257 264 400 263 253 438 331 170 146 498 407 233 248 340 270 139 386 271 382 270 432 411 109 284 206 409 350 118 497 312 223 103 426 457 317 148 247 441 277 329 483 421 344 157 301 445 147 104 417 362 330 159 273 299 274 221 255 104 347 470 495 385 258 283 442 214 284 233 295 168 361 110 167 369 199 342 103 347 263 402 259 336 397 426 451 244 219 373 371 475 187 338 278 236 192 337 182 471 255 459 114 276 119 
141 156 282 392 186 260 470 123 269 214 247 259 354 438 330 356 308 452 186 329 489 443 212 179 363 471 201 404 127 245 259 409 162 423 475 426 189 320 261 163 172 241 461 170 155 269 443 221 383 180 195 328 241 282 115 370 359 267 444 328 122 262 247 376 457 269 136 435 311 278 383 412 176 135 401 335 328 260 277 432 178 131 261 300 310 358 336 387 363 252 459 168 433 132 382 230 152 339 333 199 372 405 306 438 331 331 243 165 460 493 456 107 453 437 233 428 307 491 224 176 173 358 421 183 391 342 261 246 201 139 370 149 364 116 368 143 321 242 488 105 173 418 457 482 399 298 303 237 397 367 
161 343 124 231 125 179 196 395 234 373 187 229 474 386 401 462 317 367 473 423 469 395 449 120 355 443 382 373 264 221 210 266 231 353 174 241 127 239 289 302 439 132 439 449 224 152 364 429 293 380 144 341 339 415 453 183 213 279 342 109 123 424 397 182 223 272 153 179 306 281 459 137 269 256 473 161 106 186 242 228 136 434 228 250 282 359 447 218 111 433 302 314 376 407 187 144 183 163 404 129 168 356 432 407 361 166 303 441 333 224 287 102 257 274 231 152 354 408 169 450 272 262 410 475 139 365 157 385 388 204 258 268 331 213 494 413 289 313 132 171 165 341 489 407 420 338 316 127 461 215 
218 103 305 395 126 136 255 198 102 124 256 495 135 332 195 498 437 180 389 498 140 389 114 323 332 319 165 444 302 235 434 335 492 495 153 223 218 124 149 447 364 214 215 181 375 332 150 155 391 190 198 312 151 191 439 140 133 219 147 377 130 135 455 348 414 205 459 350 261 271 403 392 381 416 189 257 303 498 397 139 312 299 146 401 361 134 445 454 444 439 176 414 437 154 161 129 121 198 365 154 239 251 242 364 227 119 337 347 423 434 168 408 184 127 166 472 263 246 155 457 332 304 408 471 275 282 138 205 392 471 134 381 451 340 111 346 181 231 369 447 232 397 229 364 313 277 338 339 332 310 
200 445 419 397 270 346 355 112 496 248 440 459 161 245 464 315 230 443 262 495 473 242 131 314 484 217 133 468 272 243 379 113 261 306 414 179 207 201 398 473 212 455 344 403 480 453 404 305 256 198 192 207 177 399 151 335 286 156 383 458 252 284 213 286 491 427 125 154 470 472 290 379 119 434 151 488 198 413 474 141 220 423 380 337 298 451 460 442 309 138 486 197 203 412 466 232 467 216 166 297 361 363 484 165 462 109 431 210 420 465 376 187 376 186 168 462 469 102 192 330 242 119 472 262 307 282 448 206 475 181 167 143 496 470 137 228 400 172 418 130 372 409 262 177 260 465 340 446 441 199 
455 418 311 403 285 293 141 156 115 371 293 312 197 185 412 402 200 154 296 140 190 254 364 463 451 475 479 232 236 119 431 189 475 116 115 114 117 126 134 397 338 427 211 165 153 290 322 234 472 458 362 246 329 137 355 205 415 267 241 305 136 177 296 214 103 221 186 154 364 291 304 244 440 321 379 156 270 482 260 402 277 106 444 407 415 284 223 171 406 160 193 451 318 181 105 115 250 103 469 416 496 318 450 136 350 265 299 318 337 265 221 201 491 462 226 112 246 147 387 299 418 305 428 392 410 280 192 163 241 203 211 155 475 271 487 236 332 255 463 446 371 245 223 308 229 499 278 316 460 251 
397 301 391 289 261 447 497 413 328 376 297 243 253 366 284 462 485 277 140 367 413 371 214 173 375 411 356 493 491 306 282 233 292 477 146 413 468 235 208 467 239 229 277 142 488 334 489 473 137 186 117 369 207 224 258 479 117 398 449 398 215 334 275 392 361 238 318 121 226 239 323 490 426 426 176 130 308 423 168 454 103 180 212 178 181 401 152 498 181 241 464 355 293 357 225 391 125 191 403 349 261 157 129 369 471 478 425 492 329 400 181 412 402 233 215 234 342 439 141 206 273 363 455 363 397 439 174 454 432 305 357 399 272 144 382 130 178 407 162 149 220 397 494 119 306 143 383 360 225 197 
316 339 206 152 493 250 333 452 256 377 232 386 187 484 258 218 488 183 174 254 311 307 420 291 395 459 144 249 132 363 444 376 214 438 450 303 455 419 409 384 194 142 247 231 330 116 248 391 489 345 392 315 473 440 186 450 161 384 328 178 114 208 414 289 224 344 159 176 220 179 413 252 255 379 346 149 388 156 178 277 113 131 134 269 207 206 444 338 304 308 423 159 428 246 131 351 263 156 207 322 272 314 389 417 181 166 464 426 129 359 222 325 443 221 341 180 239 279 104 137 455 416 135 249 384 485 140 350 459 314 368 454 336 217 252 423 331 137 292 222 179 490 154 129 219 487 121 241 249 270 
199 106 266 359 342 149 123 207 175 330 459 251 186 237 104 105 291 419 475 154 207 479 353 147 369 269 214 145 149 455 325 299 387 376 103 444 366 188 457 427 381 312 231 113 326 218 165 254 492 230 169 269 387 408 294 455 423 285 234 498 403 108 254 497 257 275 188 159 473 346 476 448 371 370 256 376 477 426 104 377 242 464 453 226 193 462 263 397 306 402 131 198 373 458 237 271 471 108 334 325 369 331 227 403 286 410 150 268 450 294 468 111 247 130 402 276 262 341 220 348 160 426 212 160 279 487 270 361 154 285 124 496 472 248 121 418 126 363 108 388 283 319 133 367 301 191 266 236 426 373 
167 345 104 151 383 106 145 115 249 270 105 302 194 356 219 289 197 315 450 458 111 244 258 157 361 184 319 478 407 145 453 127 286 384 260 473 154 335 258 397 402 362 409 263 214 283 490 233 496 385 287 125 181 362 228 341 225 219 113 131 473 119 226 292 214 295 256 181 305 258 315 490 424 432 376 274 486 301 414 370 479 357 153 476 431 259 241 475 163 227 175 462 469 362 130 185 240 102 229 325 234 449 199 350 232 102 122 412 488 293 124 249 251 439 311 448 366 205 294 240 107 428 239 279 262 357 309 184 489 313 193 104 223 132 149 383 456 378 333 297 218 429 292 121 251 187 412 371 168 161 
489 385 253 483 142 455 166 232 172 197 144 127 241 124 405 254 119 238 465 254 358 409 266 316 167 293 459 371 234 192 289 134 258 360 414 476 359 475 431 193 491 402 260 235 291 406 154 498 209 124 279 246 133 290 113 196 487 316 157 331 183 476 374 404 473 390 444 414 294 302 433 354 480 294 250 464 185 321 159 493 411 407 152 288 243 331 222 413 321 144 155 306 257 191 302 260 436 163 313 471 440 321 291 335 268 134 254 285 151 459 216 143 264 195 473 205 329 294 274 279 338 436 429 429 124 252 230 416 312 185 360 131 151 160 390 274 464 325 174 135 372 275 379 113 122 226 347 401 306 352 
346 254 245 341 378 174 234 202 305 241 198 147 457 494 303 297 115 142 492 478 169 365 176 122 330 223 236 400 149 469 394 396 433 266 178 186 149 297 375 235 249 344 150 302 430 129 433 494 178 251 498 294 295 149 222 361 243 349 224 418 407 487 479 108 291 137 344 469 326 278 341 324 462 335 174 472 446 338 280 270 220 403 254 212 252 130 204 494 234 289 225 257 195 488 209 430 496 365 401 321 404 243 320 316 373 350 370 233 240 202 244 233 351 312 389 425 281 319 107 299 332 136 304 109 317 217 257 290 475 293 498 482 325 430 489 274 187 378 136 412 281 172 320 231 166 128 304 443 265 469 
434 200 188 476 155 456 428 449 250 444 397 416 141 442 253 381 184 400 220 388 147 215 440 236 415 183 377 492 300 481 286 252 359 413 360 182 317 261 343 330 446 449 439 169 174 151 150 377 260 295 196 402 469 478 397 185 298 137 465 200 448 169 284 447 409 351 492 147 407 278 202 359 387 386 303 298 486 396 458 383 168 481 254 113 414 173 244 446 364 178 454 311 298 407 194 132 190 495 227 483 418 161 270 264 342 387 152 147 377 106 470 285 134 377 215 314 138 185 286 465 177 277 285 321 246 337 255 492 456 451 289 233 121 363 204 121 147 402 134 333 358 117 271 451 165 203 461 222 281 185 
156 223 441 307 324 118 322 329 153 498 374 248 448 447 362 359 152 310 378 431 250 455 121 476 280 481 431 327 275 306 357 362 104 295 394 304 235 386 497 302 141 145 366 183 307 194 153 133 415 292 383 309 383 211 403 135 286 370 387 273 176 390 381 247 445 490 296 362 395 367 386 395 432 258 477 242 396 123 277 365 362 436 134 325 434 292 395 150 110 451 138 331 419 318 184 370 257 154 211 179 419 474 191 134 281 396 188 385 315 340 445 240 226 280 360 375 388 311 150 341 323 350 167 157 455 226 368 256 333 463 388 419 167 269 411 432 281 200 108 111 326 365 191 277 178 207 166 182 400 464 
384 474 327 181 495 222 155 383 419 286 273 452 364 421 296 262 311 229 474 181 284 204 346 378 224 290 306 139 204 388 406 420 280 460 366 418 280 206 258 194 447 337 492 400 333 438 130 467 262 234 420 370 468 332 284 221 362 485 127 338 270 481 340 157 498 310 309 211 258 327 305 243 441 268 323 233 315 213 326 358 393 212 303 134 493 314 140 164 379 403 121 430 344 246 291 404 437 285 416 244 293 139 153 358 182 469 164 458 177 231 360 398 350 442 365 448 154 113 363 311 144 483 491 314 497 173 306 210 246 448 312 317 158 301 475 151 270 299 390 306 110 448 123 143 279 296 126 426 119 277 
445 199 186 410 370 146 372 444 374 481 488 487 482 251 347 304 344 397 299 132 214 465 459 300 454 397 282 296 278 482 429 455 467 388 214 488 282 186 414 237 343 469 210 326 274 235 225 407 304 380 460 122 216 268 174 288 416 125 317 430 114 366 323 229 141 344 459 390 304 343 120 231 229 327 468 472 395 328 426 273 359 430 335 165 430 299 432 285 198 208 258 275 187 476 494 209 472 384 371 183 121 347 406 391 484 240 456 250 236 251 453 124 338 385 325 494 145 271 362 169 135 339 306 223 419 176 354 218 212 118 139 398 288 439 358 423 372 482 326 458 422 484 430 292 187 356 365 174 443 259 
135 494 159 384 263 376 360 266 166 433 319 135 458 444 405 214 405 349 388 140 116 292 430 459 235 437 470 402 228 138 197 302 336 314 113 323 313 311 339 279 284 482 338 458 242 465 208 201 302 288 242 275 147 259 226 251 279 361 320 103 194 166 175 264 193 349 297 301 216 384 481 331 125 410 480 249 151 129 102 254 224 223 489 191 240 399 105 448 309 318 491 311 198 325 156 325 157 441 310 472 248 236 197 498 396 234 191 188 482 453 201 214 497 420 481 364 135 191 175 425 230 380 114 174 366 355 437 116 394 295 452 312 130 373 429 159 346 385 228 305 222 395 366 421 152 215 457 423 495 475 
448 190 175 475 144 297 495 284 360 413 478 434 468 121 372 454 462 198 456 358 317 448 318 241 199 184 356 291 120 297 484 241 434 242 377 212 261 454 486 391 359 136 152 280 184 265 240 114 158 438 238 194 185 313 178 463 357 152 371 490 397 363 186 367 319 480 222 152 430 465 312 428 263 316 378 192 377 439 325 285 473 139 194 467 154 456 435 407 455 151 285 333 220 361 211 464 410 242 464 343 419 432 489 490 441 241 207 410 285 310 109 266 200 478 140 116 189 129 423 148 465 399 419 112 251 124 488 306 482 201 312 237 166 157 481 296 445 154 167 435 263 489 371 265 438 309 290 375 136 229 
294 145 398 174 338 166 336 179 438 469 448 266 287 121 389 281 407 170 451 294 206 149 135 413 166 364 429 346 148 129 187 301 428 379 300 289 411 210 439 168 298 231 259 470 278 491 409 314 191 477 498 234 130 317 244 166 108 287 332 367 127 243 200 209 155 455 266 201 283 352 141 122 255 119 388 490 239 373 346 128 452 384 125 131 453 364 142 340 373 463 498 298 164 172 370 365 121 166 131 123 412 253 456 375 322 372 300 437 366 115 308 430 417 497 378 110 245 246 492 203 464 248 473 167 445 409 288 228 243 199 318 253 127 265 201 293 442 480 480 211 181 150 278 239 476 348 397 476 240 339 
497 313 299 398 319 480 490 323 494 273 185 318 291 113 164 273 359 264 371 258 267 319 301 374 117 438 378 394 449 147 378 302 372 182 398 409 288 132 336 134 453 379 201 300 376 181 289 464 384 181 299 407 295 420 238 147 487 466 358 156 134 214 258 419 158 429 318 119 412 333 386 254 441 402 141 465 416 231 486 384 158 463 325 470 168 118 404 494 359 325 291 295 407 416 302 269 261 407 171 142 385 409 379 137 498 175 214 451 243 344 142 485 132 333 255 292 169 262 406 373 327 327 382 114 395 169 456 314 189 478 494 466 191 446 488 359 181 132 422 487 117 348 276 158 185 328 356 421 376 488 
286 169 227 282 204 284 416 257 427 232 484 422 120 316 292 414 187 450 426 318 269 207 307 179 186 267 403 161 486 471 173 302 471 417 382 263 460 486 122 398 157 200 118 496 326 177 216 362 267 356 324 171 464 474 439 253 355 491 245 206 119 427 187 270 314 354 425 444 351 121 340 252 341 459 478 251 203 235 157 441 190 160 123 256 451 140 293 419 474 348 138 494 118 219 256 462 455 344 182 490 328 463 164 290 370 388 113 128 469 408 153 180 486 410 283 374 147 141 353 413 476 416 114 305 374 266 157 258 171 216 402 404 155 202 396 217 256 127 166 124 210 457 459 268 487 310 361 370 310 268 
215 411 287 328 327 217 177 459 152 349 202 219 448 481 157 318 468 142 449 180 467 386 218 334 289 309 445 258 288 301 143 259 184 457 310 161 225 271 272 149 221 310 253 472 406 174 340 468 373 131 345 157 330 400 220 489 138 499 424 110 191 283 391 386 175 418 200 197 200 339 274 490 410 293 364 194 449 176 418 216 406 223 253 476 490 294 307 313 220 107 272 141 204 239 305 229 386 138 308 119 273 306 209 240 176 252 228 328 221 157 336 188 114 402 127 314 303 425 457 159 107 220 257 124 387 148 254 493 229 305 405 159 300 180 229 175 208 187 127 471 226 352 298 361 338 131 314 464 215 186 
436 328 203 144 437 456 303 451 370 487 209 328 436 383 279 306 261 492 208 172 287 305 358 398 255 456 313 174 386 260 307 113 133 247 442 214 213 303 385 425 375 307 381 304 247 409 215 484 456 399 330 198 175 491 428 302 472 346 236 110 316 412 374 218 378 396 279 195 189 144 361 137 243 497 222 388 218 226 107 255 174 159 265 308 379 486 263 193 322 109 438 433 345 275 384 293 286 184 455 304 291 217 256 359 418 233 111 471 375 211 312 395 238 288 181 485 341 221 398 171 484 332 281 430 387 394 156 440 126 150 246 498 309 185 211 244 250 352 311 132 461 325 422 236 290 281 261 301 204 248 
456 152 208 327 337 460 128 275 223 168 124 260 136 231 457 191 220 484 292 364 199 256 269 291 290 407 163 263 112 489 179 239 303 179 365 329 422 197 165 137 219 476 441 207 179 192 293 353 446 459 138 471 221 188 281 475 260 291 428 349 297 394 465 408 164 303 158 400 450 426 248 164 469 425 281 433 242 176 190 251 131 226 310 145 289 248 426 150 474 380 322 148 432 102 173 126 126 280 395 225 153 384 338 341 450 322 378 214 113 261 466 370 247 286 124 171 292 203 360 397 417 134 314 369 343 395 310 274 323 264 141 242 269 230 125 189 430 144 343 210 243 369 131 492 246 171 474 345 175 203 
127 184 370 387 357 460 212 152 163 362 183 372 139 441 136 178 246 264 271 113 109 314 420 483 312 414 190 231 487 360 431 431 248 174 145 258 468 238 196 315 360 424 225 359 334 236 437 394 191 147 204 371 209 486 196 367 210 369 275 389 206 499 354 147 342 456 317 217 419 428 227 498 198 346 204 285 145 317 131 386 364 348 385 496 180 280 110 135 173 128 496 309 375 492 344 197 144 376 328 403 445 191 366 208 185 296 450 190 297 337 266 245 388 170 494 492 417 107 295 274 226 247 372 169 311 235 414 268 108 312 431 423 463 171 151 376 166 420 453 422 453 203 269 314 151 244 448 140 202 309 
424 136 227 105 170 365 432 179 332 104 120 494 392 209 186 383 210 198 432 377 371 297 430 262 189 313 338 203 464 146 179 433 327 202 485 133 451 426 252 284 348 157 145 225 259 317 125 313 213 414 355 110 156 280 223 476 223 319 219 104 269 175 253 245 325 255 131 232 496 469 483 170 374 362 268 253 234 444 383 143 156 293 135 378 498 499 237 215 471 156 180 155 159 442 434 318 408 366 298 159 439 232 486 348 333 173 369 246 246 226 279 369 146 455 294 133 419 479 113 129 150 282 399 126 319 188 235 344 475 124 236 404 202 112 375 286 235 152 181 322 145 236 428 265 354 258 436 334 166 192 
266 476 396 116 266 189 196 490 245 233 371 283 379 127 364 108 440 266 278 196 292 420 438 399 154 482 354 394 188 131 275 465 452 488 374 491 373 287 308 319 338 312 195 307 195 402 157 195 452 337 381 429 445 495 334 183 305 187 165 433 192 406 109 224 374 395 236 236 222 345 333 462 232 458 407 335 221 107 368 201 299 405 232 428 206 209 299 342 456 155 403 368 424 251 204 438 344 283 433 207 265 222 270 316 226 176 265 237 171 302 348 431 119 431 306 121 433 224 232 148 450 432 171 246 375 225 108 106 444 376 215 344 218 447 267 383 432 355 286 143 170 438 184 463 401 460 305 305 494 320 
489 171 357 142 344 249 106 209 452 403 382 249 253 154 183 404 156 152 123 284 244 121 247 198 417 264 373 435 366 367 484 399 158 392 377 331 449 108 393 161 461 201 130 386 194 264 432 242 235 365 143 459 118 475 456 129 487 393 337 117 206 295 258 139 156 145 286 112 203 374 278 414 476 487 308 280 138 365 388 456 153 262 185 382 310 268 488 367 454 310 131 110 442 195 370 266 205 433 462 462 386 473 393 273 385 196 365 175 367 441 285 460 459 269 457 171 375 276 245 216 193 356 404 285 174 440 360 254 283 127 278 110 479 463 339 104 349 289 487 223 116 471 484 273 191 289 490 424 140 343 
372 424 191 253 254 341 490 424 147 429 346 192 382 439 433 241 184 329 405 453 236 306 367 364 207 325 416 149 473 208 358 473 210 431 179 375 485 114 238 221 374 171 259 163 488 377 208 372 345 383 337 340 253 471 373 315 385 289 348 369 136 341 176 245 158 280 171 226 287 293 183 424 176 120 106 421 229 207 200 294 198 137 375 219 178 104 242 475 121 231 259 346 472 419 283 337 427 386 155 474 489 215 349 212 372 108 355 427 263 352 429 329 289 330 143 104 124 272 226 416 110 493 420 278 224 194 278 128 177 322 291 383 123 336 334 274 103 407 484 380 233 227 326 139 477 297 261 205 369 480 
251 237 235 240 483 298 226 390 269 462 267 118 410 350 422 306 104 426 354 461 253 237 330 442 444 394 175 132 367 442 227 308 489 422 354 382 261 439 225 436 292 317 250 249 383 176 257 217 324 141 159 497 412 109 248 400 452 472 398 112 391 367 358 362 325 443 446 204 272 208 375 291 446 232 427 345 319 456 453 403 178 294 266 105 209 299 456 245 168 261 113 376 253 407 240 177 120 258 355 368 493 294 281 354 498 273 337 206 284 215 318 420 130 398 105 322 198 256 369 386 324 112 137 253 416 195 483 132 208 457 165 260 324 175 369 462 447 489 118 371 233 258 112 267 236 360 324 478 225 314 
358 198 215 255 385 202 239 362 310 220 216 234 342 453 126 139 165 130 373 477 131 451 185 272 467 134 243 450 148 389 198 388 259 105 426 299 203 105 413 377 345 206 188 261 183 221 359 438 367 273 142 221 495 320 317 236 116 126 418 407 243 424 357 430 144 152 195 167 385 350 478 120 438 385 404 456 362 225 437 464 291 490 396 365 382 339 284 197 178 439 220 198 493 297 396 121 203 458 333 191 469 371 454 250 144 236 389 370 395 450 341 343 232 342 173 146 346 487 312 155 394 253 344 243 262 104 446 447 269 460 436 214 447 332 139 285 304 465 456 422 320 353 111 367 424 121 230 182 390 145 
198 277 481 345 196 337 256 362 290 227 232 179 268 298 160 339 121 233 347 347 145 360 403 440 333 284 220 428 290 191 345 271 476 326 478 348 112 193 223 211 203 213 483 154 320 366 150 136 315 423 250 233 384 391 497 490 112 486 232 225 129 444 208 298 488 285 245 172 445 294 278 308 184 368 175 218 497 491 274 289 359 331 488 422 117 211 386 353 417 362 301 255 110 304 432 464 482 353 270 249 338 124 323 206 224 461 360 386 270 284 225 260 489 235 121 285 463 158 423 306 440 209 385 221 243 497 397 440 175 110 329 444 257 168 302 465 147 215 279 292 417 458 431 256 451 287 168 245 302 111 
163 257 267 232 245 207 298 349 365 136 295 322 377 173 217 335 149 108 488 432 158 192 224 437 438 472 154 123 307 346 170 382 170 444 491 449 291 468 491 176 225 189 270 145 113 285 343 444 489 338 187 356 266 318 355 162 161 249 105 485 417 209 461 148 140 174 198 111 356 115 162 495 315 402 140 367 275 145 211 476 203 190 172 401 382 499 258 434 228 275 374 388 237 301 220 430 133 424 281 475 246 470 247 317 254 394 280 126 280 231 137 179 169 214 410 332 493 132 473 490 129 392 285 257 219 331 124 453 270 306 359 279 218 152 471 415 119 123 457 186 400 354 327 455 386 423 339 395 387 161 
353 487 279 291 401 334 347 234 382 370 376 268 490 147 423 448 194 152 420 166 263 281 295 377 254 367 185 191 211 339 463 124 196 358 103 413 309 347 198 344 479 274 482 240 177 309 241 332 473 452 223 316 277 309 198 274 227 215 470 150 239 248 454 436 358 492 444 245 198 260 376 312 356 348 411 123 367 376 127 234 207 236 310 281 212 323 175 414 229 484 352 211 161 283 256 426 233 286 245 363 348 136 349 219 278 279 272 344 164 439 369 439 414 134 141 358 240 142 123 174 347 298 481 183 434 319 377 179 496 227 223 137 204 370 295 177 164 177 108 380 481 354 132 119 300 159 441 114 377 239 
236 432 495 316 334 443 390 354 102 215 463 155 103 346 364 175 146 110 134 424 477 266 224 376 472 172 186 212 360 467 137 447 347 373 278 349 443 178 126 226 454 239 406 467 454 273 285 194 351 102 234 493 268 395 161 299 432 129 364 499 164 416 392 215 176 200 259 290 342 137 476 248 258 201 412 386 367 156 174 411 463 233 167 208 464 164 292 287 121 203 261 263 389 459 325 469 162 339 140 415 374 437 436 301 395 422 448 383 407 310 411 319 464 192 453 119 283 475 338 457 131 193 148 352 201 291 284 430 141 262 117 332 468 149 139 282 288 325 296 494 369 304 139 109 375 461 496 466 382 335 
275 375 241 330 292 131 497 237 148 307 243 279 251 167 392 428 166 415 218 242 361 258 179 498 206 420 295 146 130 107 183 250 317 461 456 205 475 212 175 452 370 124 201 352 496 310 120 300 433 212 337 304 213 179 125 483 320 199 462 424 474 166 303 411 109 154 317 159 294 246 163 385 490 287 215 408 355 299 163 480 153 456 390 186 282 222 148 365 425 106 496 109 111 109 195 260 388 359 216 153 229 370 436 370 265 171 249 163 482 150 207 184 168 206 236 113 434 149 478 267 438 449 378 486 289 439 125 249 417 196 418 267 134 452 403 425 285 476 280 411 467 257 317 262 147 290 233 363 354 222 
307 149 365 470 284 380 136 138 376 486 289 386 429 232 401 168 498 385 185 132 290 459 355 182 390 481 163 136 430 307 485 455 299 285 308 323 488 183 386 221 359 393 297 305 242 206 422 430 128 337 379 246 397 433 352 186 316 413 135 480 403 233 133 219 173 271 213 129 171 115 496 144 190 416 409 428 249 332 165 145 217 412 384 106 295 268 377 425 448 193 107 347 132 170 360 304 487 201 361 382 167 321 229 461 165 352 122 376 289 403 327 176 491 105 177 225 266 304 151 482 342 106 478 105 226 159 395 254 287 116 441 200 388 166 361 124 446 492 357 208 328 189 357 181 342 318 464 473 484 410 
234 469 361 256 245 454 288 289 418 106 360 315 224 418 167 453 183 308 372 136 224 270 484 446 434 338 140 160 116 281 390 475 115 248 245 272 482 139 138 334 134 108 478 428 481 386 315 499 316 321 242 335 286 421 355 254 197 492 451 321 392 114 311 120 245 273 189 451 441 269 170 282 204 141 175 137 195 407 413 219 445 116 443 331 319 489 348 214 307 388 139 194 396 290 184 351 287 351 397 282 271 354 405 183 397 445 400 183 471 429 173 493 385 469 341 151 109 494 484 349 175 141 225 313 135 453 151 373 216 342 413 251 496 403 308 467 196 355 272 438 418 187 164 403 359 302 155 105 443 285 
367 403 329 256 418 333 482 253 162 196 344 219 159 377 489 370 102 362 233 460 285 388 151 122 254 286 124 171 263 465 390 255 499 427 233 230 287 244 375 358 443 343 270 272 481 453 285 307 181 330 259 460 237 308 429 387 435 360 300 304 449 401 272 189 422 328 159 392 476 355 173 214 320 432 162 339 251 341 125 257 150 125 429 221 184 177 177 245 482 342 235 428 444 402 412 248 423 301 415 318 196 321 472 317 206 196 246 408 314 326 246 166 227 318 167 183 175 146 445 401 481 482 417 278 281 126 232 276 219 445 154 365 148 195 232 495 104 442 248 284 202 235 218 183 450 459 180 243 462 165 
172 332 357 404 130 452 296 158 318 173 203 475 168 277 119 492 199 492 383 381 152 486 138 370 494 126 459 444 448 139 223 331 313 422 478 223 338 176 460 382 211 397 206 282 136 283 164 285 266 453 249 169 305 319 262 272 486 453 454 460 326 135 294 364 236 173 150 451 314 495 300 169 480 442 314 234 471 180 421 108 185 240 321 227 464 215 483 112 324 394 291 154 106 265 498 208 255 279 130 271 343 136 422 458 386 189 403 495 374 363 142 449 168 104 303 445 109 274 205 224 410 383 278 198 151 211 155 200 107 450 312 312 341 215 303 456 263 213 426 312 200 277 192 123 425 156 117 486 279 381 
216 492 164 127 375 354 158 191 441 377 244 238 207 244 286 427 485 344 262 449 290 329 489 467 199 259 310 462 158 179 447 283 318 132 192 278 309 137 328 360 344 104 255 278 407 275 185 103 284 223 330 393 370 270 206 481 232 356 409 169 331 149 267 293 290 272 376 494 377 337 461 417 460 279 290 133 434 124 393 129 444 267 381 364 460 416 155 225 445 112 393 147 328 147 314 134 138 416 113 147 157 236 202 342 285 142 324 289 102 441 171 209 119 331 231 277 300 212 330 250 280 276 335 421 475 111 310 264 392 373 267 293 239 380 211 473 319 386 350 184 487 220 105 347 108 164 346 361 205 418 
422 211 229 328 418 483 121 177 268 112 440 156 120 189 218 442 425 396 163 303 208 349 411 447 156 367 150 321 160 429 348 391 106 107 284 442 483 479 450 178 146 267 136 305 402 231 307 189 254 210 418 379 371 338 199 360 221 335 256 498 461 133 116 365 445 236 221 205 379 333 408 152 333 248 201 320 263 315 348 246 390 121 223 133 252 320 498 118 363 113 181 259 420 497 239 158 224 389 186 263 103 291 369 317 259 301 216 223 264 163 437 355 271 315 319 482 353 320 251 349 354 227 135 144 423 214 115 220 499 318 169 295 260 346 156 176 225 258 472 114 271 488 476 420 396 278 292 493 372 186 
134 313 165 263 433 441 103 248 298 433 324 316 230 364 323 252 127 174 302 412 239 276 332 373 234 254 314 336 346 184 219 160 362 258 398 170 441 110 202 315 315 186 217 471 185 450 258 118 459 420 114 183 440 282 425 280 214 431 149 128 177 283 363 266 146 332 138 481 262 186 412 419 445 360 313 250 487 138 141 127 494 496 243 470 259 458 386 273 331 123 409 394 455 440 430 298 133 251 482 432 319 163 226 325 182 355 172 367 366 167 465 302 198 340 216 203 120 159 284 118 247 394 234 107 465 233 373 134 165 296 392 422 452 193 147 248 206 150 253 406 255 139 291 280 209 368 366 382 250 391 
319 249 222 293 111 238 147 368 302 346 491 278 338 163 384 137 479 242 408 407 451 149 375 373 361 435 471 128 241 144 434 112 265 447 131 394 331 228 450 311 353 419 490 323 227 402 427 108 251 282 371 252 125 190 432 436 104 237 163 200 492 287 240 292 135 438 172 272 412 115 266 322 343 158 491 379 432 251 420 215 489 458 145 231 135 305 175 340 382 407 227 464 214 105 431 132 155 130 359 494 429 164 495 378 412 150 299 448 180 282 336 490 344 269 237 175 360 305 454 362 213 270 487 392 463 474 325 334 472 121 284 285 406 288 278 291 257 261 426 403 135 334 486 209 319 229 429 113 411 274 
200 374 489 366 424 212 308 189 176 206 436 395 218 375 174 316 380 389 365 194 343 335 116 413 295 173 246 149 442 270 176 201 185 185 163 126 361 292 367 204 481 451 404 484 458 143 181 229 226 305 254 274 224 459 254 271 472 427 461 257 213 299 221 277 124 328 455 271 164 442 299 271 177 451 292 258 132 186 463 338 346 263 131 371 251 362 394 340 169 318 380 158 438 415 442 136 140 436 396 124 222 197 254 219 244 424 190 268 399 373 124 479 233 406 497 422 452 313 295 270 208 495 368 465 324 223 190 288 255 223 381 238 122 132 190 492 235 272 225 136 142 108 378 259 332 429 188 201 111 478 
243 376 391 385 338 406 222 213 390 298 442 214 198 237 245 497 339 461 270 341 103 423 450 242 138 309 461 471 315 124 121 464 471 288 129 439 317 242 402 374 241 414 319 198 303 297 274 240 493 445 149 492 118 462 230 139 293 369 210 226 358 462 158 443 198 189 305 171 262 239 343 156 290 454 265 314 381 251 455 260 137 293 262 443 340 113 467 177 235 236 340 249 365 336 423 179 346 153 256 475 464 280 345 284 167 463 415 413 178 455 481 413 249 122 257 143 402 243 486 470 242 421 161 130 382 420 345 140 481 429 433 275 493 267 250 261 144 172 151 168 361 470 440 439 434 259 375 318 365 331 
172 177 385 406 176 351 368 173 210 469 276 170 473 409 277 428 448 142 291 270 210 394 419 345 235 271 116 445 443 371 213 429 235 341 463 335 179 427 166 160 197 360 342 183 224 137 198 268 353 205 432 264 236 342 169 450 208 173 271 286 248 369 262 436 120 305 321 144 231 263 402 265 360 244 383 474 259 317 260 249 213 365 256 388 237 222 305 160 328 190 147 204 351 267 292 492 333 386 410 470 211 436 241 277 282 459 380 151 335 144 342 471 238 138 481 450 130 255 274 250 430 218 248 489 131 104 166 344 198 413 149 480 412 429 145 218 153 248 337 273 163 375 349 235 340 341 107 435 399 420 
417 302 430 269 369 471 240 428 402 234 176 477 322 265 412 481 255 425 333 469 495 179 498 186 187 332 239 462 491 389 239 242 443 240 244 461 211 114 340 455 415 204 139 490 289 441 147 358 147 147 196 488 107 281 271 291 249 380 329 224 399 481 432 133 491 135 406 393 220 105 232 349 437 254 335 153 124 186 481 483 206 244 395 351 357 311 243 482 475 276 390 287 477 393 395 124 285 165 375 153 375 186 244 235 107 117 337 181 325 216 333 284 265 297 251 369 398 152 413 398 109 215 186 457 486 310 484 402 339 231 365 307 107 397 165 435 476 236 332 487 421 186 195 495 125 279 479 400 184 327 
322 497 240 112 176 135 330 409 291 217 396 152 133 394 457 286 415 393 198 106 192 197 325 309 330 337 471 207 423 371 135 380 371 353 282 241 366 321 335 376 134 254 269 149 497 104 431 227 159 472 334 158 313 482 212 284 453 459 228 293 158 460 386 420 131 214 290 178 386 173 175 470 341 350 393 400 352 134 318 111 178 486 239 282 231 109 389 338 426 470 473 295 284 321 237 171 349 365 268 140 399 365 437 436 437 408 418 222 347 184 278 195 413 147 494 197 490 195 370 479 394 221 181 270 304 109 356 253 345 414 456 182 404 129 448 129 409 302 435 335 426 147 114 159 187 345 471 300 423 480 
206 142 263 432 429 434 482 364 300 105 310 416 130 464 157 442 387 106 426 208 484 364 396 103 468 462 182 482 489 305 282 448 475 267 241 374 109 248 105 230 123 198 142 154 430 456 161 325 415 436 198 395 419 424 382 394 218 226 372 157 402 420 310 405 428 332 432 192 112 281 206 469 447 238 446 106 272 175 187 439 477 315 386 419 304 223 403 325 388 453 362 278 329 256 176 276 139 476 399 209 175 433 218 398 392 456 267 248 498 468 262 331 348 304 380 117 311 121 342 313 326 442 196 137 463 169 354 237 136 393 177 203 420 434 422 374 285 323 148 388 143 400 397 137 487 449 298 246 288 476 
111 343 174 356 237 292 186 383 359 471 103 148 197 126 159 461 257 292 161 299 245 460 365 396 418 473 466 109 358 376 283 171 376 348 341 351 304 287 265 323 244 192 129 163 427 473 497 291 151 203 151 349 311 367 312 224 140 298 199 163 193 368 334 324 360 258 123 484 203 492 474 358 105 184 146 211 313 322 410 425 295 478 131 377 404 232 369 224 450 424 323 492 461 285 279 260 274 473 404 322 254 187 208 447 136 237 337 422 195 423 133 394 397 462 268 343 113 366 113 272 197 314 301 300 474 350 276 480 465 422 106 399 259 425 458 386 469 427 146 347 447 314 222 384 239 336 115 206 104 475 
291 135 246 333 286 495 422 285 479 449 178 461 373 319 441 422 112 228 229 352 197 228 189 349 119 115 119 323 461 450 299 439 404 175 360 174 260 247 416 392 498 124 349 326 160 389 176 282 119 270 280 167 426 318 349 257 113 120 458 413 254 345 486 270 133 151 493 478 407 484 138 439 449 446 364 308 471 410 476 152 126 374 388 201 411 272 214 462 324 373 163 342 278 392 260 299 363 268 278 177 481 127 103 179 376 304 258 381 103 192 229 336 447 266 450 499 217 493 210 435 288 469 217 215 137 156 163 330 386 454 245 446 310 392 236 451 227 452 246 382 485 459 387 116 127 259 312 157 128 340 
394 126 494 246 340 430 469 331 437 258 436 270 384 258 186 417 268 183 372 212 446 335 103 194 342 433 104 155 108 181 269 149 485 401 290 194 212 211 274 252 417 402 343 490 478 357 474 278 472 335 233 365 339 240 435 185 461 222 457 392 264 377 387 249 115 279 130 207 220 458 409 447 330 443 320 351 400 410 444 166 413 408 168 368 412 295 245 239 427 268 290 430 140 232 168 411 446 294 176 278 241 381 296 359 378 490 367 494 356 211 333 132 241 231 305 211 447 200 414 318 326 294 131 380 349 177 356 337 390 207 273 380 190 114 402 360 416 494 469 398 431 216 345 363 498 228 312 301 437 458 
238 456 423 479 353 469 293 431 266 165 196 447 298 419 389 440 125 382 318 440 228 312 126 180 474 490 406 142 332 334 474 104 107 415 102 162 138 352 212 223 437 205 117 150 488 279 396 121 387 426 458 277 197 208 245 263 183 321 348 374 299 147 231 497 303 297 124 288 391 494 269 262 270 329 196 270 499 145 317 347 383 116 400 472 174 148 377 348 152 391 386 489 150 483 323 478 479 151 451 184 182 467 393 253 148 248 223 481 365 290 289 163 275 186 421 350 422 154 294 355 408 270 395 455 107 386 304 474 234 290 431 438 280 262 460 488 480 220 416 255 342 293 491 221 341 132 498 272 452 383 
149 421 257 455 149 220 125 110 147 212 357 416 386 155 222 317 308 268 473 207 172 480 450 478 257 112 379 418 386 385 133 210 106 178 202 172 273 147 338 326 467 440 427 181 316 471 159 484 446 151 378 332 239 298 417 178 184 427 133 164 288 229 318 141 228 198 472 239 231 126 273 423 414 180 441 253 306 117 118 459 216 344 205 481 240 275 494 105 219 283 406 340 180 315 322 349 370 129 414 398 161 321 298 439 422 491 350 266 398 381 173 380 295 444 321 195 209 275 200 434 236 317 107 126 248 426 374 339 243 132 331 172 274 433 182 261 329 256 235 319 115 337 360 472 133 206 424 209 218 439 
192 120 252 191 137 172 431 446 399 259 106 139 327 274 408 249 498 151 125 159 135 121 361 285 351 139 226 189 430 275 138 135 410 260 451 188 429 479 178 278 362 485 386 189 131 321 227 352 424 228 343 283 482 284 461 241 402 464 334 106 225 461 413 280 320 341 354 485 477 378 423 164 240 239 258 366 489 177 394 164 234 375 423 431 206 107 412 367 180 458 105 473 439 476 301 142 359 262 488 169 146 391 298 447 302 241 254 159 334 417 376 121 124 467 153 148 425 337 425 343 186 298 447 381 319 119 368 121 265 221 216 158 230 129 161 379 128 198 223 262 187 139 153 374 136 187 115 431 332 339 
455 374 133 425 149 432 421 266 353 189 246 172 172 355 478 388 172 404 227 112 422 168 463 412 302 135 325 178 341 262 235 303 460 393 349 378 341 325 160 174 231 456 201 164 268 254 410 275 268 482 418 427 260 122 468 134 141 341 138 417 171 398 127 474 361 462 410 169 385 497 484 469 223 223 319 243 131 234 418 388 498 218 453 336 300 462 451 376 407 240 353 400 127 314 310 238 218 414 143 355 409 273 287 211 238 407 491 125 265 191 404 305 340 309 305 498 173 397 217 163 486 222 124 438 112 419 219 292 483 409 331 378 486 358 288 343 311 290 200 143 453 470 444 334 230 209 440 481 420 253 
247 157 211 458 236 328 401 433 368 332 456 113 249 154 377 359 466 126 467 138 331 129 319 498 204 493 185 152 281 448 476 288 391 347 198 348 432 170 420 297 397 286 207 278 102 167 409 106 109 127 180 471 146 403 201 168 308 122 356 153 264 350 249 411 455 316 132 339 176 442 144 418 427 121 420 380 313 104 431 482 376 286 471 103 305 386 171 169 172 196 402 381 105 199 263 159 285 477 254 330 325 179 377 380 258 471 385 400 124 188 262 479 164 328 498 281 492 452 334 426 252 370 227 109 391 168 365 436 349 394 361 194 380 172 133 351 135 451 113 272 268 318 209 343 327 462 220 108 256 265 
423 409 459 343 365 124 297 401 206 205 248 358 263 286 438 118 131 114 160 151 346 145 446 415 152 296 424 243 234 363 368 192 272 368 285 380 303 180 291 336 135 109 255 272 345 251 166 344 254 156 130 350 365 435 107 304 442 201 254 249 320 166 264 439 228 410 342 384 447 266 391 400 167 353 145 234 422 214 238 383 147 484 432 331 174 204 422 336 205 341 408 419 450 230 229 151 402 172 255 476 148 377 132 261 211 402 177 219 415 286 398 244 331 495 401 370 460 488 239 346 110 285 296 471 497 152 255 399 160 345 448 414 151 454 284 164 491 310 442 220 226 444 203 483 382 242 433 461 280 288 
296 474 289 141 187 428 400 193 336 316 314 462 248 479 184 279 368 385 403 229 304 223 450 152 321 383 260 125 174 142 439 181 409 243 251 412 382 273 378 408 418 270 409 310 280 227 418 261 394 318 371 303 239 407 473 335 398 245 268 327 225 386 394 493 457 323 360 483 263 326 155 218 197 278 461 195 274 319 325 257 264 186 287 257 306 274 492 468 374 226 475 124 449 354 432 497 264 459 341 413 401 350 168 376 138 168 340 404 165 152 382 184 437 353 332 386 468 455 152 206 194 148 454 291 490 437 367 444 426 145 210 190 229 126 492 240 312 230 377 110 103 418 370 373 372 287 159 201 272 135 
499 296 332 265 357 440 395 105 368 106 408 245 146 292 104 356 499 385 263 281 342 260 350 460 227 398 150 432 189 458 156 472 235 357 418 117 492 113 113 141 403 152 306 251 381 319 338 374 171 133 406 164 364 119 117 273 125 190 374 336 461 235 477 246 150 164 236 398 282 381 363 489 255 274 274 494 209 463 212 261 390 197 404 334 337 292 264 278 477 394 399 358 327 269 327 349 380 140 335 410 210 383 400 433 396 262 254 429 124 286 475 294 478 123 286 320 135 198 114 472 433 207 148 268 436 303 453 320 174 389 365 413 270 200 492 216 165 323 458 428 353 244 311 292 365 304 182 409 247 389 
371 157 139 220 151 458 351 275 379 434 118 195 175 283 491 392 344 252 122 173 103 346 225 151 204 223 170 176 498 325 110 344 494 177 320 362 246 180 456 425 332 142 467 224 279 460 155 104 133 297 122 438 212 204 131 354 268 295 195 245 229 424 453 257 358 323 310 436 353 176 263 475 299 474 388 254 431 317 130 179 363 186 203 148 381 247 139 295 226 152 352 320 364 455 128 420 442 397 429 109 123 333 325 108 464 392 250 211 117 245 348 403 186 230 126 376 275 425 338 227 218 423 331 153 457 425 400 385 417 323 451 111 358 283 398 403 337 212 219 282 172 449 367 159 391 235 349 360 127 167 
364 292 350 218 342 209 454 432 405 310 355 165 266 303 231 377 123 344 227 184 299 278 163 416 168 200 174 460 394 104 220 340 419 454 203 429 198 289 254 117 283 237 490 300 271 250 125 420 347 281 303 434 405 145 319 163 427 482 314 377 161 237 177 256 212 401 153 128 344 111 452 213 209 186 224 447 106 177 162 497 189 215 165 357 367 431 322 320 422 133 455 329 189 154 471 413 491 273 246 466 273 381 344 474 416 199 428 411 450 204 221 253 303 459 410 458 284 262 331 420 199 129 150 194 294 339 124 243 441 152 263 281 113 438 329 253 367 223 431 171 336 478 270 338 341 177 464 307 282 236 
269 400 185 452 214 201 463 232 131 267 348 482 462 221 272 421 115 375 245 278 436 137 174 195 259 369 139 454 187 453 214 386 312 193 241 441 312 479 369 169 300 216 267 389 459 305 477 357 425 469 410 103 449 499 485 227 404 355 381 253 249 258 157 413 337 350 352 207 496 163 483 272 200 480 452 326 444 346 192 466 354 122 119 295 349 460 336 103 386 240 359 111 422 254 295 211 313 455 440 488 201 469 338 134 105 166 483 359 357 432 412 213 149 214 173 320 328 393 116 463 124 199 454 130 216 367 248 309 420 472 482 363 491 267 449 170 349 382 136 397 427 472 206 142 423 128 379 199 479 148 
301 364 479 102 485 181 288 294 399 477 131 380 290 279 247 385 361 201 426 421 236 432 378 106 476 290 144 439 487 169 478 317 207 236 499 467 204 453 463 368 496 140 306 228 362 128 254 151 191 234 344 126 407 284 321 103 476 432 316 402 355 294 419 225 264 377 225 402 349 339 385 409 286 409 382 286 300 315 260 421 256 382 161 455 365 421 419 444 438 137 258 136 412 102 244 230 238 418 161 284 446 201 139 222 327 302 205 247 363 193 455 435 290 287 466 400 449 297 166 456 204 347 154 474 443 453 182 225 358 473 405 377 219 248 177 191 199 362 157 283 208 272 198 456 146 132 345 172 106 217 
166 139 464 475 443 423 135 468 201 169 271 172 264 264 477 276 424 343 395 378 200 174 444 403 468 159 269 488 418 157 127 435 129 414 206 190 207 304 230 213 152 448 464 417 294 350 331 293 267 437 111 463 370 166 201 210 245 471 244 436 357 448 191 310 348 271 184 183 396 227 273 412 308 400 451 218 163 111 370 231 232 153 410 128 340 314 312 380 212 114 201 422 444 418 492 141 181 214 385 142 270 308 198 293 468 142 418 197 195 410 386 407 120 109 231 186 292 236 209 399 443 387 354 356 343 299 319 447 410 307 459 434 372 112 493 162 302 198 455 309 283 278 385 219 184 136 329 334 412 217 
428 211 479 186 135 491 326 372 326 354 262 153 291 184 368 302 420 482 436 289 377 107 208 363 206 143 202 369 298 427 462 460 138 389 249 372 363 118 400 146 185 129 129 434 239 497 475 458 143 116 254 375 111 490 258 238 208 182 443 183 270 315 236 299 200 325 300 428 367 264 119 373 344 182 254 199 146 124 315 430 426 114 357 314 175 387 299 378 342 373 340 458 333 284 465 161 318 215 284 216 231 265 134 143 293 159 175 179 350 121 261 348 357 451 479 458 325 210 372 247 273 208 410 467 136 306 430 343 139 202 116 126 129 350 492 388 251 239 479 481 301 488 325 184 312 204 344 369 170 382 
232 255 266 247 157 365 417 102 113 347 105 426 290 271 381 419 249 269 470 167 176 210 366 462 183 298 364 405 131 229 455 477 457 256 232 472 240 436 231 498 216 450 217 275 338 426 116 240 415 268 287 357 318 320 163 266 289 324 375 277 465 238 382 466 421 350 350 169 238 476 388 155 397 334 189 184 462 279 237 307 313 411 256 211 416 392 497 127 437 342 497 279 482 261 485 117 166 139 377 272 412 314 490 297 250 439 429 219 333 342 358 309 270 466 487 428 143 175 497 184 310 111 237 260 446 397 254 365 161 373 447 228 463 159 305 166 477 223 133 132 430 187 258 365 482 483 400 102 465 277 
223 161 196 367 146 113 247 466 317 430 440 424 439 144 175 269 422 419 405 299 474 354 316 248 107 341 223 140 360 207 253 171 471 462 394 433 352 391 381 377 393 112 254 183 243 247 301 356 205 117 415 429 413 461 111 195 367 196 343 390 299 130 493 242 491 444 140 181 332 198 380 161 119 226 143 446 417 286 273 136 139 220 243 204 326 126 361 158 127 127 332 266 244 105 211 243 182 406 463 283 153 266 310 124 135 380 411 453 342 301 342 432 174 347 238 253 343 188 168 381 219 341 107 152 201 366 218 263 322 114 414 442 304 180 440 377 426 162 113 148 271 147 273 337 290 309 413 148 455 270 
284 222 388 416 468 224 367 449 312 179 239 349 494 309 207 145 246 447 167 400 374 173 333 429 228 136 161 459 472 341 464 303 115 471 467 109 480 145 393 357 387 240 195 215 346 462 457 363 426 367 224 113 282 113 451 256 349 275 246 203 191 117 230 223 448 338 152 202 175 368 212 293 178 118 395 141 132 464 319 480 141 453 334 433 469 231 112 276 360 200 352 109 298 255 498 253 204 199 446 225 383 407 421 288 442 198 405 235 314 207 397 141 395 357 217 122 192 245 238 437 424 110 402 129 445 273 284 212 367 260 386 368 238 211 396 243 404 152 346 400 221 412 236 167 420 295 220 174 391 492 
375 167 332 343 410 131 431 232 319 325 425 141 281 466 283 306 348 138 293 445 352 379 158 157 467 318 395 488 430 274 490 173 450 348 476 446 369 198 361 356 321 408 127 411 346 173 308 411 169 496 245 316 385 114 184 404 185 372 161 488 209 161 375 242 158 472 298 433 164 494 286 257 227 483 414 123 251 454 219 387 278 354 250 211 440 371 120 265 231 499 488 154 252 454 197 252 370 176 258 328 255 139 397 238 107 111 285 247 412 324 394 442 471 136 186 431 430 262 250 176 325 352 209 269 126 427 273 124 150 403 491 111 284 321 163 412 136 492 120 180 410 369 476 108 376 148 472 472 453 339 
338 108 137 477 462 129 122 499 198 324 387 322 264 345 450 239 499 374 168 495 389 268 227 303 364 490 134 213 494 104 404 236 267 354 270 417 339 327 298 493 228 109 217 276 144 224 168 179 495 157 136 389 493 178 402 478 252 116 409 305 443 231 282 499 352 355 345 111 226 169 414 245 171 494 152 420 167 344 107 192 229 104 369 163 259 357 408 159 339 327 310 197 107 152 107 347 489 445 405 296 393 394 383 232 352 107 280 319 243 136 116 103 376 393 383 456 444 333 109 445 434 138 146 138 234 485 134 275 467 235 389 396 199 320 315 421 330 376 435 168 413 493 413 384 182 354 139 184 190 371 
160 404 427 460 489 373 465 333 494 154 156 224 356 405 311 334 150 410 273 268 385 405 297 333 298 241 250 251 350 161 351 166 114 264 140 475 302 478 272 135 177 479 183 326 429 388 247 139 420 381 318 372 430 438 124 397 496 186 407 158 406 314 356 434 496 477 338 178 356 370 390 156 153 159 378 169 238 177 243 199 209 168 208 365 150 184 431 126 387 390 322 277 381 428 310 433 225 186 222 345 391 152 102 221 170 188 332 124 309 440 293 161 365 253 441 262 376 394 319 246 141 372 372 148 206 109 279 340 225 128 422 465 308 423 152 277 368 369 448 152 315 196 137 279 452 360 300 405 159 283 
413 192 211 296 188 179 372 404 289 268 443 124 434 157 487 440 238 447 368 343 233 423 499 434 414 220 495 354 371 454 159 202 425 209 367 418 469 471 465 208 274 143 233 169 121 221 370 479 171 268 226 492 261 206 458 185 109 436 157 185 491 373 382 216 474 162 385 362 352 438 229 217 232 470 236 183 136 465 492 169 483 120 214 152 182 354 132 399 375 279 160 300 147 127 467 485 447 213 410 380 352 169 460 260 252 452 402 267 212 374 159 199 424 116 374 146 413 205 449 264 330 132 160 426 352 429 417 133 252 434 123 259 286 462 384 469 304 419 167 337 203 465 352 373 275 214 468 197 430 191 
138 326 160 200 440 382 393 302 460 265 458 295 294 277 445 329 479 491 351 391 380 182 121 264 487 123 350 170 273 162 216 179 424 148 420 220 348 423 473 188 370 333 140 235 167 465 375 239 315 268 478 420 165 264 135 344 382 288 343 251 396 144 274 292 392 363 120 156 251 285 237 416 278 361 158 329 393 390 109 154 120 387 269 440 234 335 399 482 170 150 172 410 247 480 233 329 141 150 179 168 196 147 172 251 104 239 258 408 182 131 111 495 463 467 442 224 420 139 317 125 355 449 262 401 210 249 134 272 485 495 404 247 435 236 190 259 158 265 331 269 321 441 257 478 479 390 366 313 445 389 
139 491 325 311 117 304 316 355 168 471 355 167 493 373 175 208 386 104 414 295 263 118 355 264 150 129 243 424 143 211 182 357 131 302 389 126 434 197 245 371 132 495 487 294 429 230 102 455 397 449 334 434 342 162 404 161 287 310 450 451 245 402 466 381 481 188 310 138 274 113 483 326 426 459 276 142 427 181 446 349 249 449 227 307 440 309 322 257 217 345 365 358 207 138 118 265 370 388 328 391 391 219 271 440 113 265 180 426 390 147 283 413 290 404 302 478 212 390 442 462 293 372 176 487 106 315 468 286 129 106 208 470 270 125 131 217 440 237 425 465 393 332 401 306 468 246 190 345 480 356 
289 487 144 476 318 109 305 498 155 180 282 120 121 313 185 109 162 347 355 203 467 116 393 393 117 152 116 177 127 367 437 139 102 131 392 182 190 345 218 254 173 294 428 340 449 439 487 167 330 472 447 174 210 207 307 123 238 147 125 231 288 417 312 154 319 134 136 278 347 231 404 364 324 436 353 153 174 407 134 131 191 111 219 494 160 488 359 485 196 382 181 358 158 124 423 167 342 495 360 480 122 450 322 476 373 314 109 426 155 255 453 108 222 140 343 263 423 474 256 226 140 275 443 378 356 472 175 130 427 306 312 302 488 447 485 145 307 227 407 141 344 389 368 411 397 233 468 177 462 274 
264 352 219 114 278 280 359 371 491 464 462 227 382 490 252 472 484 396 494 285 388 484 152 185 295 208 323 432 341 225 467 353 168 267 124 436 463 234 360 269 348 445 282 237 180 446 471 305 212 277 437 327 144 454 179 199 286 289 122 449 375 396 481 374 425 494 472 190 338 276 271 109 464 478 344 449 315 423 464 445 132 254 104 150 127 269 371 399 189 433 293 238 371 229 185 208 211 413 456 358 254 200 434 493 125 419 140 183 378 431 265 315 136 132 178 394 455 193 366 409 301 382 370 251 327 344 470 348 363 457 467 416 463 388 132 144 456 433 102 318 104 462 110 442 240 410 134 428 364 361 
220 347 160 146 171 317 363 472 412 328 318 342 474 184 366 262 285 430 478 217 367 129 293 457 495 368 168 339 179 240 183 200 367 213 382 252 330 231 251 257 279 490 364 260 486 210 486 383 390 260 153 264 411 316 109 491 355 382 355 302 412 258 409 461 228 370 330 468 294 222 366 194 235 398 460 174 206 499 111 261 384 210 106 435 391 355 273 206 145 295 349 131 210 396 315 428 415 139 396 110 126 252 364 154 310 361 440 490 130 210 434 303 409 252 379 184 229 487 390 475 209 199 397 201 473 467 408 261 162 295 431 128 203 376 196 305 411 194 371 205 215 219 134 232 234 223 406 164 233 221 
130 283 302 207 227 183 158 261 179 454 104 278 231 364 381 376 158 434 397 406 237 105 308 429 176 221 481 156 279 375 426 296 414 327 234 234 105 164 209 315 128 327 433 440 390 254 480 327 378 179 312 197 275 237 448 115 367 432 185 463 399 243 419 167 344 446 233 255 326 444 164 476 332 370 264 360 247 455 493 189 314 298 240 476 157 319 330 102 305 330 213 363 257 452 114 175 376 263 311 351 390 251 103 344 148 302 228 432 265 198 305 114 314 315 409 387 249 240 371 378 447 428 405 475 247 489 155 472 422 124 151 126 238 121 139 167 102 389 476 331 222 229 269 313 216 291 329 430 233 417 
142 201 423 498 173 473 481 225 110 236 432 313 499 198 471 212 279 266 468 368 234 414 217 434 143 181 125 171 169 410 253 270 247 161 221 164 224 177 360 366 214 440 219 247 194 122 182 186 248 371 325 230 458 236 415 373 161 148 207 327 210 159 296 213 229 373 240 466 422 393 164 154 495 107 229 136 206 245 235 241 186 371 475 284 224 278 325 116 375 284 245 127 317 223 472 122 244 106 250 230 446 148 146 282 219 250 486 222 190 389 423 124 295 105 375 363 378 342 125 417 111 124 212 283 490 419 451 463 407 209 106 186 105 131 411 232 222 177 464 194 229 126 171 192 427 124 389 463 216 287 
341 155 194 369 452 126 102 228 462 316 328 331 488 192 240 463 353 167 313 363 190 294 470 440 247 230 146 428 306 263 352 207 426 381 387 118 342 323 163 377 335 404 325 276 389 312 398 246 348 422 237 123 474 430 456 444 141 281 487 369 225 181 193 223 287 351 171 250 295 300 464 371 240 412 218 322 446 163 307 345 182 132 335 136 345 452 245 443 129 338 284 267 455 308 168 238 445 353 174 213 253 443 303 413 387 307 347 212 390 491 426 244 200 176 347 117 171 140 189 151 287 453 468 486 133 330 432 425 119 457 430 203 197 466 346 364 234 312 417 196 312 184 198 360 464 378 183 193 145 403 
294 300 129 367 331 419 371 262 298 137 442 414 414 161 483 449 125 251 181 369 401 275 363 354 247 455 493 213 375 286 410 319 325 257 160 209 424 212 446 439 432 388 296 431 263 334 424 316 120 199 186 434 464 355 172 260 425 135 233 380 365 124 408 434 429 320 136 215 235 353 329 294 365 266 393 285 327 263 386 259 262 158 138 368 289 252 214 232 248 153 311 311 298 160 388 309 285 252 271 249 253 340 110 349 185 363 480 462 487 292 231 444 424 119 289 208 177 286 274 112 294 454 225 113 103 177 366 317 409 176 114 164 107 410 228 311 406 225 106 318 152 139 412 382 113 112 127 332 400 225 
408 370 421 271 351 430 343 457 333 372 172 140 316 288 132 243 401 443 448 310 166 279 354 228 387 230 198 414 354 224 314 176 226 318 151 484 219 165 388 113 316 357 459 145 498 152 218 341 108 362 404 478 264 473 295 128 297 341 161 185 155 407 312 176 472 458 216 138 488 327 176 429 311 481 308 448 250 423 318 488 478 197 201 197 258 488 289 355 438 247 195 215 213 369 260 119 389 108 227 198 487 204 353 350 337 499 244 304 200 115 281 126 212 481 118 282 280 421 198 254 294 483 378 210 479 378 286 294 313 417 438 149 403 453 185 410 349 475 264 371 398 420 351 442 237 168 497 267 310 438 
164 148 403 369 248 122 172 157 166 216 457 395 434 136 114 387 381 441 154 237 127 328 154 278 145 141 149 415 231 294 368 327 129 287 367 249 282 169 343 256 151 273 364 203 245 102 332 278 331 117 282 169 317 250 437 313 337 435 442 446 268 331 184 211 159 422 183 180 301 398 256 140 325 170 481 455 450 432 182 364 440 421 129 375 233 165 378 212 477 209 402 164 311 477 157 228 456 378 104 263 493 210 323 304 456 421 232 402 485 430 363 452 210 368 130 257 334 456 282 291 116 495 220 220 208 255 295 305 167 440 149 138 461 493 387 368 345 400 314 495 137 172 432 371 264 328 367 198 211 226 
447 375 163 144 337 432 275 225 235 278 115 386 239 466 105 188 260 350 114 209 340 158 487 363 160 187 477 146 104 444 285 244 146 445 222 426 239 148 275 204 366 186 288 461 194 295 165 250 424 466 207 159 424 218 137 240 263 298 440 268 362 309 195 306 118 145 327 228 498 389 433 387 425 475 486 422 265 360 410 458 266 352 263 475 391 384 133 317 425 272 474 200 224 137 493 393 386 131 435 229 452 413 390 423 106 322 133 317 403 421 496 122 220 118 375 161 303 452 402 233 315 395 244 246 125 378 154 332 156 488 161 415 479 246 188 155 464 278 339 221 491 225 207 369 205 117 496 348 431 317 
179 459 369 387 127 123 206 489 339 132 105 105 476 211 267 214 432 419 201 228 462 480 419 269 424 141 213 149 173 232 142 202 350 320 436 477 224 316 477 278 326 145 450 297 225 165 286 432 177 475 249 195 215 432 174 136 242 429 340 117 203 451 249 306 193 246 462 354 352 185 419 420 443 176 328 348 429 177 378 224 402 219 242 459 145 324 453 168 325 256 436 283 370 102 391 422 157 266 468 180 290 498 403 337 469 399 232 350 269 184 426 281 248 108 468 287 461 304 107 364 406 477 171 302 207 482 123 397 135 365 496 170 463 374 346 282 388 316 310 187 464 339 385 105 230 160 133 191 303 420 
133 303 209 459 475 251 331 159 132 133 107 303 160 405 211 137 257 402 336 423 381 340 456 368 315 481 313 221 419 395 404 426 458 217 389 218 466 337 154 439 442 326 154 159 154 491 278 125 192 183 472 427 427 272 115 372 184 326 456 485 278 229 172 383 141 324 405 430 383 113 168 458 397 230 221 131 353 394 436 363 328 104 200 384 427 310 268 180 447 492 340 251 392 488 280 274 463 479 440 335 133 251 403 170 319 443 362 268 337 122 203 494 405 336 217 435 402 405 216 279 468 402 327 453 462 167 241 103 262 473 298 397 454 351 215 424 331 332 240 424 387 225 379 453 152 482 132 319 106 464 
446 179 228 298 477 107 112 415 173 310 179 246 172 378 333 250 467 154 273 321 245 218 321 437 317 311 298 486 493 357 205 240 252 325 133 147 463 232 498 172 370 425 404 267 372 304 228 371 357 119 415 342 389 277 479 328 178 494 488 215 227 161 210 411 205 274 312 205 175 320 347 157 286 447 348 389 471 158 468 249 294 400 294 433 163 486 347 284 282 189 106 495 389 482 405 189 370 185 226 494 462 449 314 207 212 227 253 126 235 161 216 184 269 443 370 268 163 178 250 157 204 168 349 104 431 313 303 239 247 103 230 495 476 128 442 238 275 173 130 163 398 204 375 179 349 168 298 446 243 420 
165 274 400 277 377 221 293 400 105 171 269 212 337 239 201 469 440 254 223 487 314 167 365 491 290 154 108 130 137 341 170 150 306 258 274 255 220 392 193 367 148 125 250 333 308 373 216 271 476 475 410 485 281 472 227 405 452 486 307 413 379 193 155 349 479 174 262 450 122 204 273 296 145 359 128 307 188 314 415 137 492 266 234 133 202 371 423 303 492 206 459 197 317 431 158 154 314 391 157 394 249 392 216 281 393 115 265 177 392 355 111 222 252 220 168 346 334 458 312 351 214 108 226 340 227 228 264 249 287 105 220 192 352 316 423 384 235 466 433 208 406 215 475 152 373 468 359 331 188 295 
425 281 447 115 162 246 395 106 291 151 409 458 339 136 345 278 459 230 422 157 372 194 321 193 272 317 161 355 296 146 374 188 331 148 114 194 366 207 269 181 342 340 449 141 239 310 323 186 342 479 485 339 395 355 286 404 279 295 499 399 484 171 436 277 158 213 123 366 166 337 336 197 333 390 322 465 222 281 267 108 391 160 251 271 232 366 185 135 131 233 191 226 437 452 252 337 150 193 229 202 484 339 181 111 138 203 263 304 286 176 397 411 293 332 389 285 126 465 234 399 336 452 175 448 268 268 333 462 484 376 498 467 431 119 105 296 485 185 322 416 470 215 232 464 481 317 305 340 481 149 
318 171 132 337 131 391 494 292 207 390 281 312 385 222 382 195 482 149 423 285 181 119 270 365 383 119 113 121 256 410 370 463 295 270 151 476 282 241 376 331 360 216 456 238 451 390 311 456 429 137 295 474 413 438 219 151 163 218 117 224 435 111 489 195 111 225 134 170 157 181 229 443 267 280 299 218 441 244 337 271 165 343 418 134 211 321 152 372 348 460 404 302 218 263 366 482 254 369 380 403 226 402 322 345 367 225 263 388 202 155 336 182 283 278 336 256 284 342 224 412 263 472 375 382 498 488 297 289 137 326 174 183 440 447 143 347 120 494 412 237 145 169 246 436 286 498 129 217 134 371 
189 172 256 494 492 348 281 196 173 244 422 456 476 329 134 143 359 413 401 351 345 424 351 160 362 335 461 279 130 204 310 484 284 348 285 106 183 264 147 246 347 287 186 398 245 379 484 443 266 168 338 109 366 233 285 212 366 262 368 288 291 308 397 298 140 256 305 495 136 122 270 191 264 487 172 184 479 289 148 193 207 377 335 291 420 264 106 497 202 332 403 364 215 322 333 278 120 372 499 183 296 170 191 474 455 311 139 209 422 238 437 381 347 295 102 254 389 206 201 304 459 153 346 464 108 431 475 230 162 380 225 469 103 323 408 262 316 253 288 478 422 285 490 105 149 147 496 151 417 396 
447 279 235 450 401 117 201 475 472 300 402 393 396 121 152 466 167 347 435 246 125 482 135 290 499 121 254 204 201 392 171 287 467 463 304 149 445 466 124 396 150 287 353 216 368 240 390 447 347 245 466 400 376 188 214 190 239 200 151 224 362 305 118 190 423 145 248 310 266 109 443 331 185 394 297 147 331 285 172 220 336 340 412 367 461 144 336 356 186 377 177 482 444 356 398 337 440 264 200 372 204 394 352 168 366 187 442 457 431 302 423 203 383 136 351 134 295 424 364 282 472 366 385 288 299 140 162 133 295 450 436 347 283 336 131 472 229 487 449 192 393 294 205 179 365 321 304 208 358 151 
363 191 280 398 377 240 490 462 338 433 422 270 273 492 356 166 344 417 398 380 450 332 318 405 299 484 365 351 178 354 452 106 142 476 182 367 135 193 207 339 435 235 379 254 150 478 118 375 447 363 230 366 215 495 242 421 374 143 104 336 191 243 363 363 280 273 177 470 404 221 246 282 467 159 484 162 489 135 466 481 470 256 282 264 173 286 320 179 105 217 218 192 457 415 181 258 118 280 275 325 182 298 341 376 494 485 493 104 278 223 186 292 433 126 487 173 128 381 223 273 361 169 148 223 348 218 189 302 300 176 241 211 204 402 180 329 331 150 308 150 358 476 476 485 190 272 114 145 479 359 
309 115 277 442 467 366 149 427 490 210 455 133 370 160 405 277 420 274 187 403 259 465 398 158 306 160 401 119 254 268 139 307 236 493 202 315 378 134 169 336 427 404 472 439 460 487 223 214 286 106 259 379 282 371 330 132 230 384 176 244 174 437 305 299 367 286 495 356 434 225 284 163 168 455 448 270 441 392 465 410 293 335 218 243 198 427 437 164 428 271 296 398 161 125 466 247 345 136 182 215 151 102 218 265 391 379 153 273 494 471 402 235 406 364 276 406 260 493 148 180 468 309 151 334 372 131 214 206 153 202 456 412 491 264 260 385 323 421 459 102 148 232 247 365 331 327 414 402 387 412 
392 455 102 238 111 451 498 366 187 423 233 345 184 237 196 476 421 188 150 310 417 381 109 413 328 225 169 404 269 347 277 346 490 421 497 166 234 308 131 358 217 485 125 399 369 316 381 304 396 192 380 353 141 309 340 224 275 486 441 172 108 219 439 373 388 488 469 291 124 487 363 282 407 176 356 287 319 311 271 209 103 158 168 342 383 150 450 180 363 192 260 155 296 186 133 446 255 159 383 311 203 237 440 351 112 160 427 168 448 215 274 127 180 459 292 219 272 261 455 414 490 314 387 268 175 275 440 243 338 476 400 453 150 329 108 175 311 324 266 297 203 443 493 168 141 473 202 307 108 164 
