400
1.0 2.79 1.631 1.037
264 23384 23820 10
128 24248 24508 3
384 12004 12676 19
380 7276 7820 16
104 26932 27380 4
200 27628 28300 10
64 44 372 2
244 4268 4912 13
108 29088 29244 7
312 20004 20400 12
232 11668 12152 5
356 26924 27676 14
72 3572 3964 1
100 12932 13564 1
348 9888 10360 18
160 9164 9376 4
396 22388 23236 20
264 13576 13900 19
216 17456 17968 13
344 18400 18784 8
248 2696 3160 15
60 11396 11796 6
52 28148 28260 8
328 17452 18120 19
244 2132 2644 8
184 18924 19648 7
132 16648 17172 8
280 24872 25496 10
92 30232 30380 8
384 12808 13344 8
220 28828 29448 14
332 24476 25180 7
308 22360 23220 9
336 9308 9720 6
128 15032 15376 7
140 1036 1712 6
56 16504 16776 6
120 7852 8216 1
192 9408 9972 6
108 1760 2348 5
212 26180 26508 6
224 20024 20588 9
44 28144 28336 1
244 23452 23880 5
304 26668 27528 11
216 23692 24276 20
176 5376 5764 1
384 16488 17400 18
316 20808 21360 14
132 19000 19444 4
80 20820 21380 8
232 21744 22088 17
288 1588 1988 8
72 25604 26228 6
352 10080 10596 14
236 24928 25468 16
184 19136 19444 7
244 30104 30656 19
248 27476 27988 11
288 22440 22904 8
60 12172 12544 3
104 6768 7268 3
164 3928 4480 6
236 16036 16736 19
212 22620 23204 8
220 28404 29160 19
276 21964 22568 14
244 22428 23012 6
356 7496 7904 7
168 12676 12912 10
116 30740 30908 6
292 22036 22476 9
296 11816 12300 17
392 3852 4308 13
56 1672 2176 2
188 2756 3196 1
184 21732 22096 5
336 26480 26956 19
248 21836 22416 9
384 31040 31884 11
172 27208 27512 7
284 28480 28952 12
168 29100 29424 8
384 16596 17416 7
132 22324 22980 1
152 23192 23608 6
224 7792 8160 7
156 20216 20480 3
300 11088 11712 11
92 23372 23764 9
112 360 924 7
176 29272 29688 5
196 18312 18824 8
184 5336 5620 2
312 1068 1920 8
104 6616 7112 9
192 1848 2448 2
144 2100 2708 1
372 10308 11152 18
400 30300 30816 17
64 22980 23440 4
320 29968 30368 17
188 12352 13068 9
124 15836 16296 9
136 15208 15488 1
96 11704 12232 2
204 7492 7764 6
276 21040 21536 13
64 8852 9300 4
392 27372 28004 17
172 5400 5828 7
76 13720 14188 3
244 17328 17904 6
172 22800 23472 3
300 2604 3236 14
200 21072 21524 13
120 23860 24100 2
256 31016 31784 8
224 8144 8908 12
212 28632 29216 13
264 9520 10124 7
192 31896 32488 7
52 7088 7468 10
240 20380 20668 9
224 22908 23436 9
212 9544 9840 13
164 5284 5992 6
280 26452 26956 9
128 19284 19524 10
248 13552 14180 19
128 15196 15464 2
396 11164 12012 17
120 5964 6468 5
196 25308 25692 1
116 2632 2960 7
384 22300 22844 9
116 19412 19620 3
384 14276 14752 17
344 988 1756 13
108 3448 3696 2
76 11772 11936 4
160 15220 15880 7
48 16744 17304 1
268 4484 5220 13
336 25996 26468 12
220 9752 10332 15
384 1036 1836 12
208 31304 31884 15
384 7192 8072 19
360 10980 11544 12
396 27540 28468 8
216 24564 25308 16
40 21804 22400 1
116 30344 30732 10
388 10388 11084 11
128 20308 20668 9
152 11284 11928 2
296 984 1608 13
324 672 1524 20
200 10888 11164 19
244 29380 29964 19
172 23788 24200 5
324 6932 7600 5
396 5652 6212 18
260 2176 2928 14
152 21512 22152 10
320 2908 3484 14
196 10624 11152 1
124 24776 25268 3
160 19756 20048 2
148 16016 16524 7
304 16940 17688 8
144 29884 30088 10
388 21024 21708 13
100 4232 4484 9
128 23600 23868 10
156 22988 23636 6
88 3164 3544 9
204 11484 11732 16
204 5948 6456 16
128 11760 12000 6
252 13756 14048 17
252 9100 9808 11
212 1380 1728 19
336 28320 29184 13
96 19236 19408 4
368 7360 7912 14
280 28816 29412 16
288 6664 7008 10
136 13656 14216 7
352 7312 7860 5
352 1432 1984 9
180 10732 10972 9
208 14272 14820 18
212 4840 5388 15
208 23060 23524 7
172 9652 10012 8
148 19824 20496 3
148 6320 6928 5
164 768 1384 5
276 24172 24748 10
284 27284 27704 17
340 14136 15000 15
288 24916 25624 20
60 13892 14432 9
188 11916 12336 9
364 7404 8148 5
104 9436 9772 1
176 15344 15640 3
272 23440 23952 14
64 25588 25876 6
192 26332 26928 9
348 31088 31864 11
364 28048 28956 16
240 26684 27252 18
228 18752 19520 20
392 2380 3148 12
88 876 1392 8
184 22320 22972 6
100 812 1228 1
388 5160 6024 19
56 16896 17412 5
368 1876 2312 12
124 16208 16580 5
96 12556 13100 2
228 24944 25500 19
348 26136 26784 14
48 16896 17400 6
200 30204 30740 9
76 1252 1468 9
304 28044 28512 20
252 9516 10044 15
340 4764 5476 18
84 18640 18836 2
236 27852 28644 18
248 13104 13576 10
200 31988 32556 11
88 13624 13940 10
336 19400 20136 7
88 29940 30144 5
248 21724 22048 9
88 17628 17880 8
220 23548 24212 7
180 4756 5196 10
76 11888 12336 7
316 20736 21432 12
284 31912 32648 5
76 11328 11936 8
360 16544 17320 8
100 11096 11248 8
312 5388 5760 13
72 11080 11380 5
68 5728 6180 1
184 11012 11432 10
152 2276 2840 10
292 22112 22944 9
204 13068 13452 9
92 15672 15812 7
288 336 1084 9
124 27924 28220 4
336 16468 17212 19
176 896 1356 8
68 1488 1824 2
72 23676 24268 9
104 6796 7284 6
240 13412 13704 15
156 18892 19592 4
336 30272 30788 18
260 31524 32300 14
324 17112 17664 20
44 3468 3652 3
64 8792 9000 10
276 22372 22816 14
356 24664 25516 17
156 24556 24860 4
288 20472 21272 11
188 31548 32068 6
68 22440 23044 7
44 31784 32156 3
392 21828 22264 18
268 18104 18868 5
276 11168 11916 18
328 25640 26288 16
208 26020 26716 6
312 27072 27924 12
140 14060 14540 1
72 5724 5968 2
336 8872 9660 11
212 21832 22268 11
176 21088 21636 9
148 29532 30076 9
80 6272 6588 1
40 11124 11332 1
104 12104 12516 2
276 24036 24820 12
100 20848 21384 4
116 19588 19816 8
304 12040 12432 13
120 29904 30388 9
244 17512 18148 16
348 29900 30496 18
304 22272 22792 8
316 29980 30528 11
56 28412 28536 7
112 27376 27844 3
104 11752 12164 5
352 9468 10136 20
100 17500 17984 2
108 13372 13840 7
260 22736 23556 6
360 29828 30348 12
380 8104 8536 8
104 2528 2936 4
252 13884 14460 15
136 30552 31232 5
280 28544 29000 13
116 21208 21732 5
396 15492 16016 19
164 14856 15316 8
344 29732 30168 11
292 29136 29972 12
172 6540 6932 1
364 31564 32044 16
64 2552 3180 5
212 10348 10892 18
396 25788 26560 9
296 18020 18492 5
328 26496 27196 20
176 11688 12392 2
348 19132 19660 5
284 26968 27548 16
292 12124 12500 14
300 11852 12684 17
340 23472 23912 6
348 9892 10304 10
280 3372 3900 11
48 25132 25464 1
40 14480 14640 5
344 12832 13380 17
100 29064 29480 10
160 336 816 10
88 2308 2528 1
268 7984 8792 8
88 920 1168 8
304 18744 19100 19
140 18868 19148 6
380 19448 19972 12
84 18260 18484 2
128 29932 30164 7
352 2980 3852 11
104 30584 31092 10
212 16596 16976 14
152 25752 26352 2
104 23040 23196 6
264 28708 29084 17
136 30164 30408 6
96 2804 3060 6
348 25184 26044 20
336 30184 30560 14
188 676 1376 3
200 2092 2612 18
312 10784 11144 19
284 19532 20164 13
136 31104 31796 3
396 28860 29768 7
120 27772 28116 10
336 11632 12232 17
68 3612 3948 8
308 1844 2376 6
136 3556 3896 4
168 27332 27768 2
116 1148 1780 8
356 8392 8788 7
68 2740 3276 5
272 6128 6836 9
276 4008 4612 7
264 31572 32060 18
332 27024 27700 15
208 22572 23160 10
328 4620 5100 13
204 16660 17244 12
168 27656 28368 9
288 30640 31184 11
204 23928 24216 9
232 13220 13896 14
360 14232 14744 13
136 28660 28900 9
200 15528 16140 6
236 17576 18356 12
188 1980 2348 5
280 9828 10560 7
84 24484 24872 5
304 13528 13956 6
280 23960 24424 13
100 18692 18852 1
344 6672 7224 8
332 17568 18452 19
112 12940 13392 5
300 6076 6616 17
332 14248 14796 16
