300
1.0 2.874 1.996 1.109
264 5720 6472 6
44 14228 14596 2
140 16412 16856 1
180 6372 6688 7
400 23876 24716 12
148 4784 5368 1
320 18648 19424 20
172 6228 6832 2
156 16528 16800 1
52 15864 16144 10
212 7184 7652 16
248 22800 23444 15
44 23516 23600 8
92 3996 4496 5
240 14864 15252 11
192 10280 10776 3
52 156 628 4
196 3196 3744 2
128 2384 2660 6
376 1500 2004 19
160 2496 2736 7
328 19300 19728 8
260 16272 16868 14
364 16000 16464 19
92 16924 17088 10
132 6484 6736 5
256 21100 21844 8
120 22084 22436 4
144 4416 4988 3
64 7084 7580 10
224 13228 13664 15
100 19776 20196 7
56 2784 3124 9
140 10676 11100 1
120 9488 9688 9
112 1536 1960 8
56 21032 21348 9
176 20888 21544 7
240 7572 8196 8
152 13096 13712 1
192 15208 15508 9
264 23720 24456 11
104 14072 14572 2
100 9148 9732 8
188 10520 10828 6
112 2332 2504 7
332 14020 14640 5
108 19524 19768 7
204 11688 11948 18
304 5868 6560 10
92 6924 7116 4
268 17656 18308 11
112 8624 8944 7
196 16980 17264 10
196 13456 13832 10
120 1312 1492 6
388 21240 21816 5
288 12436 12776 17
108 14076 14588 8
180 23824 24436 7
172 18312 18596 2
136 1548 2032 5
220 9744 10116 7
156 5056 5304 6
332 18876 19468 6
128 15576 15920 4
200 11696 12360 5
80 11412 11852 10
96 19092 19288 3
272 17312 17972 5
372 23956 24380 19
40 22748 23220 6
252 18040 18476 15
160 18020 18648 9
60 14548 14804 5
228 13620 14148 12
312 4044 4640 15
132 5332 5800 8
236 6816 7180 9
208 15272 15608 14
168 23620 24172 5
240 11156 11568 14
40 3992 4088 3
304 18248 18756 20
96 20144 20580 10
340 4668 5068 13
48 12580 13104 2
76 22100 22512 7
100 2412 2632 5
80 21064 21336 7
128 16008 16424 5
124 9676 10212 3
396 22824 23564 15
188 4396 4704 4
268 3612 4216 12
76 1316 1828 10
356 21760 22320 8
56 21336 21580 4
252 15304 15612 7
384 15096 15752 18
396 16740 17196 19
52 17496 17812 4
84 3092 3548 2
164 13444 13784 1
52 16064 16236 4
320 10996 11684 20
260 15624 16228 12
40 9248 9328 6
204 2296 2936 13
272 11584 12300 17
196 7720 8080 10
248 19028 19408 17
400 3500 4308 16
364 15276 16060 9
200 184 748 9
60 22200 22480 3
204 12636 13312 14
184 13368 13748 3
224 7856 8364 13
224 22172 22712 10
176 19300 19588 7
128 2204 2528 10
88 16728 17232 9
56 6652 7104 8
208 17860 18176 8
196 8352 8628 7
232 19172 19824 19
324 13852 14512 12
68 3548 3900 4
76 7016 7328 3
200 18948 19236 16
320 12308 12756 15
212 2544 3016 7
264 8468 8844 18
56 17576 17704 5
240 17316 17884 20
292 22128 22464 14
260 6816 7140 20
56 13628 13764 10
292 852 1260 13
116 15576 15968 5
268 9428 10124 7
272 15336 15904 7
368 10972 11756 20
156 8632 8916 6
88 18152 18416 2
208 16988 17512 14
276 15856 16280 12
260 18424 19048 17
184 18508 18856 4
264 8620 9336 18
260 20992 21732 20
172 13872 14432 4
212 18084 18760 9
184 23372 23904 3
108 22616 22844 2
132 3348 3608 2
104 15464 15992 5
140 972 1312 1
136 6228 6632 10
132 5016 5612 8
192 7800 8124 3
276 5724 6216 16
372 8700 9368 20
192 9992 10516 6
56 19484 19720 2
56 20260 20724 6
324 6244 7040 8
168 9204 9476 10
68 12496 12948 2
232 3752 4160 15
376 7768 8360 17
216 1832 2336 5
132 23080 23280 4
260 20812 21524 20
272 16108 16748 20
292 1312 1940 14
88 20532 20932 9
360 9716 10140 9
344 6876 7516 11
140 3280 3496 6
164 6892 7372 9
116 4084 4536 10
288 7320 7688 8
264 23284 23736 11
40 19268 19660 4
356 17028 17564 13
332 22388 23000 15
172 7228 7548 7
368 11784 12624 8
356 10472 11108 19
140 12136 12396 9
296 6800 7300 14
192 7060 7628 2
304 12104 12692 18
296 14320 14760 20
268 92 668 17
352 15612 16288 18
60 15404 15644 7
164 14124 14392 6
376 7712 8560 15
364 7632 8436 20
92 3616 4052 5
244 20244 20960 12
400 15700 16444 7
152 5356 5616 9
312 6796 7440 19
356 15184 15600 11
104 10796 10948 6
128 18908 19520 3
144 13632 14224 6
160 18188 18660 5
80 9844 9984 8
80 14256 14716 1
292 9764 10372 7
384 19312 19832 17
284 4996 5652 18
368 28 492 14
196 17976 18616 10
388 19492 20332 10
136 22508 22936 2
308 4780 5336 11
232 2696 3276 9
128 8992 9308 6
40 20048 20172 2
400 6588 7196 6
356 452 1004 17
176 8504 8824 6
88 19920 20208 2
68 8624 9132 7
184 3916 4524 10
348 10112 10540 13
224 2216 2612 14
200 16160 16400 9
244 17168 17736 20
352 7228 7744 20
160 19416 19752 5
400 20204 20992 13
252 3836 4244 9
56 13756 14004 7
60 1696 2108 1
52 9552 10092 3
80 3100 3664 10
288 11684 12140 12
300 13696 14304 19
200 14564 15180 15
200 3848 4240 9
140 8316 8928 3
316 15396 16128 8
60 4964 5396 9
292 15844 16600 5
156 17064 17528 10
252 19820 20156 20
136 840 1024 5
208 18948 19320 10
84 23952 24088 9
124 7496 8024 2
104 12304 12844 4
348 13400 13904 8
400 17380 18052 12
76 7760 7956 4
228 21024 21504 10
228 12932 13240 20
276 600 1164 8
184 16856 17420 10
180 2444 2872 7
88 6560 6816 2
72 23424 23920 9
116 17244 17760 2
284 1408 1812 12
124 16428 16804 2
372 10220 11044 5
268 22052 22556 17
76 23788 24248 5
308 17348 18008 5
168 23520 23940 6
280 22324 22992 5
60 5880 6416 10
240 14172 14572 17
56 22352 22556 9
84 6604 6764 9
304 18096 18696 13
216 21084 21364 9
388 16784 17320 5
172 7828 8212 10
128 6376 6912 4
180 19212 19772 4
300 6844 7364 17
132 17348 17656 4
240 2880 3424 17
356 6488 7260 11
332 868 1444 18
212 14528 15104 13
112 13204 13616 7
128 23636 24080 5
60 4444 4592 9
272 8920 9428 6
392 16188 16880 6
72 14292 14600 1
112 10380 10976 8
