200
1.0 1.189 3.756 1.688
248 12100 12680 20
308 5964 6664 8
252 4760 5248 7
280 8184 8680 12
324 6256 6624 10
148 3636 3992 4
244 15376 15664 11
120 13676 13988 1
264 3020 3668 8
392 6924 7452 7
188 5664 6076 4
228 12440 12728 12
148 10172 10604 5
116 7684 7888 10
332 10080 10600 17
256 8824 9380 9
132 9716 10100 5
360 5716 6136 13
296 6004 6564 13
356 3440 3836 15
128 3100 3360 1
260 4028 4636 11
260 5720 6108 9
44 6380 6820 2
376 4688 5292 9
300 7036 7500 10
108 6104 6260 8
116 2720 2968 7
364 2988 3652 5
320 3592 4180 9
380 8656 9240 10
184 1532 1780 8
156 2436 2988 5
84 3980 4388 8
128 1584 1964 5
328 9204 9916 20
136 716 920 4
144 336 812 7
80 10568 10840 6
376 12532 13116 20
256 604 992 20
304 7572 8176 6
80 6152 6308 9
196 12380 12684 2
248 15376 15992 9
168 4424 4768 3
64 5116 5460 7
308 5308 5916 19
192 10580 11088 6
88 10696 11176 3
48 11316 11696 1
64 11336 11784 5
124 9636 9872 9
368 952 1708 16
356 5884 6484 9
380 4544 5264 16
188 13916 14288 1
256 2744 3176 10
228 3116 3676 9
244 2320 2864 15
132 6212 6620 2
156 4720 5232 10
120 8692 8956 2
292 5712 6104 13
84 3440 3600 7
316 13328 13892 5
68 11952 12064 4
140 10864 11212 2
60 8396 8580 7
248 12808 13400 19
300 11008 11568 10
268 15668 16100 16
48 1704 1836 9
400 2160 2924 7
156 1700 2192 3
356 2384 2920 8
76 6280 6732 7
184 2632 3152 8
400 5264 5816 18
324 15420 16068 11
256 13044 13404 20
156 4276 4588 4
212 13680 13956 11
88 11784 12048 4
64 2724 2956 8
120 5020 5380 7
400 11504 12124 18
168 4756 5192 5
272 15852 16368 18
228 8348 8912 12
296 13588 14040 8
132 3268 3764 2
332 2016 2388 18
208 9076 9588 13
280 5788 6344 7
332 15952 16472 8
344 5500 5888 11
344 10752 11252 5
108 14064 14320 2
220 6744 7224 15
240 9356 9892 10
388 13388 14060 15
48 7772 7916 7
156 8256 8684 8
356 6304 7012 8
196 2876 3168 3
288 12952 13372 7
184 10600 11184 1
336 9800 10396 7
72 7908 8344 10
80 15580 15900 7
208 176 432 19
232 5952 6572 12
308 6452 6840 13
252 15300 15776 8
224 12892 13384 14
248 1804 2156 15
196 3720 4036 9
200 9484 9888 13
260 12340 12860 16
52 6416 6548 1
152 11088 11576 2
144 2776 3168 7
392 11284 11992 8
232 14480 14804 14
292 12960 13368 16
288 636 1200 7
80 10932 11116 3
344 13320 14004 12
104 7236 7572 9
264 3820 4388 9
164 11552 11864 6
244 15492 15972 14
196 12312 12772 7
364 10384 10972 19
280 1040 1496 17
116 3092 3376 6
44 14708 14860 7
120 168 576 1
284 10620 11032 16
176 2668 3124 5
52 14208 14624 8
108 1052 1464 9
292 3488 4172 18
320 7784 8180 11
148 10880 11156 10
40 7788 8008 2
56 4008 4316 9
236 524 1140 20
140 14472 14880 4
232 2708 3320 7
240 13956 14424 19
304 4 388 19
260 12440 13056 16
236 6264 6600 10
68 8152 8356 10
248 14100 14448 8
228 12400 13008 6
140 7960 8308 10
244 13504 13908 16
84 6036 6348 1
208 4460 5064 7
308 13080 13604 12
164 11820 12384 6
304 7120 7672 20
92 7060 7504 3
220 9968 10464 9
112 6644 6980 1
144 12380 12804 10
152 8528 8888 2
300 15080 15640 6
332 2364 2976 10
376 12944 13692 18
108 10304 10468 4
120 944 1352 3
60 7368 7648 7
208 10688 11012 8
292 1920 2368 12
268 8284 8748 19
372 5168 5776 19
360 13260 13828 5
256 8384 8748 12
152 13840 14136 2
312 5960 6472 17
116 7332 7684 3
224 14824 15132 15
152 9608 9852 8
128 4856 5320 9
168 14980 15424 1
272 4716 5320 10
340 13672 14132 14
124 13900 14068 4
164 308 632 2
340 2388 2972 7
196 10588 11020 7
360 10288 10900 19
40 8988 9252 4
252 10908 11552 20
384 11244 11788 6
280 14868 15304 19
