350
1.0 1.587 2.98 2.438
388 19652 20408 8
300 3356 3772 14
172 19008 19452 3
340 22260 22904 12
384 24356 25028 7
396 11272 11984 13
180 26836 27212 9
300 17248 17700 8
196 13872 14316 2
328 24676 25168 20
124 27752 28044 4
60 13492 13704 2
136 4 364 7
256 9976 10592 5
140 19956 20240 3
124 27868 28404 7
304 15228 15848 7
176 7228 7912 6
276 16004 16608 8
328 9784 10308 5
324 4716 5244 13
384 10916 11560 14
68 19220 19408 7
400 3376 3896 12
44 16444 16780 10
112 15756 16124 6
76 1576 2000 9
76 13376 13864 7
300 8880 9400 12
136 1500 1676 5
192 464 988 6
64 9864 10388 1
108 27588 28224 3
236 22300 22868 7
340 10648 11460 7
272 22348 22780 15
172 22940 23288 2
268 25912 26248 16
260 10868 11176 14
208 17480 18164 9
96 23488 23864 7
52 17880 18220 7
108 1220 1624 6
224 21860 22428 10
40 25080 25308 3
256 3700 4132 5
240 25156 25444 18
244 2756 3272 5
44 13576 14048 9
128 2360 2780 10
172 272 592 7
168 25660 26100 7
256 1856 2464 19
276 15908 16460 13
136 19392 19652 4
332 17768 18388 18
60 15796 16020 4
276 21900 22440 6
284 19876 20212 16
336 3988 4548 11
248 21484 21992 7
240 12244 12940 18
160 18820 19036 9
348 23716 24460 14
164 18188 18732 9
264 4012 4488 9
228 5644 6396 14
40 9808 10192 5
48 11452 11592 9
128 84 332 1
100 14048 14492 8
348 9176 9596 7
280 26320 26780 9
88 13340 13872 6
64 6088 6540 5
160 25296 25600 4
44 27336 27876 4
352 22692 23228 12
196 20760 21100 8
128 15008 15208 9
104 27880 28100 2
396 12276 13044 18
392 2952 3568 17
400 12136 13040 10
372 2720 3352 13
332 15416 16124 6
372 10976 11844 7
176 6780 7448 1
300 776 1520 20
392 6908 7620 9
200 4916 5360 17
388 14512 15204 8
200 13664 14024 7
224 24392 24708 10
364 22540 22956 6
68 10448 11012 9
92 800 1012 9
260 12936 13456 14
384 26724 27292 6
108 4640 4876 7
128 11380 11572 1
232 1184 1932 18
84 7796 8172 9
392 27848 28512 17
128 15280 15572 4
188 22220 22740 1
136 11764 12168 1
216 24128 24848 11
156 23588 23928 8
116 1820 2420 1
364 27884 28416 10
72 18024 18388 6
172 20376 21076 3
144 21840 22288 10
144 13836 14108 7
360 20420 20936 18
224 6228 6612 12
276 13300 13712 5
280 16588 17080 10
340 12200 12836 19
208 22948 23244 15
220 12624 13020 19
308 24776 25500 6
328 16032 16564 18
320 19912 20416 12
140 1588 1828 2
272 24564 25020 9
328 17580 18112 17
128 25484 25768 4
344 5124 5616 8
108 2564 3040 3
352 9404 10036 14
48 4620 4960 6
348 14232 14880 14
324 19116 19532 13
132 11076 11432 5
212 23384 24052 14
88 20888 21320 6
160 2896 3104 7
64 25936 26104 7
256 15908 16340 17
160 9972 10480 3
188 15868 16464 7
392 6124 6720 8
92 27264 27752 1
80 13448 13960 4
128 15964 16432 5
124 25628 25828 1
116 19788 20340 1
192 20668 20956 7
324 7840 8500 9
120 9836 10432 5
56 18148 18648 6
392 21364 21896 18
96 23320 23932 3
88 22536 22808 4
212 12888 13180 7
136 17952 18484 3
252 7532 7868 12
112 25008 25264 9
204 4524 4796 18
264 18176 18944 20
96 13980 14316 9
288 1004 1504 19
280 14400 14784 7
128 26252 26476 5
336 608 1324 6
132 11488 11920 9
280 3116 3600 9
156 22908 23160 8
184 768 1432 7
340 1912 2412 20
156 19540 20068 7
192 13672 14176 1
344 26156 26572 14
100 21384 21920 10
256 15856 16628 19
144 9444 9652 6
236 25264 26012 14
308 7348 7972 11
392 21720 22344 18
280 22712 23088 8
192 25512 25984 7
136 20580 21244 3
128 304 472 1
48 11564 11816 1
196 21316 21688 5
144 19524 19804 1
188 15696 16300 8
340 4592 5044 6
136 21480 21884 9
100 11108 11476 5
296 16260 16948 18
388 20088 20524 15
364 9280 9948 12
316 480 1116 16
140 1544 1884 3
152 19604 20096 9
388 4724 5432 12
84 11556 11952 2
396 296 888 15
144 1332 1708 9
332 11644 12484 14
40 3936 4272 4
120 8 492 5
400 13312 13856 17
328 20112 20532 10
196 22548 22992 5
268 5556 6228 6
156 23616 23924 7
116 3500 4140 8
196 2988 3480 1
304 2108 2748 5
312 4196 5036 10
124 2788 3420 5
100 13656 14000 8
260 64 396 10
192 736 1372 4
304 1256 2052 12
280 27972 28672 11
264 5776 6352 16
316 1016 1784 5
332 10104 10896 7
216 27612 27936 6
80 9632 9828 1
92 4452 5036 6
360 2396 3216 7
248 19708 20060 13
204 13832 14116 11
132 16968 17372 9
212 17316 17568 19
68 11488 11972 7
160 980 1524 5
148 13312 13808 8
364 26052 26520 15
64 13940 14368 1
152 5252 5636 5
112 6952 7248 2
360 14968 15636 12
276 18420 18912 7
116 21428 22052 3
72 15648 15840 10
284 27732 28128 5
232 1064 1376 12
284 23320 23708 18
60 12464 12680 2
172 19984 20460 1
68 9852 10364 9
136 2316 2836 3
240 18716 19448 14
280 8812 9144 14
196 11604 11920 5
384 24952 25852 5
324 20164 20840 12
276 11988 12356 19
124 11644 12156 2
136 26020 26428 3
104 10768 11096 3
328 23436 23988 17
136 3996 4360 5
264 9376 9732 19
340 16992 17616 20
248 4180 4492 15
232 1756 2480 14
56 21240 21660 5
172 20876 21464 3
356 17000 17740 15
48 25040 25184 10
216 27152 27764 19
280 18628 19364 13
344 12540 13040 7
204 26684 27416 20
256 17276 17640 12
108 12628 12952 5
248 24844 25344 11
340 17400 17992 10
92 16768 17000 9
368 19996 20892 15
312 17444 18016 20
272 26744 27544 13
140 6728 7164 1
100 18824 19176 4
144 18560 19156 3
72 24112 24628 8
292 25108 25656 14
52 17868 18368 6
208 20552 20988 18
284 26104 26648 15
252 24948 25712 12
152 27332 27732 10
376 21772 22660 9
344 4036 4496 12
252 13484 14204 9
168 17772 18168 7
96 9024 9516 1
208 7000 7628 8
396 7056 7768 7
152 13628 14012 5
56 12668 12796 1
252 20684 21316 11
308 364 1100 19
196 7244 7928 4
280 13540 14068 8
200 9788 10076 20
256 2680 3412 6
280 4120 4724 15
364 17532 18248 20
64 400 716 9
128 27300 27584 1
340 7128 7848 7
248 11172 11768 5
204 4300 4604 10
208 7400 7988 16
320 18628 19048 5
344 2560 3068 16
272 22344 23048 18
352 15112 15944 19
280 412 1156 19
204 5328 5612 12
392 26556 27008 8
148 9728 10232 2
68 25708 26220 3
180 21784 22428 5
372 26216 26748 15
88 19244 19376 4
396 12372 13296 6
204 11032 11316 18
88 6800 7004 7
252 25572 26116 17
112 9264 9748 3
312 816 1180 19
236 1424 1896 19
64 19328 19576 2
72 22616 22840 7
332 17264 17720 16
332 1428 1888 11
88 23184 23400 2
68 444 672 8
48 26748 26980 5
376 3584 4220 10
296 11032 11720 18
148 27484 27868 8
104 6480 6740 4
88 25644 26176 7
364 26796 27316 5
364 20788 21520 9
292 9024 9620 19
348 12612 13340 10
232 12276 12988 16
128 15612 16164 2
