250
1.0 3.298 1.126 2.91
280 18796 19256 19
76 10864 11256 3
352 5640 6328 13
392 18692 19272 9
352 8952 9612 18
232 17032 17656 11
88 688 1124 10
200 8644 9068 14
304 11220 11688 15
380 2596 3024 13
396 17988 18736 6
52 2748 3076 3
164 8188 8664 1
160 8068 8564 7
272 4484 5152 6
240 18396 19016 15
112 4324 4604 3
344 10424 11008 15
320 18156 18832 9
204 920 1324 20
68 10292 10768 8
120 13492 13752 7
88 5628 5760 4
384 1552 2136 14
224 14732 15176 10
172 19324 19776 9
156 5628 6156 6
332 5428 5972 8
68 12376 12592 7
184 16244 16836 7
108 16872 17020 8
368 248 972 8
112 7468 7716 8
332 3080 3508 12
300 9552 10228 6
216 7612 7904 14
152 4592 4896 3
276 3840 4364 8
204 19868 20232 16
372 19396 19888 8
328 10032 10472 13
204 17976 18444 12
124 5908 6212 5
116 1704 2120 10
200 3156 3640 11
84 17264 17564 5
276 1292 1640 10
308 8496 9124 16
352 13732 14404 18
368 15920 16664 9
396 2688 3508 12
300 1972 2452 15
196 18260 18592 2
52 19876 20180 10
44 9912 10132 6
292 11004 11372 19
396 12908 13732 12
324 16876 17612 10
192 10016 10636 4
216 12332 12960 8
88 2744 3192 4
120 13376 13632 10
252 180 564 10
304 9188 9928 8
152 2768 3024 1
352 15916 16332 10
152 1192 1384 9
228 11704 12160 10
180 3836 4324 2
172 10336 10888 5
104 9308 9504 1
260 18768 19124 10
232 4304 4836 11
108 9972 10128 8
184 1500 1992 8
240 19944 20452 7
348 8028 8808 19
88 9700 9912 3
392 8592 9128 5
188 17924 18292 8
116 248 748 10
316 9276 9960 13
368 13272 14016 15
344 10416 11060 18
264 1616 1956 18
40 6652 6740 2
172 11616 11940 5
56 19076 19208 1
272 6620 7108 10
56 7176 7648 7
248 11108 11700 11
104 13332 13788 6
312 17200 17672 6
344 9104 9728 13
192 11632 12172 6
300 11168 11796 5
156 3800 4388 1
268 17524 18204 15
256 6036 6360 11
144 13252 13620 5
336 1024 1772 5
232 9596 10236 17
108 18108 18588 4
104 4944 5324 7
68 4360 4588 2
328 13892 14276 8
76 19168 19492 1
284 4856 5220 11
208 15632 15956 8
268 5784 6144 10
244 1456 1868 6
316 320 944 18
264 17852 18388 15
240 1968 2564 7
164 16528 16852 10
120 18564 18856 7
268 7572 8156 5
148 19868 20428 10
312 13044 13640 12
224 2936 3544 10
284 18496 18932 17
372 11368 12076 15
48 152 644 2
252 5580 6056 11
168 14428 14964 8
120 18264 18540 2
356 8072 8804 16
88 14316 14712 3
324 108 568 17
356 5292 6076 5
128 5348 5916 7
60 2076 2516 5
328 12676 13112 7
176 4032 4404 8
168 168 592 2
360 13456 14200 9
316 10984 11428 19
244 8036 8516 19
144 13176 13560 5
100 18616 18932 2
128 4284 4844 3
248 6324 6688 10
108 8356 8684 9
200 3600 3904 20
176 3872 4348 8
92 8360 8612 1
272 11864 12424 18
324 5940 6664 5
260 4192 4608 17
120 14048 14284 6
372 17556 18192 9
100 15464 15816 8
296 12340 12972 8
296 7732 8300 19
48 16472 16632 6
300 14156 14864 12
392 10944 11476 5
384 7276 8084 6
324 16624 17052 5
272 9124 9564 12
128 13168 13444 5
344 6216 6836 9
268 2380 2880 5
160 12344 12872 10
172 6972 7200 10
380 4448 4928 13
80 14704 15140 1
196 8840 9116 10
104 6752 7044 5
84 15540 15960 1
392 17772 18592 13
372 12664 13312 6
124 1096 1408 8
380 11160 11724 13
372 6548 7348 8
188 17376 17636 7
212 15552 16012 9
328 3088 3508 11
276 17212 17700 10
136 13604 14144 3
200 19396 19900 14
304 8280 8856 6
84 18724 18860 2
276 11828 12432 12
352 12960 13452 5
400 10024 10612 6
316 9776 10160 5
372 3200 3928 9
200 3232 3868 7
100 11448 11920 3
184 12452 12800 10
328 13608 14184 20
388 7428 7928 15
228 12764 13264 20
324 9236 9740 6
64 3028 3236 2
328 2860 3284 12
296 16996 17720 17
140 1092 1576 8
64 11340 11736 7
296 10872 11476 6
132 8088 8608 4
396 19260 19812 19
376 14176 14688 13
228 9736 10284 6
196 15872 16372 6
136 19152 19664 6
112 3896 4268 8
180 16872 17136 2
192 19536 19904 10
200 4184 4428 15
100 14692 15028 2
140 10196 10636 8
312 15712 16072 8
192 14264 14808 7
188 5404 6000 4
180 12116 12516 8
384 15088 15644 16
136 3288 3828 1
228 5444 6032 13
376 7548 8168 5
152 1640 1992 4
116 13820 14356 7
280 2304 2964 5
236 14844 15344 8
240 2948 3420 7
200 13740 14300 15
256 11724 12344 8
64 12444 12708 1
388 16808 17488 8
108 2988 3432 10
76 18248 18620 2
216 2240 2688 15
320 17020 17760 19
112 10208 10508 9
296 6708 7292 19
176 16020 16464 1
192 4112 4396 10
276 6964 7504 11
268 10080 10756 13
348 14112 14560 18
172 10776 11272 1
224 14768 15220 14
84 11548 11692 6
256 9116 9600 17
300 12988 13576 19
260 720 1176 13
104 6720 7016 3
80 3468 3908 3
140 14620 14896 9
