500
1.0 3.896 2.903 1.078
188 33384 33656 3
116 36108 36756 1
368 34816 35608 8
168 12044 12256 9
72 21504 22200 10
156 26948 27248 4
292 34588 35436 7
376 10372 11008 5
268 14432 15076 18
300 27512 28168 12
276 7872 8592 15
72 1088 1648 3
68 17996 18472 10
340 24628 25068 16
56 1484 1864 8
204 15524 15880 16
348 10192 10896 10
324 200 1020 17
44 36220 36484 9
128 29944 30688 2
56 16928 17028 10
360 32368 33320 19
52 39676 39988 5
164 27784 28420 4
392 64 908 18
328 39756 40344 13
196 36324 37016 4
312 39160 40068 14
96 20740 21416 4
308 17708 18320 6
248 36364 36696 17
76 35644 35760 1
188 2664 3264 10
312 29664 30056 8
308 28176 29044 5
364 33376 34320 17
296 7808 8320 17
112 10536 11008 8
244 6400 6692 16
228 25808 26236 18
216 36032 36656 5
336 33032 33500 6
296 12252 12860 14
268 3752 4412 13
288 25044 25812 11
88 3144 3764 1
312 3772 4668 18
356 24388 25280 12
224 19256 19992 6
208 18580 19388 15
348 19848 20244 10
168 23892 24492 5
108 11528 11784 4
196 23916 24304 1
56 17208 17608 8
380 25292 25992 20
192 29604 30124 7
276 9080 9856 13
204 440 1064 10
208 20252 21064 16
116 3924 4396 2
200 9792 10312 9
184 33844 34492 4
156 15308 15988 5
184 16656 17220 5
112 32604 33088 8
388 14488 15132 12
340 33944 34464 18
364 25756 26200 16
388 35780 36792 20
248 36624 37280 18
312 7028 7832 11
260 17468 17908 18
60 9160 9580 3
268 36276 36944 12
108 18452 18844 3
328 19532 20440 20
280 35356 35760 13
324 7568 8192 11
268 3648 4520 16
252 27136 27644 5
368 14556 15104 10
52 5768 6108 10
396 13240 13748 8
308 25616 26148 20
56 7340 7928 9
164 2588 3104 8
348 9044 9440 13
220 36880 37548 15
228 2744 3480 18
60 1544 2116 10
216 9092 9584 15
212 26272 26952 11
272 20476 21176 12
180 37068 37580 6
328 16632 17036 7
212 6940 7468 15
172 17376 17996 6
328 39612 40108 11
264 16772 17152 6
388 30452 30924 5
308 6836 7488 14
148 540 864 3
372 15448 16020 13
196 31860 32572 7
84 5480 5780 6
40 17368 17636 1
200 17048 17344 6
256 13276 13912 9
88 4604 5184 8
80 7908 8488 3
52 36112 36708 3
76 32744 32860 4
192 38668 39296 5
148 26864 27596 9
360 13628 14080 5
176 37184 37580 7
80 37712 38260 10
184 36036 36476 10
164 22904 23384 4
348 30092 30968 11
244 7504 8004 5
104 19704 20068 5
60 27244 27592 4
212 7920 8568 8
368 16576 17252 6
328 22648 23380 13
116 36612 37292 8
324 21148 21700 14
152 5452 6208 7
208 32124 32964 9
372 15756 16276 18
284 15648 16112 20
212 36080 36584 17
380 38944 39924 10
284 2772 3348 9
144 35272 35540 2
68 29892 30444 3
276 12376 12768 20
204 26932 27456 16
208 6844 7092 11
352 20128 21084 17
392 22348 22968 8
60 1692 2248 6
244 33672 34264 14
396 15656 16532 20
236 20760 21200 18
292 28668 29508 14
236 27900 28712 19
48 32096 32660 2
392 6576 7564 13
184 15240 16056 8
48 38032 38276 5
84 18452 18984 7
192 32336 32632 2
360 16952 17768 12
192 17380 17896 9
276 2416 2944 10
136 35592 36064 7
376 17904 18804 7
384 21944 22648 6
180 9244 9524 5
272 2772 3400 14
332 32912 33520 14
312 15536 16292 8
316 22868 23632 17
72 10624 10744 1
368 37456 38028 13
336 15736 16188 10
120 7020 7212 8
92 21128 21508 2
312 24872 25376 14
328 12336 13060 19
304 25364 26016 16
396 12460 13016 14
244 9984 10416 19
44 9456 9844 8
284 35804 36692 20
64 20100 20204 6
124 8648 9028 3
188 32736 33220 7
184 34728 35160 9
252 296 612 14
92 6252 6816 1
192 14456 14788 2
320 36648 37176 13
396 20016 20592 13
120 6608 6932 9
256 23012 23380 19
288 13724 14468 12
204 10360 11084 18
380 39512 40400 20
164 4212 4652 3
368 22216 23096 14
388 14976 15944 11
304 28820 29576 8
80 38100 38304 5
312 33492 33908 11
320 18644 19412 16
296 14624 15264 16
180 35320 35616 6
112 32316 33016 4
388 20008 20464 17
148 38340 38976 2
40 23460 24076 10
292 21364 22232 17
372 29436 30228 17
308 26088 26660 18
100 6236 6504 8
52 6656 6804 2
300 14900 15680 20
244 18288 18688 15
224 6208 6876 18
260 32616 33184 8
248 25380 26152 6
48 28068 28392 1
288 38492 39216 12
252 1356 1916 20
380 24368 25200 15
116 7928 8548 1
388 7288 8212 13
212 14656 15292 12
392 24808 25332 5
300 32 904 12
240 32412 32736 19
56 38196 38848 9
256 11384 11980 9
188 35236 35776 8
380 37708 38244 7
276 19508 20392 8
264 33304 33656 11
340 5300 6244 12
324 17260 18184 9
76 34192 34664 8
172 35876 36664 1
156 20028 20368 6
216 27348 27936 10
348 23504 24076 10
244 864 1628 14
308 39416 40108 19
224 10596 11152 16
196 11148 11656 4
40 5028 5176 9
196 8432 8936 8
44 17352 17728 5
76 30460 30596 10
296 31508 32048 8
216 36876 37352 16
72 6596 6832 6
324 5020 5632 20
244 34188 34556 5
132 19520 19752 6
248 29272 30128 13
68 36680 37076 2
232 3324 3748 11
84 12444 12632 6
160 4964 5648 1
312 31580 32288 20
376 39204 40088 16
392 10284 10800 20
264 7580 8340 15
308 200 640 17
288 37380 37936 20
288 20664 21496 5
360 22680 23392 18
232 23624 23940 18
172 5520 6200 5
352 1872 2624 19
104 23416 23812 10
372 25504 26364 7
264 13576 14208 16
184 1108 1912 10
376 2736 3176 7
152 39756 40020 6
76 8368 8508 7
296 3340 4064 15
344 980 1704 18
388 4296 4868 7
180 38388 39156 10
148 8968 9156 3
96 18740 19428 3
372 20296 21112 6
276 14956 15736 8
196 34812 35228 10
260 10636 11488 14
332 12696 13176 17
252 3420 4016 10
284 28 860 14
272 29624 30276 9
168 38224 39016 8
228 12076 12836 7
244 31784 32472 12
84 3152 3428 3
264 17068 17596 9
392 20944 21652 12
164 33592 34060 4
352 6844 7292 11
348 16492 17048 13
296 28680 29536 17
200 15372 16064 10
268 20592 21332 16
208 11564 11968 5
48 22824 23452 5
224 36640 37388 7
180 15104 15736 5
344 8924 9616 20
48 38356 38580 6
132 5872 6524 10
148 34064 34296 5
320 12904 13396 8
84 29160 29860 6
256 11744 12060 6
308 16300 16792 12
120 25800 25992 8
136 2756 3524 7
324 19824 20332 14
356 11408 12320 9
268 11136 11828 13
112 20712 21360 9
256 3824 4364 10
208 33260 33648 11
312 6848 7688 18
48 1032 1512 8
276 20760 21508 11
104 3464 3848 8
40 3040 3124 2
96 33460 33736 2
48 16464 16560 10
308 8600 9440 6
44 17728 17860 10
160 23940 24448 5
80 6192 6708 7
324 29328 30000 5
260 24304 24748 5
124 23592 23836 4
52 6620 6852 3
324 20936 21472 7
88 37172 37668 8
372 1624 2208 15
316 36864 37360 13
360 19472 20460 18
284 28772 29640 12
168 2472 2852 9
388 15596 16404 9
344 36216 36736 10
308 30496 31388 18
392 31052 31860 5
76 34436 34640 6
352 5296 5840 7
176 30764 31364 3
312 36060 36820 20
312 1324 1956 7
228 19884 20684 20
204 38284 39032 17
244 13772 14204 6
388 3084 3704 14
300 14732 15512 13
40 23496 23756 10
328 33164 33804 8
252 26532 27396 18
156 22536 23056 7
332 3040 3868 8
68 19460 20056 8
344 27184 27592 18
52 24840 25260 8
344 7520 8476 11
332 5836 6572 10
132 30996 31412 9
288 10648 11468 15
260 19936 20816 9
372 38732 39724 13
200 17608 18280 17
100 13920 14516 5
128 17880 18404 7
372 23256 24188 16
80 32088 32696 3
156 32336 33036 9
96 38656 39352 3
240 4356 5176 20
92 34292 35004 1
296 30960 31824 15
76 22144 22784 10
84 26772 27444 10
184 1816 2044 3
40 28020 28528 1
88 29376 29904 1
92 39616 40324 5
324 1848 2476 18
176 6768 7356 10
388 28220 28924 17
296 29136 29620 5
316 17968 18336 6
228 16380 16756 7
252 10292 10996 20
48 860 1188 1
72 37320 37524 3
228 16672 17228 7
284 7300 8096 13
236 13180 13696 17
208 35808 36404 18
280 10912 11412 7
180 33756 34160 1
256 9700 10148 15
160 32016 32240 3
208 14296 14616 16
164 1572 2032 7
44 14288 14636 10
348 26108 26608 6
364 8120 8828 7
156 10140 10652 5
380 31132 32036 6
176 34568 35196 4
88 7140 7608 7
248 4536 5040 19
132 7752 8480 3
284 15368 16016 13
192 6096 6456 1
92 21596 21980 1
208 29712 30184 9
212 22280 22888 17
396 38208 39236 13
256 23468 24132 19
392 20248 21208 7
168 33688 34268 8
340 14340 14804 16
140 36508 36740 6
292 7444 8176 14
224 26068 26832 20
184 14408 14864 8
104 25460 25620 5
148 27360 27636 1
88 31240 31748 1
332 33172 33656 6
112 30640 31296 5
312 33584 34192 19
52 25772 26424 10
268 15792 16540 19
272 12052 12604 14
252 15860 16536 20
160 20416 21084 8
348 15704 16156 13
196 24596 25180 10
208 29840 30652 6
184 5856 6164 6
76 14544 14980 5
48 35868 36252 4
188 1832 2636 5
380 24176 24924 12
340 30476 31132 19
168 132 432 6
392 34052 34696 14
84 28764 29308 10
340 30480 30996 12
120 3800 4356 6
228 22700 22988 15
324 13532 14196 9
328 36532 37208 10
328 34236 34628 20
244 22128 22940 5
380 12576 13252 6
304 464 1300 7
60 32372 32536 8
48 3520 3976 6
184 4048 4656 4
224 27484 27892 14
156 5548 6220 7
228 25936 26324 18
136 15052 15708 2
236 18836 19652 12
224 4584 5208 5
56 1564 1896 1
40 2008 2388 1
88 1516 1900 2
116 35216 35740 3
276 13904 14416 14
188 12648 13044 8
76 27764 27964 9
40 18104 18520 4
40 4116 4420 4
400 9676 10636 17
136 27724 28392 9
132 20760 21424 5
40 28952 29064 9
124 8672 9396 8
176 25672 25900 8
172 580 1200 2
272 3536 3944 6
300 26284 26996 7
232 39072 39780 7
276 21104 21872 19
60 28884 29524 6
212 7076 7688 9
44 23644 24272 10
272 14772 15456 5
136 21300 21768 2
56 37724 37868 8
144 17780 17972 3
132 39928 40656 5
252 5204 5680 15
104 39600 39792 1
