450
1.0 1.699 1.485 1.527
384 15060 15976 16
260 17480 17872 5
316 15972 16856 5
300 13512 14096 5
364 26792 27200 13
84 23572 23704 6
244 6472 7016 15
392 7188 7712 5
308 20996 21632 20
200 20544 20864 9
288 27196 27992 13
168 1848 2088 5
48 30548 31124 4
264 27784 28428 19
68 17716 17884 9
224 2680 3496 5
368 2472 3260 14
120 11552 12124 1
376 21708 22280 6
128 116 812 4
76 34216 34436 10
152 29612 30288 10
272 5104 5440 20
308 33220 33944 14
60 35988 36216 3
76 24488 25160 7
92 15704 16008 6
120 26748 26956 2
164 24476 24796 5
224 22280 22704 20
356 32092 32976 12
252 17480 18260 17
332 34644 35352 7
320 3328 3780 19
188 25064 25412 4
148 29888 30252 10
144 1168 1880 5
284 24848 25540 15
72 22420 22556 9
188 12156 12532 8
96 22056 22496 8
116 33032 33412 2
264 4560 5208 12
160 21064 21532 2
396 29524 30464 13
312 26080 26464 17
60 21008 21124 1
92 6272 6672 5
120 30112 30512 6
352 8088 8988 11
340 16364 17256 17
284 34952 35384 9
324 21324 21832 8
364 20312 21124 8
128 12564 13208 1
272 6072 6460 12
284 31832 32444 11
208 15088 15876 19
300 7500 7972 13
60 6284 6656 7
188 1548 2272 7
220 31868 32480 5
180 4356 4704 8
400 14704 15556 12
288 4288 4968 17
184 22156 22880 2
316 15288 15652 7
276 35588 36264 10
176 10576 11112 5
40 29580 29940 2
104 12800 13400 7
380 32992 33852 11
168 7196 7472 3
120 6820 7268 4
336 3068 3892 9
80 21688 22272 9
156 19604 20072 1
252 15568 15904 19
368 23992 24572 11
240 22788 23376 5
292 10876 11272 13
220 1280 1632 7
296 23892 24260 8
128 5300 5752 3
272 15304 15824 13
256 31588 32416 12
356 31508 32168 20
80 17060 17436 7
220 17228 17836 5
400 9356 10148 20
144 21464 21680 5
84 9244 9580 3
152 12676 12876 8
296 2372 3056 6
184 21016 21356 10
364 4840 5252 10
144 18160 18620 9
292 15016 15536 10
216 2284 2808 17
108 13596 14200 3
40 29956 30228 3
184 18248 18636 6
396 19368 19952 8
220 2536 3208 7
76 21020 21332 10
316 11440 12312 18
104 29576 29944 4
208 26788 27064 14
124 6052 6336 3
96 24592 24904 10
292 31544 31976 14
204 8684 9032 15
332 22400 23172 5
108 35200 35492 8
276 2276 2780 5
192 2828 3112 5
92 5428 5720 1
128 20808 21276 9
196 33544 34140 4
172 16128 16836 6
264 1248 2060 5
312 8552 9300 20
76 10532 10792 6
272 32200 32992 11
40 19116 19392 7
328 30852 31376 11
144 5632 6040 7
372 13868 14624 12
84 26344 26924 10
136 9552 10224 3
220 5360 5884 9
400 4668 5380 7
332 32400 33212 8
60 8460 8680 4
124 32272 32752 8
220 35712 36504 10
184 6460 6756 10
120 23476 23680 8
240 4236 5040 15
124 1336 1936 5
192 16724 17380 6
248 14848 15616 6
64 17500 17628 8
304 34992 35804 11
84 32636 33068 5
116 34372 35048 2
48 24352 24988 8
296 2440 3136 9
136 35212 35660 2
80 30916 31116 5
208 25820 26408 10
104 28460 28884 5
400 19544 20272 12
300 13080 13500 16
148 24892 25116 8
84 3148 3420 7
164 14420 14788 3
132 20172 20892 3
96 5220 5488 10
204 31248 32032 18
96 20920 21516 2
104 23296 23464 7
140 24324 25060 3
216 17576 18076 11
48 8972 9612 4
320 33832 34260 17
312 4208 4608 16
220 17304 17596 13
336 22524 23048 9
320 12016 12832 6
84 292 960 10
396 7796 8272 5
164 7820 8524 4
212 31112 31788 12
108 10644 10884 7
140 26668 27216 5
52 9704 10300 8
228 23368 24020 14
248 19908 20740 11
304 34404 35252 17
96 792 1456 10
388 28316 28944 7
264 25520 26328 11
100 31280 31512 6
60 9164 9276 7
120 15616 15956 3
148 6716 7224 1
172 30056 30444 10
100 10832 11460 6
304 2352 3100 14
300 22284 22796 18
324 5016 5924 7
208 4108 4624 17
392 10784 11708 17
360 14852 15448 14
64 14612 14904 1
396 32980 33652 16
336 1228 2108 7
72 4728 5276 9
124 19420 19964 7
200 10428 11148 7
296 33820 34440 7
368 3212 3868 7
312 19192 20104 15
240 31788 32468 6
328 5568 6276 9
344 34348 34832 6
84 4936 5256 7
120 33184 33508 9
224 3396 4204 15
224 7644 7936 20
248 10732 11024 9
312 26232 26876 18
320 13764 14180 20
388 9952 10632 15
200 26588 26908 19
48 27576 27680 7
196 11492 11740 10
220 19660 20048 14
300 8624 9436 16
356 15208 15700 8
184 1488 2184 8
104 11692 12084 3
392 32588 33312 18
304 7008 7724 5
360 15248 15860 6
244 17668 17964 16
128 35700 36012 5
108 20964 21128 10
312 14808 15704 19
120 34096 34492 8
64 27876 27984 7
288 7964 8360 16
240 24196 24548 17
136 8388 9040 2
52 31252 31628 2
268 26816 27300 16
328 6180 6612 13
60 21432 21728 5
80 3696 3824 5
276 33528 33888 7
172 17856 18204 10
52 3304 3924 1
400 5684 6560 16
272 15904 16236 6
276 18608 19092 13
180 14960 15404 6
332 2232 3068 16
224 17508 18020 8
368 25392 26020 19
300 9024 9896 7
176 10904 11636 9
288 29828 30452 19
180 34148 34904 7
380 9236 10096 15
92 21140 21332 1
88 9504 10140 6
276 21172 21992 6
364 14752 15644 15
280 600 1200 12
280 22176 23048 6
196 23840 24220 7
280 13688 14324 5
168 9136 9604 10
188 32784 33256 8
76 4468 4832 8
300 31264 32160 10
236 13048 13488 11
300 20108 20956 10
328 6628 7360 12
388 5724 6616 6
212 9356 9796 11
132 27676 28252 4
140 16780 17268 2
176 23264 23796 1
140 3344 3912 4
100 33320 33916 5
160 10732 10980 2
364 620 1108 5
164 24732 25364 3
40 35792 36192 6
108 30896 31300 4
168 15096 15580 10
76 35128 35644 10
88 17044 17424 10
308 32936 33400 7
376 33084 33976 15
224 28952 29644 13
44 23184 23696 8
164 31992 32296 8
80 19848 20360 1
128 8364 9012 7
220 3812 4092 11
280 80 736 15
284 27116 27564 9
96 25536 25708 7
292 26060 26528 16
268 21700 22368 8
64 21804 22416 10
192 2292 2564 6
96 32684 32848 6
356 35360 36036 10
184 17548 17788 8
216 9424 9872 14
148 26480 27068 10
44 4700 4852 8
304 27304 28196 10
104 12144 12452 4
200 1084 1388 12
320 28168 28696 16
324 29476 30044 8
104 25032 25644 5
360 23404 24056 6
264 27068 27452 6
392 33240 34204 20
400 28032 28896 5
172 31920 32672 2
260 31564 32304 18
400 1240 2172 17
248 26240 26564 15
68 4340 4904 2
80 5068 5288 4
288 4908 5372 12
344 22644 23196 18
56 33952 34436 6
224 13428 13696 19
148 35212 35484 3
136 7072 7460 9
352 20872 21708 13
340 19940 20484 12
280 14792 15412 19
376 1392 2068 14
184 5320 5644 1
164 17552 18080 1
116 26972 27244 6
84 3316 3584 9
300 28180 28844 6
108 22516 22844 5
340 28204 28892 14
88 9552 10208 5
164 1664 1920 9
148 10620 11216 3
388 17156 18040 6
372 29712 30348 12
364 23732 24340 18
208 33212 33940 13
180 30396 30996 5
348 17672 18188 19
268 9240 9940 16
232 4672 5176 11
300 27804 28500 18
68 25996 26404 7
216 28884 29404 9
388 21640 22308 15
308 5508 5900 8
328 32992 33848 14
240 30212 30500 17
240 22076 22844 11
324 24392 24756 12
372 7788 8516 13
208 17876 18416 15
156 30960 31252 1
332 34044 34816 7
384 32400 32940 5
136 27308 27924 10
60 4132 4268 10
252 11664 12224 17
272 26144 26828 13
176 12460 13064 2
224 18076 18596 18
212 16032 16512 10
92 19292 19616 7
300 18368 19076 15
80 10864 10992 8
124 13108 13604 9
148 29776 30408 8
184 11724 12500 5
40 30160 30712 3
372 34752 35620 8
356 29488 30148 7
196 13288 13748 3
112 23732 24096 1
360 26268 26676 17
56 23000 23248 10
384 4612 5496 15
124 20096 20520 8
340 84 560 17
288 11964 12628 14
276 7848 8588 18
268 2952 3516 17
348 33876 34392 20
68 10180 10844 4
176 28392 29144 10
164 19428 20056 7
192 27340 27784 2
192 4812 5288 6
160 20884 21184 10
204 19928 20172 20
252 8132 8456 17
72 25696 26352 4
284 19116 19764 15
268 17360 18016 8
120 10120 10320 5
232 25032 25816 16
84 772 1040 2
92 15216 15856 2
340 31332 31892 10
196 612 1100 2
236 23880 24312 13
400 25436 26100 14
224 21844 22308 7
332 11208 11972 19
240 24640 25376 7
316 15168 15564 7
288 11264 11744 20
188 4016 4684 7
144 34376 35016 7
400 11652 12312 18
136 25228 25648 3
204 2008 2644 19
184 16648 17056 2
184 1472 1784 10
272 256 1068 17
116 632 1196 3
368 6024 6664 8
316 17916 18412 16
388 31260 31920 8
312 29984 30652 7
80 31840 32516 8
248 35372 35664 7
84 20336 20604 5
120 12384 13000 7
352 4388 4828 18
236 26652 27392 7
240 7388 7716 20
356 5608 6288 20
128 5668 6076 10
360 25436 26000 13
332 5944 6720 16
128 4324 4600 3
292 7880 8532 9
148 11372 12000 8
108 24072 24680 2
88 4532 5032 9
376 33568 33988 17
232 3132 3860 11
44 9232 9600 10
308 16192 16820 9
212 5084 5752 14
128 29884 30320 2
