50
1.0 2.62 1.023 2.549
172 3236 3532 5
316 1736 2108 18
400 3156 3624 20
248 1304 1728 12
244 624 1052 8
148 2288 2616 7
264 1144 1552 17
168 2832 3148 3
356 544 960 19
388 3716 4288 7
40 780 904 2
312 604 1052 17
68 44 224 3
280 1720 2196 11
400 2244 2804 13
164 1532 1836 2
240 3588 3988 18
384 3080 3580 15
204 3848 4232 12
244 3648 3992 15
260 1716 2040 11
372 3560 4076 10
360 64 624 19
40 2216 2360 4
232 3416 3780 13
352 3892 4408 18
100 3264 3504 6
360 396 796 13
256 2868 3284 11
340 1724 2156 20
208 64 352 17
192 3504 3780 5
196 1348 1684 2
228 2596 2956 18
208 2664 3060 16
208 3044 3428 18
212 232 636 11
200 2444 2720 16
196 3480 3852 1
156 1144 1476 10
108 224 528 7
232 3860 4292 14
72 1476 1604 9
188 844 1104 4
364 3576 4072 6
284 2376 2716 19
104 2712 2908 8
320 312 696 8
72 2920 3076 8
324 3392 3860 10
