100
1.0 3.441 2.724 2.872
344 3264 3672 14
312 2796 3356 15
352 308 924 17
288 3900 4312 12
144 7828 8100 2
280 6672 7120 20
248 2660 3164 17
212 2480 2748 14
292 4852 5184 18
56 2000 2328 9
388 6516 7052 19
368 7876 8524 6
344 6504 7084 19
216 6968 7280 6
384 1348 2012 9
100 1180 1356 10
44 5240 5404 4
212 2256 2536 7
284 3360 3724 10
224 5136 5500 10
52 7024 7120 5
296 3248 3604 11
388 3776 4420 6
356 5948 6500 8
340 7800 8420 13
228 464 948 7
48 7624 7932 8
112 4116 4284 3
208 4196 4596 13
60 6032 6220 1
356 3044 3604 19
368 4780 5216 9
276 2660 3012 20
72 5196 5428 3
196 4536 4780 4
96 468 672 8
68 7072 7348 2
244 1008 1388 20
192 5656 5904 6
212 4804 5164 20
156 7588 7784 10
212 7896 8336 15
232 7804 8272 9
304 3428 3888 14
40 6244 6364 4
168 7388 7712 9
92 4292 4604 1
196 6756 7212 5
176 7684 7976 9
220 5820 6200 15
232 4796 5080 19
88 3336 3628 5
84 5700 5980 10
156 448 876 10
180 7140 7376 2
332 6900 7444 19
232 7608 8120 16
40 7820 8040 9
80 4536 4784 2
372 192 804 9
324 4352 4736 15
172 1916 2308 6
256 4288 4656 14
148 2044 2304 2
168 4596 4820 5
320 3572 4072 7
400 5844 6368 17
96 2732 2996 2
120 5764 6068 3
268 6896 7244 17
168 7956 8328 2
128 5676 5916 9
144 1292 1716 7
76 3832 4168 2
372 5936 6500 19
252 2720 3036 14
72 7060 7304 8
320 504 1096 9
192 1892 2172 10
128 672 960 9
288 3848 4204 5
108 1640 1904 7
232 7568 7960 6
280 6180 6616 10
48 116 340 1
224 3904 4368 15
264 2536 3072 10
288 3888 4288 20
228 3496 4000 16
276 1368 1872 19
164 2160 2364 4
188 3568 3872 8
116 556 820 2
348 2104 2724 17
228 5908 6336 17
176 1852 2304 6
348 5996 6508 15
96 2360 2604 3
272 2600 2936 5
124 2664 2980 1
