150
1.0 1.883 3.357 1.176
128 6400 6816 6
324 5064 5684 8
132 6188 6564 7
356 4260 4740 12
44 920 1108 7
172 6336 6708 2
244 9000 9436 12
224 8448 8744 12
336 6820 7240 17
240 4532 5088 11
176 1496 1736 2
332 9580 10136 13
376 2868 3428 19
176 6880 7336 4
48 4576 4780 8
112 11704 11960 3
248 10972 11292 6
264 2052 2504 8
180 2028 2336 2
240 11576 12004 13
172 1328 1752 8
116 3580 3920 3
152 4696 4952 3
228 8724 9068 18
384 1124 1776 9
188 9604 9936 1
260 8084 8492 5
364 8292 8928 9
116 6760 6992 10
260 2960 3528 19
288 948 1316 9
156 2632 2876 8
360 160 604 7
164 4900 5404 10
116 360 776 8
168 984 1408 5
240 3748 4040 13
336 11060 11568 19
104 7800 8056 4
120 3296 3668 8
216 10808 11224 12
372 6768 7332 14
236 5180 5516 10
176 1072 1576 1
160 5816 6072 1
184 10744 10976 6
252 10284 10784 9
336 88 512 13
48 7128 7352 10
388 1048 1644 8
148 3104 3328 2
392 10588 11296 7
304 10056 10624 6
396 8048 8576 15
172 4532 4760 1
88 7900 8316 9
244 3792 4248 7
160 4888 5316 4
112 10520 10912 6
356 11348 11916 13
260 8048 8488 14
192 7128 7500 8
364 2384 2972 12
56 3808 4004 6
136 8556 9032 1
104 11660 12108 6
280 8528 9028 14
320 6020 6620 9
296 704 1212 8
108 7940 8348 7
312 164 776 11
172 10444 10928 6
172 5672 6036 7
200 1700 2188 11
308 11120 11572 15
148 9648 9972 8
72 7056 7472 6
368 8200 8820 15
360 4708 5276 12
228 9996 10420 6
216 2844 3372 19
184 1900 2208 1
176 1492 1780 4
212 6108 6432 10
168 7428 7732 7
296 3456 4080 6
392 4128 4860 17
140 4592 4940 9
156 500 1000 7
120 3144 3528 7
372 3680 4268 7
244 8540 8840 5
212 5456 5944 19
140 8448 8632 1
172 3956 4304 1
300 68 460 12
136 704 900 10
188 11160 11448 1
144 4684 5020 5
340 5700 6164 15
108 8660 9068 6
368 5956 6436 9
68 9672 9980 2
104 8232 8552 3
92 4032 4276 7
260 8620 9224 5
232 8284 8664 19
164 8964 9448 10
308 3000 3536 14
48 8056 8164 9
44 2728 2988 6
268 5416 5728 8
284 1036 1552 17
388 7456 7952 7
388 8652 9096 5
132 2300 2552 1
316 9300 9920 6
356 1748 2168 13
352 1348 1848 7
252 1908 2296 11
344 9168 9648 9
92 8616 8872 2
216 2708 2988 12
316 9664 10156 8
120 4796 5132 8
360 7716 8268 19
184 2164 2408 6
48 10104 10224 10
364 2384 2976 12
56 10128 10272 3
212 8240 8544 10
84 2092 2312 10
388 768 1260 16
184 8224 8572 2
124 5920 6188 1
396 7720 8196 15
256 3160 3472 13
164 8464 8708 3
68 4884 5216 2
208 7540 7788 15
288 1336 1856 19
168 2432 2912 4
400 8692 9372 5
40 2204 2520 3
236 5692 6124 11
64 6036 6412 9
288 1232 1664 16
340 6640 7284 12
96 1692 1900 5
172 3004 3480 9
