150
962 0 46830 
156 4180 5285 
290 4942 5564 
882 18503 19923 
753 19673 21164 
224 3405 4284 
899 25127 27007 
937 16749 17941 
496 29572 30702 
841 22993 24665 
307 38248 39106 
542 17698 18363 
434 6985 7676 
552 2661 3971 
277 20151 20808 
589 18376 19815 
537 18449 19439 
580 6884 7714 
916 14271 15572 
444 30763 31990 
389 17305 17991 
807 3853 5403 
780 18093 19819 
785 3384 4335 
214 24805 25485 
622 7140 7937 
456 48521 49549 
356 15616 16894 
260 15365 16298 
167 18351 19493 
833 5805 7188 
592 45229 46597 
832 30046 31749 
585 4306 5481 
801 14656 15741 
170 19362 20335 
740 27307 28426 
286 17965 18646 
677 17692 18641 
705 10090 11440 
196 18250 19255 
785 22996 24302 
200 22815 23944 
939 27860 29329 
485 30364 31167 
244 36718 37153 
851 24709 25698 
666 16184 17724 
420 17497 18476 
197 20486 21157 
592 24932 25737 
341 7337 8201 
331 11140 12082 
706 12911 14141 
504 3685 4806 
357 12724 13214 
458 15679 16362 
742 15904 17595 
651 24411 25305 
884 7743 9419 
359 8113 9254 
688 33282 34969 
471 1519 2104 
650 7909 8878 
927 11661 13237 
553 12900 13959 
846 47143 48548 
312 23567 24680 
747 15878 16772 
641 15843 16860 
269 48009 49222 
386 12753 13815 
387 4517 5153 
328 34821 35580 
858 15658 16800 
910 9674 10854 
398 11434 11977 
158 16523 16913 
752 21487 22605 
291 15945 16397 
570 5682 6457 
268 302 1294 
533 4559 5198 
128 15760 16756 
772 29729 30702 
696 21114 22196 
519 17789 18532 
805 8118 9798 
807 10524 11780 
127 15609 15868 
679 16390 17640 
924 13529 15218 
989 16789 18056 
928 28802 30674 
357 21382 22450 
719 21428 22827 
464 18073 18910 
189 6792 7341 
912 22867 24667 
700 14980 16206 
309 10447 10887 
750 29511 30522 
173 9861 10434 
765 19058 20617 
714 19931 20755 
551 22051 23337 
630 8725 9956 
534 34682 36035 
689 39627 41229 
461 6226 7384 
957 7748 9528 
103 15519 16103 
775 35070 35951 
909 9761 10874 
764 13001 14249 
708 8883 9762 
659 17347 18966 
630 27002 28441 
709 49209 50637 
874 19585 21390 
550 39670 40711 
516 17569 19004 
344 23479 24672 
879 32749 33878 
532 32852 33709 
328 17938 19259 
962 13750 15304 
212 5292 5755 
375 3886 4589 
896 18093 19646 
495 21198 22600 
373 46798 47842 
982 8105 9315 
125 10520 11398 
554 46759 47556 
819 6071 7479 
610 35622 36749 
675 42269 43891 
893 20097 21841 
388 11738 13040 
939 36096 37392 
942 24873 26163 
275 4517 5322 
921 26943 28485 
869 29309 31084 
182 26302 27348 
623 34579 35387 
298 20283 20929 
289 7009 7903 
290 47016 47834 
238 149 428 408 164 455 434 455 160 160 271 244 328 240 169 113 342 253 200 311 132 320 276 116 255 374 476 382 299 376 183 231 178 149 489 105 126 241 240 475 358 312 215 248 394 278 203 423 442 251 360 362 173 403 246 404 180 152 206 106 390 433 286 297 223 109 281 250 114 323 162 386 446 406 457 303 453 254 343 486 383 136 245 171 480 451 273 340 233 272 265 133 341 324 129 370 168 431 135 477 369 211 426 123 436 436 369 121 190 360 368 229 452 196 198 243 260 270 464 380 118 288 394 486 213 200 448 125 450 400 430 309 460 394 188 194 410 438 159 108 104 288 203 330 174 274 268 407 380 157 
355 242 274 262 373 296 181 493 144 355 430 482 373 425 127 278 317 138 240 164 191 430 470 286 418 388 149 113 166 292 460 289 485 358 437 298 209 136 331 181 196 236 149 458 284 307 438 302 171 260 223 203 299 414 156 303 175 210 268 311 238 319 346 372 482 465 378 409 323 213 434 464 117 449 107 419 239 315 288 200 414 452 182 113 195 266 441 111 249 267 354 321 228 375 105 477 425 272 364 198 493 450 433 404 385 361 138 264 440 368 414 474 383 298 192 248 143 247 159 173 144 326 365 214 208 160 348 406 119 168 422 305 110 316 338 225 264 112 326 455 248 238 251 354 226 462 161 322 111 439 
251 360 231 371 493 307 476 323 179 424 468 329 120 452 483 104 362 424 474 441 103 320 220 143 369 254 178 373 122 212 278 473 416 340 483 364 149 236 212 481 218 248 242 323 319 147 375 449 303 267 450 447 473 143 210 424 455 363 142 304 190 317 288 176 383 129 380 348 341 209 345 116 125 150 431 168 261 364 137 377 421 244 169 211 325 456 431 193 172 316 266 481 431 446 207 274 161 464 181 376 192 203 333 280 268 379 222 121 218 409 485 472 447 113 453 284 294 431 266 303 172 207 431 382 378 185 295 249 473 449 305 123 398 195 318 205 272 348 209 360 154 163 477 191 372 277 384 415 132 268 
486 263 337 220 253 268 482 206 383 295 326 165 442 204 241 387 490 427 298 141 111 210 128 250 276 117 482 429 370 355 162 157 128 280 429 299 479 450 195 240 213 204 261 331 307 220 293 175 327 307 325 453 249 226 411 461 450 488 460 218 232 411 356 373 210 246 200 274 227 425 418 235 281 204 294 283 183 373 129 435 374 429 200 235 493 341 158 335 203 242 105 366 472 400 430 438 388 263 376 466 370 344 121 448 233 326 222 365 143 125 339 109 308 262 404 134 280 232 274 463 127 420 141 476 317 418 378 472 232 311 128 271 287 253 120 390 165 321 203 170 125 454 489 397 208 207 188 451 282 447 
254 389 332 383 465 322 484 242 161 464 424 302 206 242 482 408 438 272 436 351 291 372 375 485 344 164 145 181 106 270 337 183 457 121 372 177 150 258 399 424 373 188 179 371 459 463 322 178 136 203 246 444 372 469 315 290 409 273 216 407 171 197 427 353 157 264 355 470 312 460 458 284 337 126 208 195 485 257 379 182 349 168 298 228 233 482 332 304 128 192 375 301 150 378 304 223 180 461 280 268 412 153 246 156 479 259 230 236 164 277 242 346 111 403 379 460 359 305 487 129 175 215 105 213 305 374 144 252 277 276 158 405 331 458 447 188 296 283 454 362 115 207 434 104 236 296 132 431 379 201 
141 402 475 307 465 338 141 455 433 123 303 331 335 289 362 456 212 306 230 370 358 187 115 161 401 131 467 404 241 328 247 214 340 139 131 184 386 347 135 106 379 468 431 194 148 390 426 219 347 457 470 300 312 322 318 467 231 258 218 193 379 325 375 210 304 317 127 271 382 455 109 379 126 363 182 198 131 470 355 114 333 310 141 341 430 239 152 380 426 463 405 257 206 327 415 208 298 160 350 217 165 422 378 412 172 423 185 138 178 439 156 468 367 372 361 275 127 334 278 201 352 122 275 372 241 411 401 487 163 336 241 221 341 413 381 448 335 117 294 325 331 280 440 305 234 309 461 390 429 111 
237 447 404 292 244 302 422 360 415 286 112 328 385 194 380 413 187 186 116 441 342 334 461 445 279 227 233 142 270 189 109 348 460 382 402 338 330 144 276 125 132 244 219 414 448 378 150 115 251 384 386 214 438 364 433 352 439 462 104 243 352 179 189 401 395 375 153 329 169 463 158 276 125 424 492 179 264 173 121 334 302 315 121 479 484 328 433 411 411 162 481 197 221 344 378 346 109 472 171 123 326 492 441 326 191 432 209 218 398 172 414 130 165 279 187 105 277 265 282 422 111 191 146 271 207 442 316 340 191 121 168 189 371 438 303 171 295 111 145 273 120 426 490 400 121 120 141 434 432 417 
255 243 431 329 356 131 120 292 442 386 483 310 316 441 125 480 208 275 395 165 451 141 355 142 260 424 352 400 373 117 458 489 321 460 330 141 118 460 391 379 364 429 422 238 197 239 280 191 300 310 375 168 398 381 399 392 160 275 202 154 194 251 111 161 114 449 334 177 104 426 112 351 174 412 228 419 272 366 451 343 210 227 193 214 368 393 312 114 446 479 200 433 286 138 148 272 254 403 106 366 251 176 305 353 123 345 163 240 133 136 114 137 486 345 481 159 270 250 296 234 371 467 286 205 196 154 301 360 155 191 413 166 152 332 349 134 262 232 162 301 439 188 326 250 370 309 319 488 360 189 
480 104 253 251 486 137 112 130 322 338 260 446 365 419 122 193 234 131 291 131 368 476 358 103 224 259 191 368 124 169 423 236 340 195 139 277 332 217 169 212 144 225 157 466 454 410 192 184 462 465 366 161 135 179 490 194 160 367 227 145 285 320 482 137 123 249 430 126 270 379 267 323 377 212 225 359 404 347 291 234 480 260 226 207 376 461 360 321 443 260 385 200 466 226 437 410 383 480 465 347 411 298 236 419 261 283 155 229 240 380 352 283 490 217 397 279 218 313 135 402 344 342 425 169 462 446 199 437 158 344 115 430 381 108 382 111 135 307 148 206 484 387 176 279 363 353 367 219 292 474 
484 368 106 363 353 221 279 156 308 169 486 371 196 237 172 275 457 434 176 252 215 185 320 431 258 274 165 290 381 205 305 458 304 156 240 134 164 477 384 225 384 372 305 113 451 182 346 407 123 304 319 129 414 235 207 173 355 322 365 252 165 231 312 475 337 297 272 125 317 255 362 322 232 396 412 126 164 147 428 444 231 307 109 352 235 487 141 492 293 134 337 398 398 465 193 229 487 106 151 471 385 213 436 400 446 425 457 260 199 438 288 109 490 154 345 439 368 264 493 396 330 493 231 286 399 127 350 116 213 271 436 154 184 349 344 251 345 386 478 242 191 385 178 347 226 254 348 118 491 442 
225 151 398 138 334 201 338 408 258 221 238 493 457 257 282 344 126 429 373 147 170 309 352 252 125 180 162 458 155 134 448 106 491 305 125 168 128 267 349 463 132 189 323 369 260 248 379 378 370 432 159 433 409 161 426 157 361 187 188 445 373 281 487 429 162 296 277 299 239 117 380 349 170 431 302 187 372 137 225 199 300 185 226 195 246 337 263 300 346 191 441 416 404 291 483 181 335 384 310 128 370 175 301 336 293 177 344 297 131 493 197 338 426 115 412 381 342 478 155 226 120 133 225 336 286 194 347 374 271 283 357 245 263 422 189 391 254 292 218 275 249 103 476 275 307 317 119 236 491 223 
160 180 421 289 364 419 382 114 139 229 325 182 456 103 481 159 247 413 260 268 262 233 228 220 318 355 373 156 356 226 124 451 391 293 238 135 145 475 435 361 133 286 185 119 227 233 258 270 478 296 432 493 213 332 173 224 104 190 217 196 379 294 129 362 232 493 208 434 215 470 485 206 256 120 422 120 348 416 354 157 175 350 239 215 278 193 223 388 331 160 484 457 169 336 321 115 294 362 341 234 154 296 466 435 192 228 316 269 338 282 246 453 488 413 268 149 169 214 118 442 388 292 314 193 283 301 215 448 270 130 283 266 278 405 177 481 306 196 363 227 109 190 349 332 130 293 307 131 138 336 
138 410 387 152 262 493 392 435 160 118 371 492 403 214 318 428 201 193 436 354 376 145 199 464 232 197 154 298 240 163 232 119 471 487 273 430 299 345 295 242 425 287 387 135 252 395 147 425 445 480 185 118 177 152 241 149 441 422 238 189 319 364 230 396 405 253 272 181 195 229 297 340 340 434 152 288 344 372 265 435 161 103 406 241 316 343 172 400 187 343 310 303 236 411 441 301 215 318 287 268 393 433 369 105 135 173 176 181 209 289 304 296 313 188 229 378 138 447 427 188 414 258 161 253 227 207 266 241 358 265 461 131 306 451 380 326 312 270 133 427 479 358 192 241 317 205 337 375 332 431 
329 289 434 302 465 473 252 470 204 452 255 469 237 194 401 470 465 430 463 459 207 369 162 316 290 441 131 368 289 245 220 333 229 233 161 105 141 219 247 407 133 325 218 163 383 184 200 160 256 356 181 451 198 352 340 386 325 446 111 339 315 375 336 487 315 464 439 478 401 263 170 391 276 185 461 481 219 123 280 345 420 347 117 223 291 421 344 302 421 358 414 321 249 180 144 341 113 244 269 323 457 371 149 316 419 295 470 144 433 401 136 291 320 278 369 213 185 203 222 409 339 384 411 401 462 429 461 347 394 153 126 254 489 295 328 471 387 106 278 273 154 350 316 412 186 174 117 443 200 458 
206 349 255 309 300 406 338 224 103 415 144 144 374 140 225 191 111 489 124 320 257 317 332 420 209 360 134 471 177 388 155 372 480 404 329 116 344 451 341 328 450 380 131 429 388 401 391 249 289 372 331 158 208 115 375 184 473 143 132 456 249 472 488 454 106 316 317 160 381 335 211 248 368 490 124 131 160 159 343 127 222 146 187 445 418 355 178 195 417 493 385 331 157 199 357 307 364 207 394 309 238 396 236 166 459 105 143 151 197 378 285 282 473 208 119 400 410 446 481 289 153 400 300 154 385 189 251 246 310 408 342 416 461 364 310 401 250 252 175 277 419 284 214 404 414 235 287 201 371 242 
385 429 301 418 406 125 348 154 355 330 472 206 134 449 280 322 475 423 312 158 152 198 219 110 197 478 433 310 334 155 109 120 324 222 394 167 357 377 278 308 109 213 332 163 470 264 456 253 207 125 247 224 134 309 151 398 210 379 409 257 341 134 132 224 245 123 296 120 300 473 481 315 277 296 467 176 118 419 167 309 461 317 192 143 240 255 344 186 332 215 217 338 218 255 399 425 162 104 468 251 477 365 158 172 380 465 123 322 384 386 357 374 366 210 389 116 207 188 285 200 332 174 291 340 116 165 169 460 210 228 149 472 143 263 111 484 216 310 105 458 219 155 268 436 420 400 324 367 465 126 
135 262 280 374 322 256 411 148 331 236 255 350 478 412 456 421 164 368 269 162 443 474 356 396 132 226 382 470 212 180 397 380 450 383 399 116 475 119 294 230 245 194 143 368 305 217 280 364 438 182 456 399 148 403 307 276 351 413 376 359 426 387 261 376 424 291 392 330 466 323 119 460 275 332 489 305 486 352 382 250 139 476 233 198 146 466 232 472 490 381 370 458 204 412 216 133 114 313 157 283 394 291 369 250 446 348 126 344 261 174 449 319 230 115 299 473 265 287 132 154 132 140 141 370 282 180 169 162 162 298 414 393 292 363 264 162 359 456 182 310 225 475 409 416 187 345 360 363 419 296 
493 297 114 211 207 228 307 360 291 282 483 332 465 321 267 117 453 313 468 201 378 169 263 337 473 338 231 393 371 156 483 178 345 180 162 227 370 368 109 158 179 302 151 123 157 220 468 362 247 301 399 230 233 273 295 415 474 413 401 397 177 493 192 327 196 106 337 351 374 438 385 140 172 169 298 226 246 227 405 317 334 244 320 420 491 218 219 462 229 218 169 353 234 242 234 378 254 282 377 447 141 259 373 435 389 128 243 358 133 127 155 146 126 200 385 337 157 131 133 398 166 414 193 390 461 335 480 454 293 377 458 316 350 168 464 409 118 288 426 390 438 310 472 147 140 326 104 407 371 137 
351 178 139 385 230 277 255 364 298 484 305 112 316 325 383 253 113 385 493 474 482 265 433 150 348 384 274 234 451 314 478 432 245 405 326 206 105 215 337 188 181 293 249 457 415 300 439 236 452 467 148 484 118 181 289 400 404 170 437 406 339 203 183 282 163 147 261 339 240 106 116 324 392 296 433 454 436 161 299 321 122 206 314 454 176 345 220 170 409 376 401 179 365 461 343 489 300 255 381 197 111 246 451 446 461 210 260 350 117 246 367 367 148 358 250 365 237 346 425 209 160 351 420 491 271 192 352 115 115 217 235 140 142 397 249 263 196 243 126 245 418 129 314 472 153 454 188 311 353 190 
378 220 145 295 203 329 217 432 281 441 174 210 125 466 168 280 169 433 492 380 142 483 201 455 425 171 145 333 416 186 413 303 450 313 263 261 343 356 136 131 394 325 322 294 104 381 215 338 492 420 196 257 305 445 222 125 206 161 460 473 170 385 357 281 444 327 370 351 488 161 116 124 174 224 140 130 207 387 259 291 333 249 143 462 377 472 194 292 255 467 335 107 151 484 219 328 203 380 478 339 285 362 327 330 456 467 479 325 330 149 186 480 438 265 336 369 113 358 143 174 339 371 300 317 453 312 313 218 156 314 180 385 286 451 350 173 402 161 140 340 111 333 273 411 168 326 145 289 239 237 
313 315 318 460 173 291 147 401 307 105 269 260 299 252 230 446 306 189 434 386 249 466 361 486 365 322 184 447 431 212 250 162 448 145 140 434 112 407 108 264 236 267 292 182 470 286 231 109 379 278 397 266 314 332 276 465 283 394 248 145 384 403 321 109 295 354 174 118 235 430 304 200 251 151 172 449 438 443 216 106 110 402 440 324 432 490 182 203 400 202 160 465 459 454 209 361 149 175 211 435 408 134 254 260 489 120 353 107 476 365 345 276 391 455 401 321 109 337 122 157 268 467 392 479 138 252 125 246 221 446 305 232 178 422 127 135 234 247 130 120 278 114 229 480 185 159 119 255 330 234 
484 189 272 163 375 135 475 202 253 342 404 319 431 322 127 116 465 404 160 396 356 207 424 232 116 392 208 249 399 376 450 353 462 317 476 358 478 311 419 389 382 111 221 171 274 447 360 363 463 355 172 300 428 326 412 356 437 391 181 125 330 329 416 493 386 324 388 157 166 463 449 173 428 135 254 387 290 143 440 327 271 383 327 189 189 445 134 211 123 359 435 436 286 262 254 412 156 272 424 108 490 483 321 173 158 218 137 482 413 147 120 467 141 161 246 350 359 356 205 155 118 251 416 339 461 438 426 479 122 454 423 130 266 219 371 468 408 401 223 219 274 477 312 293 268 114 176 266 433 230 
406 319 484 393 132 220 466 488 340 384 404 301 481 352 439 154 344 112 231 180 315 298 487 295 189 265 139 457 393 362 465 201 380 254 127 332 247 408 277 333 403 274 119 364 493 383 257 490 147 169 350 372 448 377 251 397 179 455 112 178 322 419 285 174 133 278 421 492 214 305 337 106 312 162 489 128 381 172 142 391 164 246 369 216 385 485 486 274 482 439 465 286 160 224 482 113 138 177 493 374 417 292 487 309 168 190 426 166 459 476 242 381 202 385 243 140 252 247 343 126 195 110 451 205 466 148 266 402 493 292 398 223 129 425 202 192 210 294 318 417 257 319 164 485 253 154 105 484 444 275 
464 114 474 429 255 117 252 464 464 183 333 227 465 343 208 312 314 252 112 473 173 184 397 364 333 441 397 276 272 349 435 229 297 368 223 393 175 372 123 192 224 276 445 148 221 342 214 231 292 222 419 182 316 187 358 254 255 395 418 330 290 344 127 316 472 145 430 476 372 190 344 116 202 257 113 141 170 435 439 116 177 118 465 196 240 320 212 170 354 111 455 287 147 380 294 120 404 271 316 244 374 226 453 219 400 405 376 464 352 238 222 471 323 383 152 292 408 401 394 253 234 450 192 168 308 297 190 472 343 236 403 176 280 275 477 359 366 138 299 190 360 124 123 106 290 380 211 476 253 479 
483 128 245 333 158 485 248 416 173 419 340 491 162 352 314 368 458 366 404 277 391 360 135 438 440 114 157 198 446 414 301 275 255 169 419 205 300 373 453 260 196 423 111 491 222 125 484 368 104 180 403 263 299 127 390 223 248 358 132 370 166 271 269 298 151 282 415 266 326 119 217 406 424 279 144 330 421 137 450 251 232 438 223 296 455 261 110 204 318 464 119 152 359 444 445 167 368 405 302 281 357 407 209 287 294 321 271 432 438 258 240 490 272 123 329 412 411 344 266 332 275 481 264 456 263 117 452 430 171 463 455 146 235 330 388 330 128 482 150 417 366 208 176 146 173 468 312 316 210 389 
233 264 376 317 157 311 413 165 184 352 145 412 387 274 410 309 455 117 162 131 171 104 322 219 219 409 408 307 205 133 439 163 291 369 243 140 331 378 202 173 243 493 285 349 333 180 420 401 209 341 280 443 149 301 314 239 332 273 379 463 413 137 338 419 449 343 222 226 251 371 363 175 153 480 350 367 369 358 330 283 375 434 208 157 119 447 200 236 221 126 259 221 473 205 362 307 187 123 213 336 232 309 155 464 183 418 254 210 159 239 444 123 166 479 270 271 181 194 283 343 337 433 189 425 225 437 250 159 215 261 423 373 287 472 356 163 126 176 294 137 313 127 231 232 218 296 327 428 293 115 
231 405 261 381 320 296 348 297 190 356 264 393 388 329 442 265 147 322 208 283 424 381 191 485 375 292 158 286 238 269 421 348 434 230 233 373 357 305 334 372 326 487 423 244 192 282 137 396 142 161 355 254 397 206 274 470 419 423 388 331 407 312 426 171 324 197 139 480 150 241 288 300 158 116 290 106 368 433 382 376 237 489 285 492 287 144 346 426 331 463 310 416 271 187 369 122 103 414 192 356 263 208 284 120 229 210 301 152 403 274 438 484 292 167 283 212 336 174 377 383 344 230 204 335 322 276 320 441 168 318 160 197 414 478 308 204 443 223 288 323 158 368 211 381 473 263 284 440 235 238 
349 389 317 222 470 401 308 490 381 282 434 312 382 431 253 408 235 320 209 218 348 290 202 440 384 137 306 203 154 209 460 470 363 220 204 300 348 451 319 325 173 394 419 455 326 290 312 371 112 370 252 187 280 484 129 249 202 256 154 467 396 111 255 434 468 384 265 302 456 358 212 366 138 423 141 298 190 453 221 484 177 220 119 426 157 142 250 268 204 389 450 161 330 478 393 417 375 203 187 110 351 403 433 320 345 215 163 260 200 384 352 398 328 256 311 147 491 114 367 181 450 261 425 222 456 184 277 474 324 222 319 291 159 184 146 458 248 281 155 384 408 213 428 281 486 389 375 251 428 469 
236 300 395 106 268 435 139 214 467 318 339 386 415 242 363 217 246 402 200 478 343 300 244 309 317 492 299 308 135 247 108 230 459 433 489 234 354 395 171 267 129 416 327 133 113 393 415 271 189 143 247 219 300 362 206 436 132 248 337 338 209 458 356 397 450 204 248 109 284 217 264 288 418 414 336 319 354 207 138 435 219 491 223 422 431 463 434 129 158 277 212 241 276 409 213 154 482 303 410 432 266 338 299 339 151 472 120 183 179 166 327 460 186 156 263 387 141 339 337 201 390 150 355 480 384 342 335 215 221 289 462 268 120 378 269 337 472 318 112 331 442 356 486 316 414 385 448 236 433 228 
358 485 412 378 437 163 316 478 369 404 327 258 137 438 306 318 490 297 123 373 208 416 106 297 160 249 128 412 285 106 410 367 277 155 446 452 237 493 165 412 460 450 158 397 316 325 435 399 261 208 352 492 462 456 431 484 198 201 297 137 385 322 315 287 399 126 189 327 210 360 258 382 469 282 163 472 182 433 319 350 465 278 346 130 286 139 301 227 443 226 427 479 422 233 132 303 339 405 485 164 240 138 383 214 281 166 487 299 135 215 114 262 436 285 280 462 393 364 313 226 261 173 453 432 215 324 303 324 279 226 176 203 297 311 168 195 181 355 493 459 138 317 243 306 151 389 128 421 156 126 
356 138 181 180 223 480 431 321 475 426 419 143 428 161 291 262 332 197 296 337 404 388 170 305 108 445 453 335 493 257 425 442 225 473 315 392 195 315 250 219 326 309 279 230 244 212 263 251 306 480 472 293 442 440 334 115 146 216 127 320 128 303 278 310 476 121 353 219 119 457 373 212 453 142 422 267 204 467 359 422 220 420 395 431 195 250 141 158 302 353 178 320 127 444 422 363 475 150 450 242 472 349 142 481 259 230 435 441 491 239 471 248 459 207 165 263 135 464 134 389 267 312 322 476 379 358 269 415 276 255 433 306 403 103 239 353 228 393 469 221 139 257 452 107 257 479 158 146 175 270 
465 451 447 404 155 434 440 441 361 398 422 112 377 106 322 356 318 404 233 387 240 406 393 363 392 271 437 318 316 386 118 222 365 382 214 255 258 329 394 382 207 296 419 255 182 428 146 266 436 397 234 480 208 227 247 302 407 396 368 260 199 360 165 254 171 225 283 181 111 460 204 490 486 437 110 208 284 202 392 459 143 451 146 213 443 256 122 299 452 350 378 214 288 180 412 141 316 432 255 476 444 129 429 126 297 211 305 140 387 165 339 295 249 429 293 402 166 155 367 268 242 480 257 368 333 174 285 116 256 234 469 155 355 186 433 190 302 408 420 405 298 183 442 204 135 227 198 301 443 136 
256 196 398 311 109 156 162 137 139 206 401 201 311 298 247 436 227 286 317 271 245 251 371 217 163 293 180 463 103 196 214 164 276 356 470 483 365 169 463 486 131 487 434 457 185 228 231 261 373 271 211 400 376 218 165 394 340 488 344 404 450 386 321 191 367 333 117 452 475 420 316 438 350 158 181 378 206 282 482 338 445 136 321 191 276 104 444 301 317 355 431 369 391 246 175 289 224 132 440 203 149 486 309 302 493 176 254 415 193 382 340 350 125 324 199 481 426 146 225 236 454 230 433 393 200 323 203 482 202 162 493 138 393 487 191 232 325 379 374 117 211 416 368 161 134 228 216 257 425 479 
464 395 215 337 295 223 154 166 477 381 139 346 114 166 246 450 477 346 236 426 384 188 198 328 263 281 455 408 389 258 467 436 368 451 403 435 401 188 341 346 382 164 172 319 464 124 148 110 210 477 285 104 432 416 253 325 121 351 151 160 116 184 478 332 327 238 352 344 431 290 299 188 449 250 231 169 374 437 142 206 402 418 249 387 297 133 235 485 376 393 146 178 344 290 373 419 390 275 198 205 384 390 264 133 442 294 124 182 224 293 448 306 468 204 106 444 344 352 151 312 415 250 117 376 245 318 411 424 106 247 108 178 236 327 433 317 378 217 152 156 435 448 367 447 187 130 224 349 282 188 
428 469 362 355 331 300 119 238 165 423 122 365 257 418 187 332 223 237 482 389 332 405 419 107 120 160 153 398 177 201 463 460 317 493 144 282 473 133 263 336 376 427 397 213 133 218 135 146 421 187 114 350 307 486 121 192 370 317 333 331 241 155 342 200 271 486 266 440 402 121 296 266 455 201 473 390 186 372 209 160 272 365 126 230 426 354 178 299 318 239 384 306 442 476 153 185 348 410 423 478 108 112 270 209 136 220 492 450 338 322 252 181 350 374 164 238 136 486 458 145 266 202 174 489 348 386 136 408 227 445 441 274 311 129 280 415 187 356 340 310 290 248 244 289 382 284 153 287 114 298 
244 320 142 155 335 208 391 349 196 183 373 471 259 262 491 323 261 107 189 485 491 475 128 381 142 290 492 223 165 157 411 137 248 121 330 110 223 480 277 337 206 348 492 334 322 289 183 372 321 130 247 435 256 237 487 254 268 328 209 399 141 459 284 162 291 258 448 193 317 115 343 106 297 115 303 257 438 275 287 456 221 433 317 327 215 190 385 410 248 317 476 151 121 364 420 144 280 475 343 138 482 492 428 395 117 453 285 309 306 473 434 130 336 228 416 305 132 479 305 221 430 369 190 125 329 297 152 143 283 328 218 175 178 296 148 394 416 425 373 432 353 219 207 271 107 263 359 260 321 446 
442 114 366 367 425 157 442 460 344 234 307 486 353 239 127 377 160 297 425 418 303 375 115 464 397 329 205 423 383 133 151 378 393 241 119 376 293 251 111 373 268 386 282 354 452 313 256 488 336 208 186 262 263 383 160 341 402 360 464 203 229 253 292 320 139 260 444 195 488 250 142 439 468 427 278 418 404 116 489 476 383 419 185 278 135 464 288 437 160 122 278 415 434 177 257 158 485 272 187 412 313 347 186 441 118 483 257 439 212 168 104 318 219 283 268 306 292 229 282 301 174 442 348 219 402 269 400 194 167 452 391 261 380 346 430 245 396 277 397 106 317 220 327 476 413 470 455 388 270 137 
475 427 324 127 217 157 450 184 278 145 220 212 241 151 158 462 380 488 316 466 110 457 168 202 433 329 113 312 476 407 125 150 332 188 198 464 156 112 389 463 193 105 287 295 281 375 366 311 419 307 487 189 380 249 258 250 303 427 162 246 163 356 396 439 245 369 233 186 488 347 145 432 215 372 229 273 178 381 370 339 189 220 395 416 259 339 257 134 171 134 186 162 329 373 177 394 450 397 366 120 465 120 203 446 171 416 380 416 290 303 289 362 199 314 251 111 394 222 251 166 384 357 292 120 121 446 231 374 199 133 373 216 264 129 450 111 472 344 330 191 487 285 450 193 296 385 204 327 147 427 
375 245 281 278 384 234 150 300 313 221 161 144 135 105 444 424 160 269 252 454 174 453 216 378 155 298 404 425 235 408 328 350 485 225 255 387 313 453 286 430 117 364 199 182 324 214 398 428 412 113 470 209 450 310 197 226 466 340 296 179 124 355 397 215 197 394 304 282 420 183 444 389 438 383 463 126 442 416 275 261 186 226 381 358 413 285 321 184 131 452 426 150 401 276 417 251 381 143 433 432 223 468 152 426 162 140 370 329 341 213 382 259 199 311 199 473 242 199 116 439 159 297 141 453 433 310 234 327 431 432 198 138 453 257 399 455 137 367 469 393 318 339 180 174 474 167 270 403 145 137 
389 434 396 479 215 372 241 188 250 138 259 158 183 280 423 120 178 350 117 246 413 381 253 190 455 475 240 104 120 279 429 160 339 459 238 172 105 230 182 189 335 280 113 197 324 481 441 405 467 260 469 453 460 130 181 265 122 224 352 424 289 434 217 165 207 298 310 205 358 390 173 477 251 162 128 448 193 199 384 279 429 117 252 486 483 409 468 167 463 200 118 430 375 118 111 195 263 374 404 145 238 280 313 340 346 128 467 392 356 257 375 157 392 424 253 490 124 233 235 332 255 176 422 479 349 368 339 380 323 487 284 226 176 453 336 249 314 203 212 256 482 337 207 453 193 145 217 164 248 436 
431 127 279 325 401 132 302 317 193 315 396 155 359 359 400 222 353 260 188 333 342 118 405 204 351 116 216 438 480 174 290 127 144 125 190 126 174 363 402 178 465 491 339 144 272 226 151 200 412 486 430 173 165 488 178 131 397 196 332 300 290 143 347 453 225 467 301 337 134 356 233 106 455 130 294 300 233 454 361 117 373 384 277 236 204 195 248 164 151 246 376 491 386 429 425 199 486 433 250 155 376 384 468 129 244 276 307 170 250 481 228 265 283 454 468 399 268 246 146 394 140 182 425 419 280 248 292 355 429 295 401 345 203 115 272 369 178 387 244 468 399 404 459 149 149 259 113 452 491 115 
266 232 490 198 262 247 116 356 190 457 374 104 430 368 160 178 238 364 343 181 414 468 288 367 458 293 125 288 326 176 318 473 103 490 411 306 465 146 145 318 106 288 359 216 164 225 196 437 462 359 396 262 437 367 222 388 377 227 258 311 223 393 206 353 263 451 314 354 224 258 279 264 372 208 256 318 322 202 394 450 460 437 398 225 254 452 220 162 393 304 322 359 435 236 304 224 125 105 228 106 428 416 449 401 256 333 356 270 151 393 222 161 477 212 263 233 173 105 402 274 426 359 334 107 310 487 434 378 377 452 115 284 174 380 314 159 152 103 403 307 473 452 323 205 316 261 108 112 426 122 
291 454 219 155 181 404 158 175 277 169 418 246 470 346 325 222 123 388 351 283 444 319 444 232 411 153 445 249 405 124 434 133 264 140 462 396 234 211 286 196 170 395 244 225 248 328 247 208 114 325 240 229 420 227 288 340 329 337 439 280 396 106 385 466 376 308 468 205 313 260 167 381 338 440 387 286 389 336 208 346 250 316 486 305 158 309 446 182 175 342 414 166 398 278 405 270 351 467 253 220 493 195 280 104 119 193 244 476 111 190 157 166 107 417 392 443 419 363 337 128 468 492 421 203 144 167 123 449 167 340 239 188 414 378 484 110 415 335 308 189 107 315 479 374 280 340 209 165 454 154 
356 212 413 258 411 134 127 137 454 370 128 244 229 418 208 482 161 275 128 441 315 164 280 392 244 135 293 346 399 155 474 163 375 314 384 398 163 370 239 276 195 233 201 438 181 345 334 365 108 394 190 479 304 395 350 264 247 371 395 289 302 192 324 372 192 191 181 440 344 152 262 445 399 345 385 128 301 250 168 321 120 418 369 457 451 470 104 347 223 310 443 107 392 370 271 492 462 187 443 301 437 432 255 121 488 293 359 230 207 159 127 129 193 357 472 331 204 325 336 280 114 129 251 435 408 312 184 322 123 312 216 154 425 478 247 434 276 159 416 298 437 155 453 202 244 306 143 221 423 381 
308 310 236 288 118 348 167 193 408 155 325 396 444 207 320 375 466 240 445 444 445 421 190 239 418 386 435 450 233 183 256 222 406 119 493 122 299 187 154 178 105 128 475 188 474 485 289 264 239 324 157 378 132 466 340 409 200 181 389 278 440 422 287 284 111 368 359 433 300 224 242 240 336 431 106 452 490 138 470 272 425 293 176 124 360 147 237 241 463 416 401 188 162 283 280 209 252 195 292 399 246 364 468 469 393 176 194 400 227 336 205 260 133 442 346 460 397 200 307 415 485 190 235 310 163 116 356 483 161 345 182 156 301 444 121 415 487 383 376 153 114 350 485 279 338 122 390 131 383 137 
422 166 268 181 207 297 202 327 238 431 106 303 475 159 455 175 431 231 266 306 311 315 160 396 178 338 153 466 318 130 383 375 143 375 368 400 460 198 130 379 133 457 203 138 129 265 253 401 460 275 355 216 252 303 400 331 250 250 398 286 198 200 271 303 213 400 441 446 420 415 406 390 136 161 428 484 140 481 399 430 321 220 179 233 273 118 332 266 398 479 221 120 343 248 254 231 363 487 187 232 165 263 345 248 421 149 344 277 177 486 140 391 419 232 247 363 425 105 203 245 232 175 164 209 236 147 275 463 228 442 323 344 421 119 351 358 431 273 289 110 103 306 458 153 114 242 241 295 234 145 
399 493 449 196 120 219 492 205 260 224 109 404 185 393 303 246 255 161 485 415 260 273 367 377 163 108 126 274 455 293 123 458 477 143 381 335 389 197 346 262 351 340 344 188 362 438 423 176 176 196 166 223 455 120 154 436 380 422 327 389 257 450 404 262 178 455 199 136 218 306 234 481 454 304 314 256 105 123 286 116 488 199 451 185 402 421 385 472 362 232 357 215 278 303 318 195 311 162 141 139 197 408 493 182 418 176 403 398 352 242 468 487 242 222 164 440 125 357 456 320 374 247 404 324 123 130 327 290 346 468 160 347 484 457 389 465 243 283 170 373 481 119 179 216 287 397 418 135 131 167 
255 252 342 378 107 337 212 272 336 212 113 165 215 318 248 181 380 296 154 294 299 346 356 270 312 345 130 261 332 389 200 490 216 232 459 221 273 214 321 462 178 329 325 288 388 168 134 261 336 236 208 115 483 268 118 374 303 336 264 140 443 199 183 492 196 342 125 235 363 212 232 372 330 265 449 176 277 431 196 295 229 301 394 430 477 168 416 408 391 132 270 489 121 277 187 487 445 436 141 160 452 118 334 140 421 439 210 233 300 213 443 268 265 301 274 155 417 262 243 473 106 365 216 182 200 387 161 414 359 372 288 316 444 454 140 353 363 287 440 331 430 228 453 388 186 202 460 331 400 123 
323 159 459 285 355 391 113 491 206 401 414 264 124 232 252 312 381 145 207 258 288 203 373 126 298 291 360 285 280 111 247 435 120 154 170 124 338 409 112 274 292 464 287 431 479 109 385 183 298 111 240 310 263 283 300 217 238 416 280 414 333 405 211 144 295 185 109 118 174 174 113 122 215 185 389 463 344 294 141 400 476 468 110 430 456 114 471 226 187 179 336 474 267 472 319 305 389 318 229 177 133 332 370 480 309 420 427 260 405 419 338 335 141 197 215 273 138 456 163 491 443 175 418 225 183 230 439 344 377 373 178 192 255 341 123 274 317 272 187 362 249 177 407 472 344 348 394 276 210 211 
373 327 442 391 386 189 343 118 295 121 306 421 233 335 108 469 203 337 281 375 337 186 230 328 273 314 217 319 395 485 338 439 132 221 263 179 164 257 345 127 168 328 339 157 276 128 254 421 151 349 112 105 365 379 432 424 338 317 338 445 136 271 343 119 273 322 488 393 441 200 299 202 323 269 370 159 269 202 374 251 410 121 453 283 285 198 198 489 219 309 149 129 312 265 275 374 166 182 335 276 224 127 294 132 379 396 456 135 224 204 357 236 459 325 312 294 117 325 294 379 424 173 222 387 126 215 446 133 113 296 113 156 139 364 468 317 160 369 111 419 212 401 474 420 245 261 158 470 211 389 
205 244 213 424 366 104 250 111 308 391 325 205 291 298 367 493 284 288 275 207 279 161 142 426 388 314 272 302 186 111 448 425 493 459 284 254 447 445 355 152 345 132 171 237 372 383 338 363 126 376 415 343 283 464 148 122 159 367 476 393 195 490 178 197 119 234 315 131 181 429 470 477 473 360 410 297 431 270 188 352 140 315 372 281 364 249 113 195 262 252 208 105 230 365 374 337 364 296 271 219 444 439 455 359 469 334 404 459 271 344 293 324 379 139 406 106 461 437 349 234 296 164 239 235 463 468 167 227 380 212 350 206 482 483 149 403 389 255 364 235 173 347 302 161 375 237 247 357 391 469 
158 472 246 332 310 179 459 152 403 400 407 333 488 244 486 421 324 245 315 462 399 458 473 129 281 182 204 255 244 255 417 263 279 174 149 393 406 360 259 126 315 445 432 225 362 409 337 380 354 219 340 319 158 191 268 286 209 443 340 168 224 306 340 173 140 233 149 440 379 442 447 374 266 286 429 390 352 297 190 158 217 183 308 321 299 442 438 484 335 345 346 396 408 284 126 180 362 130 189 384 108 339 365 148 247 488 213 139 200 198 451 428 123 240 144 282 207 208 173 179 301 221 294 121 171 425 146 137 301 487 381 145 230 424 204 374 344 216 294 205 474 473 481 416 358 492 388 224 227 466 
245 331 351 191 475 426 177 463 407 374 234 473 222 249 348 120 355 205 430 156 191 149 220 444 145 262 471 441 277 276 453 419 112 214 316 265 281 105 201 489 336 359 377 182 139 437 298 294 225 131 480 191 374 232 160 451 470 490 377 487 355 445 186 280 273 115 439 265 248 342 374 416 323 203 113 464 457 356 423 346 115 364 156 281 145 392 439 311 218 330 353 209 166 487 183 414 283 437 285 278 444 156 358 363 116 457 479 111 355 376 231 468 363 398 350 124 130 429 213 358 228 309 309 181 234 451 162 411 155 304 272 316 443 245 405 150 117 334 141 458 127 204 121 427 308 480 152 281 310 193 
280 267 200 111 306 159 324 336 186 406 216 241 482 211 307 160 125 366 187 124 310 323 245 105 119 225 286 458 326 405 130 114 488 259 435 317 461 381 242 191 250 254 467 367 419 237 470 182 199 458 344 185 147 492 348 452 486 226 204 148 437 218 338 335 329 492 135 408 144 442 388 307 390 418 423 337 169 178 423 361 168 345 391 226 276 439 223 160 321 313 246 321 232 415 328 222 330 114 333 229 403 122 220 139 205 434 134 378 415 450 379 157 189 198 155 273 458 369 395 468 296 370 188 207 301 306 479 209 303 189 359 381 212 187 468 460 152 327 315 141 148 151 122 468 268 190 456 239 169 351 
431 198 220 304 196 414 376 233 422 449 120 491 112 104 434 337 338 132 240 210 371 174 344 355 472 131 258 332 328 418 474 302 396 167 191 334 347 350 169 419 335 334 157 404 136 159 277 403 211 260 420 224 376 161 214 235 105 439 186 392 130 220 109 166 325 250 261 406 234 353 397 248 337 488 392 444 492 405 175 461 159 254 143 305 140 296 115 462 230 332 210 128 165 289 335 182 168 272 279 150 246 438 143 452 416 245 463 170 162 190 144 167 145 122 211 317 401 185 309 157 408 154 394 398 405 421 381 252 281 408 154 343 451 474 489 311 311 425 470 372 243 199 438 319 344 378 264 453 336 381 
421 302 238 448 138 344 311 465 450 262 234 351 147 376 236 228 224 393 266 184 271 476 416 141 125 476 450 154 365 171 122 287 149 159 325 452 368 374 235 490 290 335 203 238 427 264 488 252 244 400 435 294 257 132 279 141 290 122 341 136 129 484 141 353 203 278 457 407 171 445 208 315 432 376 422 332 348 459 350 278 480 146 316 264 296 329 422 451 319 127 181 394 459 405 483 474 442 389 164 358 196 340 107 314 362 451 299 375 295 349 398 404 483 379 341 491 383 435 399 119 300 391 294 141 297 165 144 276 453 149 134 184 448 233 170 328 358 480 347 255 259 280 241 158 277 426 195 365 108 326 
353 174 447 471 192 230 149 358 144 177 422 195 467 282 283 293 421 376 310 411 401 380 166 170 303 282 123 151 451 345 353 173 331 237 263 333 441 372 409 419 371 150 432 168 480 415 401 367 250 377 225 139 299 172 116 179 219 168 351 142 234 216 371 128 192 181 412 173 233 314 345 382 128 492 448 218 328 146 466 146 258 372 398 303 466 246 446 316 446 164 175 321 435 177 481 184 396 464 375 364 162 304 479 316 470 201 334 253 380 160 449 241 335 310 429 361 249 457 402 122 475 452 144 398 210 343 413 482 319 226 281 413 169 460 479 243 356 387 107 182 173 336 219 429 382 201 476 296 451 454 
260 139 437 373 433 245 348 413 260 470 188 393 369 327 301 383 106 275 111 214 329 140 192 156 253 348 405 165 136 203 417 243 168 289 474 292 129 250 368 336 458 398 457 341 302 387 446 285 461 176 469 239 340 186 148 313 402 387 170 410 300 326 415 444 247 183 354 334 356 406 471 407 433 133 442 332 135 296 344 137 385 239 193 252 213 203 282 404 333 262 141 411 350 365 141 145 353 379 428 164 386 186 465 239 443 438 215 348 347 313 214 344 296 322 120 382 130 293 454 308 108 385 483 437 153 270 111 467 229 437 455 435 332 301 264 269 140 355 118 133 167 325 262 426 341 221 192 332 438 112 
166 240 159 252 235 439 440 267 154 369 222 450 473 358 252 399 248 198 112 405 454 386 148 126 328 296 159 338 435 239 370 262 268 179 338 295 352 170 289 464 162 295 263 408 171 384 248 236 457 231 203 344 117 458 131 443 275 275 367 295 229 492 160 144 318 259 330 162 175 104 105 169 262 395 157 197 216 130 486 464 147 266 132 323 346 462 238 221 150 233 444 455 367 126 111 358 394 464 410 147 219 392 454 238 271 265 486 448 261 274 174 448 455 112 375 386 491 186 427 160 378 486 377 491 182 119 134 237 128 121 180 163 174 387 146 129 154 135 353 488 248 239 487 149 365 226 140 291 159 345 
453 425 312 215 452 288 276 439 360 401 468 130 111 210 209 461 478 422 433 475 119 271 383 382 168 258 266 175 116 215 123 436 339 386 319 120 431 120 178 184 334 271 286 355 237 204 381 256 448 293 180 455 437 249 342 488 264 412 131 453 232 188 254 261 269 486 216 215 309 437 133 419 272 468 418 346 311 176 147 385 250 203 173 487 337 274 217 412 300 318 469 446 198 194 241 137 144 235 128 195 339 257 181 391 340 292 110 237 182 260 381 275 302 240 346 398 338 186 366 115 145 327 151 299 237 146 416 201 228 454 399 164 368 169 204 257 463 208 117 472 170 475 422 250 307 436 374 489 410 246 
416 349 479 263 368 296 493 264 132 385 124 163 408 155 448 232 439 254 305 217 173 140 308 375 420 431 193 291 210 338 309 120 420 119 120 246 309 456 473 208 225 450 406 136 486 367 337 481 265 184 286 155 434 392 233 112 278 334 402 269 168 243 224 132 111 266 128 116 241 391 363 440 328 216 335 212 287 154 278 328 157 442 394 348 470 115 291 183 366 323 200 207 174 316 291 155 174 452 483 396 291 444 259 294 491 416 430 305 283 418 203 493 490 171 222 397 450 289 179 445 230 356 205 113 430 382 265 429 463 416 285 345 237 328 485 490 343 255 435 399 299 406 179 389 273 127 242 450 313 152 
245 427 123 213 113 459 103 339 282 394 279 277 336 463 358 491 383 320 273 296 269 485 373 477 111 327 359 232 465 240 458 262 160 147 254 133 232 361 375 218 322 489 315 349 203 271 333 408 283 205 333 279 236 146 224 142 379 130 482 220 390 436 138 372 109 320 124 284 302 387 130 483 139 179 391 259 441 444 253 229 188 234 135 368 385 336 458 171 341 337 350 219 397 358 411 333 224 228 147 117 465 365 347 481 336 248 435 422 383 392 486 142 370 273 109 433 324 323 484 366 185 449 391 271 397 267 214 161 227 202 145 379 414 108 159 179 133 387 347 115 444 469 236 471 377 305 117 110 384 284 
490 493 366 303 315 486 194 213 261 190 133 347 335 168 163 338 288 259 271 164 355 479 339 120 147 345 365 242 445 107 363 138 239 229 391 122 195 112 462 417 327 236 384 356 135 330 367 396 128 193 453 348 346 442 395 451 121 227 170 320 386 295 291 332 391 352 181 489 202 400 459 200 141 252 477 107 123 362 400 170 356 416 290 146 155 354 337 140 351 414 383 408 187 493 202 296 109 151 429 345 455 148 325 213 157 119 173 189 369 334 187 474 323 350 362 172 446 162 487 168 481 245 242 348 344 455 184 205 454 312 209 172 140 220 327 428 308 326 194 493 289 360 453 191 473 221 369 228 193 133 
230 103 163 109 128 133 178 182 478 359 402 369 301 400 118 200 320 389 374 239 247 349 375 225 189 150 336 148 185 390 366 228 455 417 485 328 123 405 254 395 357 270 140 382 200 178 464 221 279 452 406 346 472 275 119 134 304 112 360 407 427 368 179 114 184 119 268 179 413 396 335 235 185 169 265 201 463 265 201 375 270 401 157 390 107 182 446 457 446 261 307 274 441 383 333 330 450 282 395 371 393 148 383 127 434 215 132 379 444 423 272 273 396 432 391 425 322 484 479 253 483 287 226 436 331 156 143 325 344 183 259 178 461 212 470 276 291 284 442 188 203 188 470 402 297 134 199 356 276 346 
447 453 338 407 137 351 189 389 419 407 422 450 452 477 312 155 414 313 361 203 276 400 314 298 360 427 431 179 415 346 158 298 295 121 328 350 123 303 353 115 177 364 387 216 335 373 174 207 273 176 254 322 200 245 315 374 271 362 119 156 166 374 188 347 289 232 379 286 164 121 114 302 241 235 326 458 185 279 469 292 163 349 268 458 259 438 142 373 326 251 463 274 167 274 293 474 216 152 271 450 413 440 165 153 116 436 218 433 356 305 169 378 402 389 368 304 364 103 175 233 365 326 466 481 440 228 467 207 287 265 399 149 236 236 303 276 152 152 269 109 342 161 247 460 267 473 132 231 318 368 
285 459 314 400 201 221 351 431 283 276 242 192 336 156 454 217 210 325 473 156 289 135 108 203 147 196 217 446 364 172 124 424 391 117 251 448 190 357 304 311 161 124 226 359 405 486 320 447 274 303 229 191 244 378 179 483 393 150 409 206 413 150 306 145 199 325 457 349 214 388 133 200 454 344 320 170 139 231 254 471 462 455 171 484 357 374 201 353 143 223 294 352 274 215 282 150 289 303 338 456 323 138 449 323 139 328 411 227 265 475 378 476 364 470 280 419 113 218 104 187 341 284 250 292 148 202 266 294 279 198 408 408 210 222 194 200 170 428 429 315 287 110 200 310 274 125 144 340 360 217 
340 147 277 107 475 305 367 491 291 428 396 426 146 397 440 196 190 475 235 326 270 442 170 394 484 298 113 235 466 414 368 422 425 448 485 158 175 491 483 391 279 381 173 438 186 264 358 467 296 387 165 229 379 165 423 367 379 112 339 291 207 427 238 239 354 189 444 177 188 463 159 403 304 181 379 379 175 141 173 478 387 446 485 290 236 428 477 268 454 172 436 482 332 405 141 291 386 426 471 134 258 252 427 461 140 310 444 369 153 162 253 433 310 259 249 386 426 122 413 484 259 438 180 283 129 218 431 345 257 369 358 333 121 207 365 239 488 355 219 278 438 233 111 288 454 432 223 114 486 312 
243 280 311 271 482 279 177 225 120 326 150 362 272 261 234 210 385 361 212 186 395 436 288 354 342 110 448 245 342 372 267 474 236 423 487 470 410 286 457 188 339 140 235 176 111 103 296 251 132 246 383 178 241 433 128 451 204 393 329 343 320 480 433 290 111 164 432 309 294 151 258 396 147 243 125 426 143 196 463 169 318 295 458 381 461 401 386 268 247 238 271 378 486 338 309 254 191 139 414 248 202 275 480 299 345 330 457 325 410 186 149 160 294 278 420 253 192 135 368 477 481 110 367 348 315 485 182 455 403 323 460 382 284 380 325 196 171 308 355 356 145 261 121 167 456 336 297 389 462 157 
406 407 153 146 135 461 298 315 404 331 399 137 238 125 380 197 480 312 478 427 189 370 425 278 281 471 155 244 321 182 183 149 381 232 398 281 223 308 425 271 161 401 196 461 182 140 243 269 450 343 146 180 449 312 480 119 192 443 328 161 209 410 391 306 373 279 462 370 323 225 103 314 332 198 205 125 125 359 192 150 131 103 326 228 165 234 203 460 400 438 202 370 154 347 171 457 346 462 156 276 212 312 412 305 240 243 285 420 207 198 343 166 478 207 164 217 213 131 248 158 332 243 113 219 396 124 147 362 297 206 290 319 380 173 285 200 408 200 417 463 311 276 177 139 408 103 207 478 389 141 
208 125 384 295 112 441 314 380 308 368 251 457 142 458 292 268 215 362 459 170 156 191 465 164 266 356 107 272 448 389 424 492 428 420 359 347 188 437 255 447 275 169 384 406 377 257 133 105 341 153 437 221 428 403 429 416 314 178 255 280 235 381 405 400 482 216 262 270 375 354 109 207 175 361 155 190 297 407 480 397 215 419 304 467 125 277 401 108 307 317 441 162 193 219 375 138 491 321 145 470 150 273 386 333 456 273 492 143 152 419 322 156 295 309 450 181 306 104 382 304 377 237 376 467 368 380 425 393 262 291 186 378 234 376 260 431 350 281 244 458 170 149 218 275 283 220 325 218 225 438 
283 393 190 338 132 117 254 290 369 248 208 390 133 456 105 418 441 419 293 315 400 219 132 461 197 245 237 238 140 481 297 272 142 368 398 308 303 195 216 333 464 128 330 401 161 182 375 363 493 211 216 329 321 123 311 164 253 476 380 271 166 488 122 257 380 233 492 157 350 449 367 475 116 381 161 457 471 330 452 461 315 259 202 219 214 224 146 241 337 434 462 189 209 352 237 454 126 346 168 476 271 227 285 473 287 427 377 307 400 395 248 217 111 188 146 308 328 287 176 306 420 296 361 444 159 130 154 105 323 117 212 383 232 422 382 213 331 188 183 421 409 202 327 259 263 267 433 479 332 319 
313 485 187 113 463 223 281 271 230 462 267 211 280 443 298 329 487 276 403 320 284 255 243 413 317 366 382 159 391 419 142 323 491 250 306 338 425 360 219 297 430 447 294 237 234 442 169 479 411 279 112 363 117 166 223 115 417 366 335 361 272 395 243 257 359 281 420 156 174 421 305 363 354 435 139 434 192 435 476 399 134 466 167 390 415 283 105 418 348 275 272 133 452 317 212 386 486 138 418 446 114 180 349 104 472 371 414 150 142 192 319 376 155 246 134 263 484 160 164 281 215 105 340 287 462 377 213 304 335 157 265 244 116 451 147 340 318 155 409 163 377 331 425 243 476 445 278 226 144 351 
415 217 489 204 222 428 480 333 453 385 423 174 315 250 175 339 173 197 282 334 321 188 104 342 366 209 105 143 411 486 111 341 269 326 191 338 430 259 258 156 192 186 328 112 328 181 260 208 336 392 314 379 422 344 248 369 163 230 266 205 175 176 293 420 150 135 444 427 127 121 232 377 240 415 142 342 309 480 316 304 139 255 341 487 315 107 357 177 178 150 272 343 352 440 113 219 439 472 233 319 168 206 427 144 121 204 246 129 114 127 172 354 414 322 301 404 445 470 380 129 146 390 261 230 451 127 459 185 172 213 362 444 157 298 316 490 363 393 446 379 345 256 412 467 442 184 219 143 108 217 
299 440 319 358 172 326 159 126 339 270 157 345 253 369 320 154 295 171 273 343 285 212 166 205 412 120 208 220 157 404 351 387 219 357 408 426 403 190 468 378 183 325 328 160 175 224 361 483 164 277 426 320 411 297 311 296 249 351 302 152 492 164 247 166 230 354 473 106 192 112 185 314 259 181 229 148 439 208 136 191 387 310 400 380 148 198 334 353 199 119 243 271 423 203 328 441 353 144 395 169 365 399 459 478 272 477 332 197 251 485 333 127 404 251 480 400 117 138 280 409 434 413 354 166 482 214 204 286 468 194 285 389 428 117 331 215 227 429 158 182 192 473 166 476 485 458 352 252 318 448 
199 464 311 370 493 294 369 286 358 472 466 459 424 212 335 467 258 207 424 458 151 318 117 104 437 376 260 246 395 291 136 429 162 164 396 261 442 170 303 123 108 212 156 470 221 448 345 124 156 124 194 166 324 238 300 205 139 487 124 162 319 302 241 491 197 450 428 237 212 308 113 470 157 452 219 312 226 240 269 399 297 158 111 185 211 395 227 335 267 379 378 336 459 242 342 163 450 294 387 340 472 416 259 290 154 335 253 391 116 127 150 285 393 237 482 460 189 297 229 415 121 111 400 227 168 277 404 426 250 369 193 182 452 238 446 298 224 169 384 371 168 163 295 384 182 149 474 295 488 422 
438 477 310 316 268 259 244 124 125 345 432 451 484 424 111 152 427 408 148 168 433 142 243 306 395 319 279 114 363 292 383 480 132 145 293 446 388 204 261 387 303 152 491 118 206 105 179 216 487 256 455 124 185 296 438 423 223 180 314 293 134 131 430 341 459 308 330 290 433 133 446 140 174 260 395 363 292 270 440 198 250 384 351 467 318 259 141 219 152 117 371 487 200 178 346 120 119 297 279 389 356 442 382 411 140 490 387 428 424 175 485 130 393 441 315 477 264 281 443 142 406 476 227 142 276 425 308 491 331 269 251 453 142 223 434 471 201 442 344 359 209 334 371 292 246 169 332 270 475 177 
133 174 374 194 250 343 459 438 131 167 285 374 451 271 264 257 269 209 325 386 223 144 472 302 272 424 489 203 164 103 305 135 240 181 415 144 391 369 453 480 283 439 377 126 189 273 465 111 187 254 468 430 251 239 229 393 114 115 315 188 280 389 390 336 210 156 153 208 478 397 417 162 282 415 459 295 327 341 306 252 229 204 429 158 445 395 150 233 477 289 187 444 171 397 292 302 388 211 185 369 245 105 235 310 492 134 364 212 131 431 350 297 220 317 190 471 369 423 173 352 428 198 448 344 245 116 255 178 254 214 252 221 423 287 479 223 204 185 146 138 103 372 478 360 236 273 450 422 336 171 
239 263 445 237 302 489 471 439 358 121 461 286 459 434 231 457 293 405 286 466 433 385 458 313 255 268 350 323 460 375 437 493 327 171 485 371 244 246 341 253 372 217 356 149 404 486 251 124 258 145 223 137 474 142 473 229 299 173 405 266 110 162 153 336 408 321 251 381 240 202 421 377 381 178 278 139 451 403 450 375 208 270 229 352 156 348 451 307 270 225 379 322 400 192 309 374 220 444 416 343 457 313 146 181 220 358 240 492 192 306 443 449 405 300 266 241 198 225 356 203 427 264 416 136 291 491 279 240 457 339 309 346 177 351 447 416 190 343 213 158 481 277 336 368 397 209 223 367 232 425 
426 228 370 206 165 404 330 194 445 272 401 461 286 206 352 337 216 412 349 470 413 332 250 136 254 220 280 394 434 161 438 391 338 150 263 312 455 311 487 194 440 346 323 315 247 394 480 368 363 472 166 151 426 291 145 274 139 394 120 325 345 397 136 177 307 143 242 418 208 296 192 291 116 220 336 385 156 250 387 121 226 329 151 204 131 218 316 194 346 170 474 447 221 167 411 355 195 335 310 207 355 268 148 128 345 192 402 172 248 173 493 148 220 201 266 480 205 182 252 122 217 342 393 326 305 131 130 269 446 257 416 191 480 390 368 411 137 198 111 265 332 105 444 423 185 281 147 316 105 428 
272 214 470 243 345 142 382 392 106 475 111 466 426 189 414 317 396 242 132 336 170 174 208 257 224 421 345 435 448 356 298 454 247 337 156 180 114 361 358 268 317 333 201 475 389 217 337 282 205 361 415 209 130 149 308 427 229 251 429 378 452 466 307 189 107 221 425 180 438 206 423 277 396 122 184 354 130 282 350 137 306 134 143 395 182 109 372 372 402 404 421 164 254 211 434 375 493 115 463 386 219 321 180 204 149 389 225 395 148 124 148 454 400 327 244 210 489 123 356 438 426 381 389 164 410 275 105 320 214 119 362 390 104 349 428 211 129 327 233 442 273 418 196 189 144 253 334 130 476 418 
377 155 416 232 124 456 273 454 434 240 350 230 304 310 338 129 409 140 278 249 156 355 251 466 474 387 338 209 186 344 222 119 344 490 315 400 454 285 136 175 268 327 334 350 169 144 380 292 387 327 353 344 403 421 296 390 366 446 177 118 173 314 222 180 208 463 187 487 284 106 321 221 244 162 347 471 256 254 179 228 275 327 384 186 380 462 182 315 235 464 328 114 302 166 147 328 432 278 107 127 199 218 352 263 209 129 319 342 273 249 103 425 255 481 194 267 312 455 347 208 183 367 198 203 379 158 141 350 444 457 356 239 470 166 261 209 161 138 421 346 484 168 299 317 387 216 192 427 236 382 
340 450 341 270 225 299 365 387 410 474 255 209 272 233 291 263 480 216 167 123 170 111 182 257 221 435 137 285 359 458 475 484 235 473 477 428 329 118 374 324 430 197 432 354 306 317 299 450 121 221 244 359 309 235 475 291 348 237 439 236 469 446 257 475 159 295 316 116 437 150 187 458 396 400 206 222 207 293 220 197 161 379 457 182 450 169 269 452 266 345 408 465 471 232 338 117 114 127 439 424 148 134 198 106 344 390 249 469 383 260 139 194 210 252 166 128 454 196 473 216 437 281 383 490 242 317 382 352 301 319 411 235 280 415 447 302 320 465 176 470 492 158 315 193 329 359 473 277 344 162 
350 264 126 376 218 201 194 107 129 329 227 387 328 366 384 205 173 240 188 291 233 137 104 346 350 432 215 294 186 131 292 406 462 327 190 456 391 212 320 175 227 199 487 473 332 387 379 427 402 324 238 436 404 357 186 274 189 490 299 343 432 391 242 394 147 442 185 227 434 340 156 135 492 402 368 342 298 345 137 362 288 251 464 266 370 224 491 484 284 302 203 395 336 180 129 461 456 355 253 231 389 429 360 355 233 357 414 449 199 207 406 414 447 172 300 128 297 157 215 185 151 410 296 206 343 486 181 216 477 489 125 106 108 433 482 251 111 123 258 183 204 130 442 275 230 117 152 465 329 332 
151 336 186 267 430 469 169 231 239 420 367 485 244 451 311 491 233 169 454 148 128 250 251 136 265 274 423 235 364 428 344 319 481 141 135 126 238 129 124 468 144 382 283 168 188 167 135 350 156 480 442 266 352 268 316 412 413 364 121 429 153 317 191 493 431 132 133 469 317 139 317 180 364 200 412 361 385 178 291 141 185 291 237 314 216 223 376 479 130 137 230 131 324 195 154 371 423 383 349 344 440 239 465 280 224 272 152 124 111 385 263 245 433 416 231 103 398 261 365 259 127 359 395 288 170 309 134 441 393 119 104 295 209 411 172 298 347 213 254 490 399 182 453 436 122 249 276 174 121 463 
324 181 332 370 430 157 316 134 344 114 160 489 315 314 362 299 338 375 143 257 144 121 421 252 272 391 164 413 122 468 266 406 375 360 236 259 121 472 430 348 493 466 391 212 288 403 194 162 483 260 212 465 160 267 175 428 223 126 359 247 441 209 186 211 318 318 139 413 478 145 334 302 231 150 398 110 442 289 338 364 216 106 110 181 256 116 276 195 410 310 339 236 156 482 245 200 231 491 332 368 336 363 389 128 354 242 156 152 307 323 358 462 355 371 351 271 138 401 127 218 466 441 491 169 283 181 413 415 190 193 329 205 206 375 411 284 163 362 187 265 370 476 403 301 198 380 136 249 124 448 
266 432 262 324 383 420 368 172 193 327 195 404 493 119 440 326 291 328 198 431 285 389 202 357 139 105 364 359 162 159 422 451 440 122 423 394 180 171 136 262 345 356 468 340 254 283 304 139 211 156 105 324 336 471 266 245 367 264 165 323 468 339 416 389 357 275 345 385 422 108 210 162 209 472 224 216 461 261 284 486 351 197 150 411 182 416 196 427 108 320 360 106 263 207 222 461 367 305 282 384 347 313 106 158 260 428 197 136 305 402 459 436 327 383 336 272 384 370 353 429 115 219 295 227 373 206 459 486 238 453 302 471 149 460 342 274 244 382 129 229 238 357 373 159 407 318 106 314 423 273 
310 326 359 260 132 296 140 206 215 429 482 238 244 295 127 416 448 217 305 485 457 240 226 316 407 477 323 326 162 193 282 266 459 174 161 287 486 134 170 335 289 263 413 137 299 145 126 243 437 235 306 254 334 434 433 287 162 493 163 448 446 259 479 280 114 206 139 229 441 289 245 490 407 225 333 381 424 415 111 179 158 128 255 254 491 486 130 361 485 487 382 267 287 273 227 402 172 262 473 417 330 232 338 202 334 187 236 270 237 480 362 220 194 475 148 289 163 461 169 440 106 464 167 197 192 170 395 481 224 191 486 403 352 380 122 251 304 394 129 209 142 366 380 452 410 189 293 367 300 193 
233 160 439 433 383 404 401 232 466 148 320 106 366 355 197 381 149 304 249 143 399 115 468 466 111 428 479 148 445 231 280 476 360 136 313 126 391 325 159 338 450 193 158 356 219 233 378 163 349 159 281 202 225 420 451 202 224 334 285 268 380 212 395 328 276 454 265 138 248 188 189 248 422 457 112 324 259 420 274 295 154 436 153 174 328 433 123 339 265 238 261 384 453 342 361 210 180 396 306 406 300 114 107 405 219 428 424 124 259 291 241 378 110 217 287 478 423 393 304 224 417 300 114 288 165 223 171 424 316 123 310 247 206 211 129 139 249 341 125 422 218 191 209 360 213 227 133 218 298 473 
303 174 387 165 460 130 291 322 210 488 109 272 340 250 293 300 310 299 162 156 445 358 154 118 250 251 427 410 355 353 456 155 377 263 243 406 173 492 273 438 106 362 202 493 454 111 431 193 124 150 241 190 396 447 218 276 271 490 440 291 393 280 335 224 151 477 262 121 142 291 341 434 480 326 288 316 472 120 411 153 114 105 115 340 153 384 269 291 226 414 297 137 429 484 365 107 295 354 288 479 202 212 427 346 147 207 158 463 301 364 125 171 413 471 143 226 283 389 338 418 318 129 428 492 252 229 235 437 339 393 201 490 207 189 389 110 427 174 367 159 485 473 284 315 474 418 236 211 271 442 
116 377 385 304 221 262 358 453 373 145 279 117 476 364 465 251 267 278 473 345 235 319 449 441 371 348 210 168 434 103 374 479 220 156 164 224 177 292 401 186 414 283 124 241 109 407 241 369 275 442 176 136 400 155 151 116 493 439 403 184 205 152 238 245 249 124 416 338 311 145 416 169 236 280 144 186 221 234 314 259 306 283 449 377 118 185 479 246 393 268 190 302 216 337 218 217 313 254 388 247 139 330 387 276 248 374 434 264 139 403 138 439 455 158 255 310 112 249 289 420 207 295 208 427 210 411 412 183 385 352 280 121 148 399 209 454 490 347 210 482 314 344 135 387 180 126 340 262 234 288 
145 230 273 418 261 466 439 301 416 171 136 296 227 230 277 342 152 452 149 103 152 444 127 395 476 433 168 166 455 482 424 323 171 128 111 407 171 468 407 297 315 251 202 249 221 464 414 420 395 195 267 174 139 478 220 143 336 458 395 264 228 187 131 412 174 273 279 353 191 306 327 475 139 215 320 447 195 444 213 220 253 421 466 412 254 270 277 167 251 447 483 149 404 322 169 112 404 237 478 233 418 166 431 396 392 233 239 307 124 338 367 176 284 341 475 388 156 197 159 236 294 127 448 388 413 455 399 284 357 362 380 205 476 111 386 212 447 349 225 366 173 439 122 213 214 427 184 221 270 232 
350 409 389 452 216 378 111 120 391 236 104 344 418 179 472 323 362 164 489 396 427 387 120 251 116 207 455 465 110 172 407 264 351 347 354 148 198 298 122 145 413 222 270 103 402 135 137 138 191 451 329 191 129 293 121 387 128 121 160 209 425 349 357 122 444 323 266 185 342 276 230 483 184 289 144 272 148 128 124 336 397 487 295 402 473 347 317 288 332 130 392 250 329 392 155 343 400 452 393 314 491 463 348 400 296 105 393 385 448 188 189 116 117 181 363 165 459 466 291 129 110 329 373 245 227 381 266 200 481 111 405 303 393 207 306 323 114 418 422 137 262 491 268 268 285 265 398 261 138 336 
475 308 399 363 128 219 146 457 216 454 343 311 130 371 449 201 335 462 239 342 373 276 127 110 322 420 479 293 389 461 407 209 243 490 183 104 149 456 442 377 276 420 393 295 478 259 451 248 402 412 108 428 333 146 114 143 200 214 108 113 231 257 156 352 468 189 468 348 314 339 449 488 365 365 299 353 352 162 398 239 399 350 183 231 359 326 303 120 231 139 160 104 323 154 255 250 108 360 264 425 110 414 163 189 151 403 296 311 282 467 467 187 252 489 144 263 388 154 417 120 150 429 244 460 483 198 392 272 120 450 147 232 219 183 344 339 290 266 328 241 157 470 483 352 301 236 263 209 331 301 
378 320 199 153 287 357 460 218 227 430 478 225 215 354 446 351 218 452 148 174 327 383 170 202 339 449 226 493 242 185 372 277 363 371 304 279 239 166 178 421 271 230 485 387 373 307 301 142 297 319 296 106 370 247 482 484 376 171 174 112 146 176 118 416 318 449 377 176 236 465 175 257 414 355 139 407 220 298 209 181 152 367 391 198 294 219 369 472 223 231 157 351 199 301 458 192 427 363 469 154 369 417 105 394 126 149 307 493 409 165 347 274 197 322 416 322 453 401 430 370 426 438 241 404 201 446 239 424 234 139 202 382 203 406 361 108 304 204 412 393 355 420 329 225 342 187 240 341 191 205 
446 235 300 428 448 155 412 139 348 363 183 306 394 245 267 197 217 364 361 177 455 266 182 450 205 408 433 174 121 125 273 280 362 315 232 385 237 143 459 310 358 273 270 332 435 132 333 414 154 258 297 343 449 320 185 245 284 255 456 397 201 148 165 198 215 283 155 179 225 371 191 208 328 413 267 200 235 283 406 430 492 420 335 138 199 363 225 300 262 374 355 382 464 357 113 324 489 219 470 256 366 161 262 292 446 241 456 141 201 198 199 149 417 296 488 165 292 215 149 365 344 391 205 268 142 117 395 372 278 475 400 390 464 352 368 323 290 199 385 309 188 410 393 373 480 339 476 117 178 477 
379 128 340 315 430 201 234 317 209 482 126 271 308 438 490 383 336 217 189 299 253 106 380 147 161 124 186 177 423 313 120 492 222 351 208 361 323 385 443 197 145 363 140 453 139 235 275 356 384 228 263 130 153 465 318 365 483 430 189 261 376 366 203 272 383 316 402 481 224 338 426 129 432 423 188 338 208 153 263 459 303 200 259 249 148 365 368 211 119 144 204 413 202 319 447 252 104 416 118 151 155 211 387 282 147 317 315 327 208 438 435 395 210 486 132 358 289 247 296 115 393 424 200 343 271 353 326 315 212 401 334 297 349 456 469 343 105 418 468 333 342 425 440 443 337 294 247 142 268 310 
306 215 437 243 235 482 183 490 423 328 391 353 240 364 238 402 164 429 414 287 337 383 467 201 345 318 294 392 233 485 161 470 246 326 249 292 448 377 264 260 296 118 131 427 145 326 436 265 133 451 294 152 391 124 337 182 122 321 420 344 466 316 157 333 459 378 129 354 435 437 263 374 450 126 335 328 480 162 265 234 471 202 232 336 428 219 452 214 399 415 304 316 422 371 366 436 130 204 280 287 256 342 396 197 233 244 267 436 390 453 372 116 360 170 198 349 345 140 109 268 254 317 137 169 174 454 112 184 399 143 154 346 366 213 458 124 219 269 304 456 217 301 177 276 135 488 316 327 140 216 
216 476 320 362 244 475 420 263 347 488 144 385 285 339 433 372 470 266 146 130 307 271 224 362 137 449 243 335 264 338 248 403 272 224 256 467 271 226 230 206 183 223 272 371 238 286 245 418 173 107 219 492 250 240 162 221 373 436 110 132 254 388 422 424 171 192 224 420 241 412 429 227 114 398 132 430 328 220 468 391 218 301 221 436 137 195 303 223 264 215 427 152 302 314 459 154 344 256 317 259 313 476 160 291 104 173 255 484 441 282 339 132 161 305 396 178 385 420 124 152 281 403 414 305 451 290 408 262 292 306 434 349 305 309 239 427 197 325 306 127 466 199 444 126 177 475 185 431 398 483 
303 431 104 387 115 281 466 317 327 228 227 281 457 411 409 412 270 397 415 138 223 362 266 108 108 380 476 145 397 432 219 485 435 375 331 137 160 435 462 243 163 230 129 206 394 298 351 453 309 486 444 267 270 401 323 305 453 436 416 352 421 351 114 493 299 380 318 376 120 398 449 288 341 493 117 317 187 226 423 113 218 328 185 280 110 199 123 383 229 384 305 329 344 249 244 200 175 333 197 462 454 341 157 205 375 455 290 211 106 462 250 389 269 466 321 122 111 256 118 206 256 346 213 301 427 171 188 314 360 368 132 262 436 257 114 347 331 267 190 205 427 284 492 107 345 136 419 120 245 481 
233 181 339 313 120 365 390 133 268 120 249 203 147 317 443 360 476 308 133 385 219 403 200 241 179 243 430 237 464 424 115 305 124 394 395 251 279 356 227 195 302 133 400 193 320 204 236 154 245 256 451 355 166 262 386 321 318 183 459 326 443 188 123 320 388 437 433 194 119 263 174 459 153 483 289 153 281 224 365 128 321 302 210 448 290 476 451 412 404 113 272 436 447 422 321 398 105 301 131 146 170 155 377 442 321 391 448 439 323 327 235 404 256 140 391 169 362 331 459 228 274 144 438 155 168 352 328 386 121 277 311 323 329 213 276 112 447 139 263 340 195 362 305 258 349 276 183 140 457 433 
329 453 477 394 334 349 297 316 489 431 440 275 188 120 336 450 218 283 325 385 200 162 410 281 245 420 436 281 319 180 376 223 237 444 276 165 240 396 427 362 139 163 323 313 270 307 445 146 481 219 429 239 128 212 200 444 121 216 242 272 176 372 127 337 209 115 249 336 278 311 458 167 381 325 487 211 492 119 291 187 291 228 197 112 182 244 426 316 209 314 287 174 435 173 209 435 482 475 413 457 414 343 377 268 369 383 210 221 463 140 198 324 105 258 169 479 244 154 264 336 279 233 312 255 253 353 110 122 296 270 469 247 425 420 220 158 125 421 364 379 166 276 179 314 226 310 347 478 476 126 
262 375 179 249 172 365 239 240 152 345 274 170 353 273 145 386 467 382 193 463 336 273 121 280 113 351 175 357 418 272 323 471 301 364 241 115 412 289 363 312 332 155 289 112 136 262 279 471 370 187 449 422 134 251 425 260 221 223 267 417 402 114 197 190 392 369 397 351 255 426 323 436 452 183 174 322 156 168 425 420 383 326 217 183 300 167 385 311 152 165 157 179 304 462 109 346 112 458 161 245 325 262 461 359 123 347 463 176 446 333 270 466 264 476 426 108 195 434 396 126 462 148 124 373 328 454 247 184 427 416 240 148 275 204 180 193 470 416 410 306 429 148 227 179 255 181 308 491 415 435 
117 369 279 182 130 489 325 165 395 386 253 336 208 154 416 325 151 353 117 372 144 168 391 401 425 198 324 230 357 488 111 120 140 169 369 323 249 431 356 353 182 485 289 170 483 399 171 233 292 140 242 248 151 291 200 328 461 358 304 265 268 264 294 126 167 285 304 412 150 328 465 165 103 162 329 148 162 104 207 184 352 405 143 421 171 458 127 124 464 444 217 128 117 123 233 326 189 286 241 257 189 109 168 322 401 411 473 212 363 135 172 360 131 326 486 156 178 331 122 451 142 241 458 397 305 176 171 438 475 152 145 173 216 323 345 446 483 480 247 254 348 195 352 142 352 253 424 213 282 417 
118 185 215 305 182 153 385 391 170 302 282 386 223 322 256 457 197 418 251 327 469 260 454 315 114 204 432 379 267 335 415 338 358 185 258 421 414 197 313 446 268 180 223 473 373 399 347 212 251 395 395 391 384 216 116 425 136 438 170 489 343 349 353 360 490 148 328 304 468 416 288 229 395 222 154 308 312 234 208 179 323 468 223 373 370 287 259 204 352 174 219 320 247 358 149 460 460 250 463 300 224 413 422 277 489 144 170 241 295 207 206 226 471 163 292 199 399 337 396 421 251 383 369 130 423 201 279 121 403 385 187 461 442 478 454 180 335 340 484 489 412 204 142 236 106 338 196 315 437 438 
164 157 119 378 158 465 172 292 361 164 233 150 230 109 105 263 391 431 418 301 369 479 441 417 460 462 435 282 398 199 441 184 109 215 316 375 236 470 112 308 196 152 214 483 450 315 183 379 364 378 110 316 492 352 428 335 423 178 190 223 277 343 335 216 395 169 469 417 123 476 114 236 125 232 344 151 141 256 337 318 114 489 107 302 260 486 116 360 461 130 376 176 163 200 423 175 239 421 413 426 194 338 432 184 275 477 306 127 482 279 215 484 482 239 416 105 147 296 232 182 414 465 387 296 454 157 410 402 476 258 256 288 368 377 407 180 431 152 228 410 320 305 183 208 117 124 320 334 107 351 
333 489 271 483 386 276 182 482 423 266 119 196 348 184 273 199 434 111 447 418 300 127 252 170 336 200 418 147 251 151 438 450 377 145 188 359 290 420 374 449 369 192 353 278 400 167 174 136 233 179 194 220 253 179 322 282 406 113 433 422 245 243 143 132 154 466 398 448 444 310 206 107 215 260 398 415 126 370 396 260 400 485 255 239 419 369 488 455 270 424 485 227 408 462 451 306 323 324 291 239 346 406 197 144 124 390 156 472 151 167 166 271 374 139 446 416 380 260 160 264 194 175 404 281 162 256 379 305 214 212 395 367 425 208 466 248 283 415 173 115 475 216 433 317 288 344 469 270 373 354 
435 478 492 399 119 325 151 466 164 167 474 452 470 232 435 416 395 236 384 232 233 396 111 321 306 287 493 357 137 266 448 258 190 325 469 217 375 124 313 372 348 362 456 146 442 351 174 376 390 391 490 166 462 375 264 478 386 131 430 400 237 261 248 384 435 402 131 276 181 462 387 119 109 353 261 267 151 223 210 155 268 230 266 156 336 462 289 205 219 128 162 428 190 333 215 459 354 405 104 373 427 180 115 363 399 332 326 457 160 116 354 111 405 113 450 364 120 481 137 401 443 405 264 292 415 198 419 228 232 273 309 109 295 166 180 268 141 276 106 130 252 256 355 122 415 230 274 304 345 231 
201 379 173 194 174 395 437 217 150 106 339 398 267 433 223 286 146 136 129 440 364 487 367 165 349 118 151 221 217 456 257 149 143 213 217 330 264 138 363 382 115 108 353 467 349 219 239 240 431 226 414 199 245 336 441 458 467 107 285 114 448 142 211 134 212 371 285 361 278 249 133 326 275 347 334 483 254 184 317 405 127 293 414 131 205 318 246 360 277 270 390 419 300 104 461 245 345 319 401 183 325 346 158 175 144 415 291 470 456 107 349 219 218 292 185 198 121 451 319 164 315 451 324 402 334 104 167 413 311 224 150 423 313 389 274 442 427 239 184 435 416 213 467 157 373 397 425 137 198 345 
141 307 299 411 491 295 122 432 285 425 485 222 196 474 409 375 214 465 492 436 280 133 208 414 218 445 442 440 148 234 308 469 202 285 194 124 428 303 185 472 114 415 493 454 210 370 264 190 294 327 202 107 338 192 479 120 177 107 482 238 274 186 433 297 400 202 122 181 222 389 333 481 108 371 396 222 209 429 373 110 303 364 481 245 385 359 119 399 392 338 323 385 148 411 201 283 146 113 490 474 353 197 430 362 146 397 440 257 246 314 147 319 111 242 161 438 442 304 136 416 299 342 395 208 471 105 220 427 394 221 278 364 364 263 138 264 206 432 423 118 291 296 200 411 357 473 152 382 328 253 
268 161 312 345 152 347 361 469 260 174 367 447 263 316 331 416 310 490 161 236 451 321 332 441 306 215 161 476 456 299 339 112 406 161 300 294 245 476 132 117 151 393 128 362 115 361 126 252 425 303 440 416 137 128 279 460 303 302 265 211 379 371 295 237 119 292 380 150 330 318 270 127 426 169 218 125 191 217 221 303 144 270 339 205 340 447 103 466 213 309 313 235 292 278 388 163 139 291 463 238 149 453 371 389 177 449 446 180 182 394 112 436 443 318 106 244 279 356 106 379 107 219 399 465 232 240 278 230 378 304 372 246 285 351 251 122 218 164 253 297 363 235 222 246 368 141 409 236 163 217 
375 327 225 380 124 203 254 231 448 447 349 171 368 410 121 377 419 457 188 345 232 334 113 255 420 403 368 262 194 268 409 281 289 340 219 163 349 301 408 403 384 340 260 277 149 184 183 165 321 316 288 428 204 164 424 291 403 343 278 163 213 369 369 367 190 318 476 433 141 329 382 121 255 407 429 397 114 288 166 478 311 131 450 470 331 261 165 254 394 166 129 388 286 226 170 469 492 468 142 307 450 216 459 467 262 218 304 295 278 248 269 275 492 467 337 383 143 491 219 490 488 488 235 183 275 371 252 449 232 401 326 252 468 289 432 362 282 133 362 321 226 456 315 137 406 405 311 247 302 180 
216 136 374 366 413 147 365 107 381 255 271 235 371 277 275 479 411 218 447 214 169 149 264 140 351 305 300 408 418 245 374 173 161 117 344 142 456 126 177 417 417 380 196 185 400 405 129 217 180 397 478 301 126 116 342 126 382 307 271 402 450 349 238 171 481 325 380 479 345 259 209 173 410 256 488 419 136 238 172 124 238 465 220 325 249 149 417 474 268 436 168 302 132 258 211 354 358 319 255 390 429 284 426 376 226 149 279 166 460 384 123 134 482 402 353 309 181 106 108 491 353 422 284 216 475 371 342 281 137 248 172 267 145 459 135 272 366 280 408 469 432 458 310 435 382 491 366 130 491 317 
200 106 389 478 465 266 310 400 366 383 169 105 378 134 137 128 357 212 159 431 444 453 396 129 230 163 340 418 293 273 361 145 407 256 104 215 166 482 413 250 167 427 134 345 127 196 105 384 389 317 266 103 241 247 231 172 402 175 346 270 170 245 313 313 173 184 220 371 270 305 385 220 249 119 437 142 156 298 353 211 490 431 428 110 135 417 481 383 239 233 301 253 225 270 185 437 211 277 358 408 146 298 341 489 410 490 295 411 317 426 262 259 415 144 299 248 251 112 130 261 478 309 306 210 341 404 342 324 257 242 380 239 380 113 414 107 188 272 375 123 276 192 147 338 195 388 298 400 277 470 
203 307 324 460 477 410 418 217 457 306 113 392 382 136 482 237 389 395 123 347 236 192 444 187 452 342 288 331 184 144 262 353 268 421 203 326 486 412 270 233 329 254 169 287 181 197 366 377 289 345 343 306 179 419 143 357 293 326 216 129 440 387 345 305 279 478 159 254 443 226 206 282 446 475 189 175 491 233 152 405 426 492 465 475 218 271 253 297 222 408 456 323 428 236 438 308 436 489 305 441 278 106 264 166 264 400 206 211 240 458 183 404 281 295 213 160 120 413 151 474 406 344 257 388 304 177 156 336 305 187 188 477 144 420 264 248 368 392 234 385 409 173 287 341 484 110 253 150 133 353 
357 280 175 462 215 365 225 461 160 317 143 456 436 159 129 308 241 448 479 315 371 486 273 226 163 344 422 276 322 170 336 178 153 256 344 337 154 464 129 403 177 209 383 234 130 195 389 144 163 358 277 106 389 414 312 196 322 177 269 388 248 118 285 145 157 290 340 344 482 296 396 229 192 152 431 420 144 464 354 371 210 238 277 157 203 464 208 452 460 325 309 214 440 220 278 427 404 460 137 392 130 381 292 269 439 351 153 121 246 418 320 378 192 216 490 399 322 218 282 389 361 309 376 346 143 283 104 484 356 216 157 116 222 282 152 365 219 402 121 295 120 250 286 467 463 460 444 239 326 460 
228 193 231 284 192 309 178 171 217 160 110 453 357 367 365 253 331 295 117 337 305 168 450 284 285 213 227 450 282 162 243 451 414 382 485 348 389 293 297 430 130 418 192 257 386 363 379 400 195 283 170 137 216 186 333 484 158 184 318 241 144 335 344 293 379 281 453 294 232 161 490 435 164 115 312 466 442 224 315 125 214 393 163 272 365 270 168 368 289 253 373 255 142 213 140 252 490 488 401 146 335 275 208 205 170 400 392 234 489 223 152 325 263 332 429 311 486 457 151 296 346 180 272 249 306 137 373 426 217 182 254 105 330 375 130 431 146 383 179 409 174 377 114 389 478 243 114 486 404 189 
391 201 309 116 182 381 171 434 198 145 132 148 127 325 325 183 380 355 210 197 463 423 204 222 138 154 482 473 186 201 434 492 474 422 215 317 484 465 262 425 397 276 218 177 440 256 381 367 117 183 422 353 296 310 468 196 286 133 316 366 434 350 115 123 424 367 424 384 444 134 238 418 296 465 132 421 151 246 431 424 171 223 442 381 238 437 464 475 260 365 258 180 228 315 345 466 263 448 410 413 434 439 304 417 114 480 383 452 331 137 253 249 159 334 479 297 329 111 176 170 239 487 223 307 152 162 267 361 294 186 188 239 258 292 420 113 421 164 297 231 265 480 139 275 238 403 320 152 346 368 
325 288 189 346 121 493 247 403 237 425 292 144 402 406 159 344 170 367 403 296 106 196 320 393 468 396 153 212 147 153 269 151 283 213 312 146 374 265 121 108 393 187 346 493 200 316 369 156 347 219 471 154 457 366 225 454 290 288 474 112 188 191 182 182 332 147 216 199 485 155 228 299 410 363 320 273 486 158 354 413 303 309 241 489 174 424 315 376 264 253 225 258 105 105 351 271 255 135 444 425 147 231 442 412 129 126 478 196 275 310 452 118 236 108 326 372 451 172 259 215 134 178 442 212 283 337 318 315 362 314 219 436 143 191 339 176 299 190 174 326 232 371 268 187 376 424 153 257 376 317 
415 449 358 202 221 451 389 458 455 208 258 141 433 369 336 477 367 290 305 167 250 204 394 447 472 149 369 247 173 377 267 120 417 134 435 232 279 236 340 491 459 139 224 214 263 265 438 325 360 477 282 358 312 491 316 411 181 367 322 262 298 454 234 125 375 307 118 398 173 431 336 139 458 233 215 396 256 457 209 349 275 174 155 291 213 225 404 467 215 294 404 481 465 300 461 265 300 480 482 326 375 379 207 413 160 484 397 475 437 236 135 159 439 320 234 174 295 438 465 226 427 216 249 239 441 479 311 210 139 320 134 469 427 434 184 391 381 282 251 404 262 142 169 139 322 168 186 280 382 333 
362 489 491 256 182 374 147 124 400 303 199 378 356 207 467 227 241 157 387 171 104 381 285 160 144 456 427 387 290 301 327 171 453 222 184 472 193 348 451 483 120 256 136 398 161 117 283 461 228 309 226 487 320 148 287 136 320 261 383 192 435 183 338 246 487 427 238 118 436 234 317 256 485 135 208 104 384 334 458 219 443 444 486 195 427 241 429 372 463 267 138 332 263 403 135 175 282 117 411 105 341 487 305 203 372 350 334 389 120 420 194 278 376 329 320 259 480 164 252 297 329 213 292 180 470 441 351 225 446 461 131 344 142 123 282 220 325 313 107 461 328 251 456 396 361 107 218 167 333 375 
131 137 118 113 322 207 342 349 121 188 337 158 259 395 136 287 396 348 424 343 103 180 359 176 309 442 392 147 419 222 424 208 388 193 349 162 454 462 421 372 197 193 356 148 210 463 209 481 113 125 206 444 108 408 103 257 400 201 184 265 491 373 400 413 265 194 295 126 491 325 176 124 175 325 440 427 264 462 186 197 224 226 212 153 273 400 383 179 195 220 437 230 359 191 440 335 236 316 468 127 454 110 328 153 212 290 168 419 423 157 436 328 485 291 415 489 350 445 256 217 227 190 479 276 436 140 442 287 139 133 124 458 113 297 349 469 217 297 328 142 168 279 232 252 119 110 466 283 167 213 
383 374 379 165 130 305 275 201 384 405 105 121 215 361 206 418 231 305 143 187 418 383 412 172 364 443 362 234 410 209 139 403 178 336 428 443 414 424 366 198 230 436 281 222 308 122 335 281 144 141 119 462 222 271 224 251 163 429 326 184 411 190 166 231 257 186 268 129 307 145 423 318 138 169 188 359 174 290 277 170 208 245 414 230 335 391 366 397 376 249 380 306 263 447 388 231 153 433 293 123 166 172 201 195 394 279 162 384 189 401 170 446 133 357 157 224 112 453 137 158 331 484 385 490 305 307 137 445 143 476 266 466 152 399 324 377 486 354 234 377 204 267 299 477 286 189 305 419 393 457 
292 127 245 400 263 130 140 243 430 421 281 321 402 354 488 430 297 125 199 142 283 421 175 461 459 281 373 311 449 245 183 120 380 180 412 111 343 131 306 163 114 170 279 318 182 258 191 290 239 153 164 475 148 357 460 279 279 392 115 441 109 168 373 156 143 286 203 395 192 367 105 377 428 292 111 413 430 193 277 163 344 366 296 453 263 118 301 420 478 451 161 449 362 392 224 367 185 361 146 265 300 162 232 168 321 224 239 407 404 409 433 106 476 397 217 116 144 112 198 358 292 207 400 447 291 481 144 458 356 464 475 229 182 261 436 344 232 479 413 220 489 243 248 461 242 226 187 216 369 164 
151 456 345 489 396 122 311 135 341 435 423 141 234 274 161 148 311 125 221 250 446 415 325 329 111 414 455 105 269 434 461 394 298 213 438 266 401 198 141 223 348 361 491 442 177 146 143 223 402 315 460 111 303 453 256 399 327 411 364 368 217 390 203 462 469 280 389 256 374 119 346 424 137 359 270 105 361 189 404 105 298 133 479 424 235 223 265 420 318 151 111 411 166 377 390 421 229 398 463 243 423 489 219 302 263 134 126 299 259 491 233 138 267 401 184 295 432 381 363 262 376 327 354 307 136 479 370 334 361 111 419 120 125 140 443 442 144 399 125 204 380 126 339 106 355 242 440 392 103 170 
298 267 149 126 399 159 318 358 217 429 195 434 222 150 178 362 469 298 262 425 130 305 219 427 169 125 401 260 448 260 272 279 293 388 397 305 121 263 444 300 228 439 302 292 443 341 395 225 261 131 317 306 222 255 305 318 423 171 292 197 372 450 433 293 356 269 423 371 270 431 299 361 417 431 289 374 169 324 306 409 333 392 386 111 306 462 224 437 475 337 143 306 366 322 240 332 271 469 317 295 407 430 291 150 421 282 173 337 172 440 392 304 112 264 259 149 428 405 252 372 323 201 405 232 212 366 163 452 236 253 185 317 460 183 466 342 110 407 127 338 242 207 477 154 439 254 170 238 133 324 
365 185 234 228 396 349 397 453 389 250 185 451 163 139 327 255 265 422 306 138 321 461 484 429 334 412 215 487 405 171 219 368 249 445 156 222 342 217 290 192 308 182 226 122 482 179 407 435 184 273 149 426 208 271 399 173 124 351 405 356 166 143 165 436 310 226 154 305 282 409 306 164 244 151 362 127 351 209 317 325 327 145 355 272 106 307 265 441 214 401 275 416 481 136 316 137 263 103 261 201 167 474 259 442 109 271 430 281 198 225 216 270 315 259 244 467 220 443 325 357 205 438 458 265 317 380 348 477 402 290 438 234 202 257 335 210 437 137 297 438 220 408 256 379 246 167 287 273 211 277 
470 416 113 164 177 454 304 417 226 148 277 461 295 443 171 219 205 250 312 416 112 477 220 423 347 473 426 209 176 197 432 418 261 479 374 366 239 417 472 376 164 309 103 203 312 273 316 429 375 111 309 400 393 110 185 217 215 117 334 232 268 394 151 489 122 401 216 401 318 355 131 244 245 427 384 388 313 334 437 259 259 457 312 298 134 430 435 340 416 403 197 491 370 389 326 464 481 374 125 176 377 155 326 106 256 206 164 331 429 135 246 186 285 223 286 103 249 258 164 408 457 483 399 143 189 238 225 412 106 111 125 194 322 388 322 206 289 290 368 357 219 364 236 294 196 192 260 156 399 148 
372 421 365 335 234 456 150 266 376 123 143 236 327 383 153 434 185 233 457 397 440 184 301 266 318 422 416 246 349 119 297 109 211 170 148 471 310 482 461 466 412 284 417 333 391 142 402 206 334 312 112 146 473 141 212 160 218 147 481 401 390 241 482 210 188 269 456 434 332 347 301 416 236 348 203 105 124 210 292 323 439 297 118 258 258 318 122 200 436 461 360 339 123 295 436 324 468 457 134 126 163 398 406 117 169 460 402 256 154 224 178 344 189 181 406 179 335 464 328 371 471 325 211 304 159 161 336 188 478 218 290 456 148 425 269 487 237 481 412 368 366 418 172 409 322 462 124 168 433 291 
284 283 467 263 251 264 245 391 389 147 204 407 273 370 492 183 228 272 130 301 110 492 239 138 481 276 371 283 439 181 176 270 353 205 156 337 275 250 475 242 219 242 231 407 353 270 115 243 251 169 274 267 490 377 277 218 352 311 285 443 374 265 279 149 491 429 491 188 187 288 146 237 241 104 224 202 486 420 103 424 453 314 253 460 384 395 133 269 401 480 138 269 257 307 410 107 486 357 310 206 262 398 264 473 397 415 350 254 225 105 238 253 318 217 158 105 320 143 358 170 174 428 238 113 398 378 486 481 199 450 262 191 464 338 481 218 167 176 443 437 141 456 436 303 394 196 328 329 156 109 
428 413 382 267 360 459 463 331 305 393 135 443 204 294 320 472 299 355 159 426 131 409 105 387 403 247 470 401 207 225 227 312 253 251 261 211 138 193 382 158 116 340 212 198 118 437 493 170 270 391 410 322 406 451 448 281 214 311 350 279 393 333 306 389 131 116 160 265 397 176 446 339 306 317 106 317 290 336 432 315 396 419 369 169 437 250 200 105 215 290 193 187 440 235 272 484 201 171 443 477 228 337 404 455 369 256 221 216 399 430 121 213 186 329 311 232 218 138 147 244 123 165 182 415 201 135 264 310 220 440 277 294 241 270 394 350 198 259 170 419 183 471 427 157 415 209 376 339 424 199 
416 342 446 346 382 113 200 179 246 126 275 246 270 389 210 349 422 295 488 332 132 261 474 358 471 177 419 459 288 283 426 292 368 216 291 346 465 172 293 422 103 104 210 161 307 339 331 443 264 255 397 241 200 397 423 125 333 177 400 230 230 458 388 290 159 106 470 362 330 224 444 159 227 187 159 474 470 271 316 203 407 178 144 399 244 436 213 416 347 188 184 341 465 296 325 110 262 219 400 413 119 324 241 299 325 420 341 478 228 294 222 266 430 340 434 257 181 467 381 244 307 292 269 318 143 323 160 195 493 418 374 186 416 309 389 392 114 336 223 137 361 351 166 395 479 151 154 177 335 192 
297 349 219 446 440 239 323 270 261 215 373 197 105 253 369 399 441 404 399 198 362 123 229 479 315 319 423 373 143 143 179 277 493 387 275 348 425 442 198 275 387 345 279 179 274 394 170 444 462 226 179 125 361 150 119 104 478 123 440 260 107 279 273 375 147 180 255 201 485 429 301 246 460 470 451 300 469 250 343 123 449 186 487 229 478 378 180 476 178 185 315 272 290 197 110 143 231 187 273 189 189 252 264 136 208 361 335 195 109 313 148 174 254 204 483 414 431 264 115 130 182 375 131 247 318 257 437 323 321 430 415 255 227 219 273 107 483 243 344 107 370 178 342 296 417 403 257 215 180 294 
326 284 377 178 394 415 209 266 403 128 311 106 279 290 116 127 344 295 136 437 252 111 209 425 420 225 450 364 130 289 216 476 196 311 350 141 118 433 401 151 330 282 307 360 140 373 444 111 325 271 257 149 447 472 358 410 336 328 312 488 493 465 437 437 224 265 150 394 144 108 331 422 317 288 451 408 387 444 304 320 176 466 139 187 247 320 185 193 348 472 461 145 242 421 374 309 175 322 207 286 159 425 492 416 254 142 322 224 378 327 147 374 377 449 397 195 396 186 245 358 173 323 363 458 159 229 476 103 275 137 438 143 280 112 234 211 286 471 108 281 319 128 441 163 462 405 476 250 188 137 
348 386 413 124 417 252 253 167 323 290 264 141 377 481 216 287 316 119 446 266 425 162 155 244 304 402 417 413 104 434 470 454 318 121 440 202 402 396 462 470 129 437 437 244 159 279 104 266 245 215 464 390 414 191 203 280 328 161 326 383 120 367 273 397 393 265 114 307 139 158 210 455 256 183 373 439 300 369 460 481 386 164 435 246 104 456 310 283 362 462 242 345 480 158 352 285 252 396 196 268 476 322 403 270 369 344 177 388 369 283 357 359 484 202 134 166 230 254 259 416 489 329 466 103 190 346 354 447 135 158 312 163 208 296 399 188 387 463 332 408 277 422 134 123 386 443 144 196 388 322 
283 221 436 129 205 330 214 166 253 166 374 364 208 121 360 453 143 279 420 258 343 151 478 137 126 381 375 138 289 145 291 407 366 473 127 175 218 318 488 128 476 410 229 170 351 113 302 405 180 250 380 374 103 269 380 449 104 164 331 323 325 221 223 400 427 143 369 270 463 114 464 477 366 274 225 383 300 346 377 112 339 402 378 164 233 397 130 298 103 391 339 192 138 379 469 375 403 127 145 346 406 109 229 141 166 168 316 254 461 259 178 461 119 166 337 109 471 147 367 284 204 405 397 256 268 159 333 462 129 337 342 332 280 446 315 152 196 372 172 492 341 290 186 408 479 151 151 128 431 121 
392 254 401 304 398 450 257 451 364 120 291 404 381 140 319 279 116 132 438 419 457 122 365 207 409 360 233 469 487 364 222 270 137 265 291 360 291 454 130 313 146 119 480 388 251 150 333 146 295 119 293 433 198 173 175 312 447 314 391 244 285 415 199 268 448 426 395 335 332 153 202 121 167 105 429 207 322 410 425 291 293 398 443 413 140 112 150 124 335 369 155 293 356 119 414 489 356 253 217 261 266 273 384 285 460 416 267 293 197 382 423 378 339 423 264 119 269 264 477 131 481 387 166 198 218 410 395 222 401 163 304 340 121 140 231 437 335 441 213 439 158 379 176 400 346 127 290 306 416 354 
197 313 442 148 244 256 475 403 236 436 232 103 139 153 194 300 291 456 365 313 200 188 465 266 366 151 486 176 164 452 424 284 230 157 399 338 391 145 105 441 374 473 184 249 241 115 176 204 267 400 159 440 370 256 323 104 307 345 380 225 339 356 376 314 391 184 278 148 285 242 214 230 251 429 193 127 429 418 397 429 179 372 221 415 141 463 490 209 360 167 270 313 436 420 270 192 426 361 485 183 133 120 356 467 320 312 165 468 235 453 202 153 466 410 357 461 187 458 183 384 443 208 435 493 391 196 459 386 437 478 306 188 379 418 225 240 460 180 473 382 383 455 418 368 121 126 470 294 131 353 
399 233 152 215 141 153 238 487 399 463 492 473 155 350 388 193 122 368 353 355 403 121 320 293 234 222 282 133 255 124 153 123 488 154 236 165 236 474 280 178 287 338 403 369 375 401 459 268 303 251 204 293 120 456 210 482 159 393 423 434 139 287 488 250 377 175 198 305 345 384 388 239 122 238 405 408 354 326 273 276 330 378 320 113 132 305 360 308 470 230 301 173 348 478 473 228 278 219 414 260 392 108 395 110 234 241 478 399 450 290 299 406 463 479 449 373 255 344 361 187 487 121 425 239 239 208 206 478 483 389 227 323 415 313 103 252 161 215 249 158 333 193 367 297 469 454 293 252 266 224 
350 238 450 157 342 324 144 287 167 159 239 181 327 272 373 338 364 477 189 407 183 193 138 399 181 364 382 107 456 309 166 472 142 402 226 305 111 197 305 194 201 109 129 341 309 190 279 271 277 415 217 312 411 228 178 358 438 132 451 178 403 403 115 200 178 473 123 109 440 436 489 170 114 318 279 318 479 276 324 215 484 385 373 131 465 379 215 463 214 169 126 166 176 249 408 199 355 483 371 302 344 401 303 184 248 395 165 321 409 388 201 265 297 263 250 124 376 432 189 162 251 430 143 321 411 150 243 228 323 446 381 354 230 440 397 410 478 186 436 313 483 269 391 251 261 350 314 103 466 161 
178 361 309 204 358 240 272 478 355 290 394 418 118 194 375 289 376 348 482 471 218 258 266 228 123 303 482 265 231 329 169 467 490 216 304 262 492 369 123 238 131 140 252 247 310 424 373 412 382 201 484 332 236 250 242 149 411 336 486 265 164 362 173 331 452 285 123 215 184 187 213 225 170 285 374 187 314 413 284 456 291 474 473 201 323 422 451 363 481 463 248 311 183 343 213 416 149 342 213 388 263 103 420 257 219 130 162 269 427 147 238 443 271 263 279 186 296 130 145 109 232 288 342 338 328 256 340 477 169 346 107 168 328 278 375 223 128 199 271 440 273 317 435 256 422 129 462 126 372 446 
217 260 140 339 457 377 354 438 278 320 131 466 309 343 312 264 220 331 444 303 443 268 168 142 176 195 488 260 173 393 418 208 375 157 399 314 303 350 481 433 113 201 233 208 387 372 425 148 329 453 173 395 325 135 335 300 215 105 179 262 311 274 337 341 440 455 371 437 378 339 243 135 120 318 427 206 287 272 413 207 217 325 290 147 455 271 422 422 167 281 126 475 140 260 458 103 302 245 215 410 124 489 114 404 192 488 295 200 179 469 205 191 254 110 470 243 465 244 275 290 107 227 161 317 238 213 353 341 144 178 247 469 253 443 131 265 315 135 105 347 418 325 143 419 307 460 104 219 122 131 
389 470 348 390 217 426 410 190 329 332 275 257 365 426 215 332 417 144 255 452 475 162 451 175 405 323 217 219 394 383 420 350 371 295 396 374 237 351 226 356 203 395 264 217 321 148 136 140 364 421 337 237 157 122 252 376 162 173 272 230 169 306 302 323 365 278 210 160 449 237 432 174 189 199 383 357 255 318 443 209 118 487 233 134 372 368 103 248 438 203 192 386 476 480 364 232 116 417 258 413 374 326 139 280 282 433 366 327 113 189 232 397 309 194 412 228 457 149 201 303 247 272 246 442 175 436 284 124 484 241 245 182 466 150 376 212 307 171 459 128 217 323 282 448 457 112 364 229 331 413 
396 332 111 359 228 151 364 359 393 420 453 422 373 285 304 160 204 291 398 397 173 347 130 303 430 470 384 356 417 393 249 109 421 240 316 386 216 491 490 443 356 411 240 376 309 400 310 178 328 149 218 210 159 146 176 391 426 334 386 418 168 118 257 177 228 373 437 454 253 148 301 355 448 360 417 418 161 303 326 219 427 299 426 173 250 313 337 406 347 120 149 477 242 231 204 192 467 460 112 154 116 292 390 300 463 303 142 310 331 288 384 432 334 379 489 209 195 479 174 388 448 364 216 282 367 220 150 161 157 485 381 173 447 454 127 384 125 335 441 288 471 353 203 248 455 465 271 155 183 146 
478 334 195 122 429 120 167 165 103 119 203 429 433 344 188 227 224 105 214 112 364 428 298 115 334 456 473 197 348 305 355 116 421 276 440 296 128 492 331 463 377 428 341 388 123 435 234 383 236 343 425 237 396 242 407 287 120 474 369 290 295 320 329 246 289 224 383 472 361 264 225 199 294 340 392 464 444 319 475 173 124 427 266 401 115 260 465 195 259 308 229 271 266 323 336 122 200 286 169 362 131 283 228 178 490 414 230 229 291 454 279 105 447 126 301 107 462 241 162 121 227 299 467 186 293 233 271 482 219 399 147 250 436 324 286 280 387 324 409 413 317 362 116 395 342 435 402 272 427 286 
164 408 327 397 394 405 227 117 123 484 252 418 180 213 323 403 417 245 400 284 234 305 243 387 428 462 327 352 131 298 244 330 230 207 146 257 469 256 188 216 317 411 371 486 493 292 437 333 238 484 182 306 107 114 307 103 451 371 364 474 433 464 406 469 483 289 296 288 203 171 133 249 181 348 135 253 168 423 278 353 344 178 271 225 454 194 170 248 268 107 335 152 491 412 430 277 388 423 144 205 281 408 254 112 439 491 177 265 277 345 233 308 203 199 171 310 223 164 253 412 356 397 307 387 175 422 198 455 135 237 358 359 217 236 374 328 194 473 214 357 340 221 195 412 155 320 436 353 323 324 
139 420 265 228 337 219 195 442 489 258 151 275 183 445 433 251 428 421 346 413 262 230 167 223 346 315 356 301 330 121 278 409 218 286 301 463 484 295 199 294 136 490 349 386 230 129 195 415 343 162 228 118 424 265 163 486 125 232 478 457 195 421 118 262 330 279 469 384 350 192 260 199 185 413 451 286 398 177 359 443 135 117 426 336 338 198 443 126 177 219 282 358 160 221 244 104 461 240 467 338 413 335 235 339 412 152 351 445 109 272 118 139 301 420 316 305 125 485 242 169 416 487 399 338 242 220 287 195 469 305 208 473 289 285 323 383 427 256 174 247 103 209 235 289 360 485 320 119 272 385 
162 213 323 396 360 359 349 402 290 349 214 189 223 122 324 260 279 429 265 386 462 138 368 414 121 260 168 325 233 358 108 288 227 272 120 308 455 416 110 395 188 178 385 480 408 110 310 355 444 488 160 354 484 416 258 365 404 387 180 116 278 172 284 242 221 378 342 232 264 119 213 431 115 374 118 152 252 210 169 325 175 256 341 197 385 462 358 321 237 342 192 387 298 275 108 150 346 433 249 233 386 133 231 225 241 378 221 350 109 392 324 416 200 180 111 343 284 493 285 235 323 222 216 290 191 490 278 398 222 127 448 402 361 166 370 371 231 356 222 344 215 226 192 119 184 248 312 123 359 154 
322 277 209 427 328 397 244 128 326 283 106 367 391 214 118 255 293 210 356 420 348 173 431 455 409 460 159 124 440 172 213 146 444 487 461 266 277 473 395 257 326 223 437 104 196 170 356 429 248 277 376 170 341 144 148 186 139 275 401 460 231 271 247 229 312 491 136 113 430 307 490 432 120 425 111 271 435 124 289 188 350 367 157 427 106 153 395 123 367 270 152 414 151 457 423 149 139 436 449 356 418 323 110 361 382 278 208 178 219 329 135 335 135 176 185 175 165 460 139 249 287 345 106 164 396 309 429 428 488 317 189 285 340 479 105 412 319 472 429 120 470 386 127 457 478 380 334 233 127 308 
423 428 379 189 252 238 183 426 231 311 273 221 304 421 422 487 326 461 432 200 271 163 492 430 205 204 251 164 311 273 462 295 115 206 175 299 209 450 332 349 479 170 312 437 217 427 174 269 490 172 413 236 155 386 255 111 306 193 417 265 225 492 266 408 138 487 149 235 156 226 202 224 354 127 261 227 304 477 351 276 334 339 480 114 258 431 447 355 113 476 230 257 188 217 113 369 122 395 263 331 415 220 360 229 465 125 414 127 178 122 419 471 340 488 402 322 460 315 199 113 192 471 443 365 259 492 106 455 476 464 109 406 488 135 430 228 344 340 370 296 149 338 403 400 320 257 302 339 401 356 
181 193 188 304 258 128 296 193 199 459 458 418 211 374 403 281 114 462 277 434 395 186 275 275 289 252 408 152 355 191 251 279 270 398 245 155 336 260 487 124 447 206 160 227 420 339 276 107 119 481 403 284 384 469 375 169 429 422 469 394 461 220 148 234 109 283 378 329 442 217 269 413 360 114 230 439 282 452 119 266 229 282 197 295 117 434 129 462 306 341 315 163 141 420 261 187 454 392 312 246 345 236 230 355 365 437 305 340 323 172 115 341 174 471 208 408 158 240 285 486 479 226 348 157 371 281 369 462 444 168 180 167 308 386 483 105 400 406 315 239 129 445 362 194 461 123 237 128 209 448 
