50
442 0 7199 
542 2728 4136 
455 5309 6156 
937 5654 6979 
998 7760 9003 
235 2504 3239 
249 11663 12608 
117 4749 5189 
609 6844 8227 
401 4994 5542 
565 5223 6259 
341 6499 7072 
873 8061 9307 
181 4868 5694 
528 11876 13384 
937 3833 5514 
686 3545 4441 
743 9338 10212 
212 5236 6028 
343 17281 18587 
233 9608 10564 
877 8672 10395 
991 2738 4388 
965 2902 4321 
447 6475 7308 
919 5986 7403 
229 8327 9224 
382 14369 15094 
958 5763 7595 
893 11009 12467 
548 8295 9060 
229 5301 6304 
250 1992 2468 
635 18820 20191 
365 11055 11619 
995 7763 8989 
633 9984 11157 
585 8184 9103 
347 2731 3624 
812 4572 5707 
299 9175 9728 
540 840 1543 
526 9216 10366 
154 3697 4206 
172 2506 3357 
638 5160 6134 
598 6745 8256 
836 8446 9824 
467 3283 4332 
471 9006 10112 
265 180 417 292 400 335 258 210 190 191 136 145 145 407 202 327 488 339 245 312 147 218 227 423 465 410 212 329 125 312 305 205 317 320 185 202 378 136 320 341 284 483 428 221 325 233 119 403 382 130 
410 308 273 381 470 224 388 412 406 271 415 178 371 229 333 195 168 451 469 439 136 365 350 160 347 415 305 124 184 260 228 320 451 469 242 346 340 391 255 494 355 327 461 496 316 419 415 469 349 438 
227 462 493 304 449 281 204 477 300 375 452 254 391 381 373 375 389 175 365 153 330 486 269 159 388 124 337 138 315 411 193 454 295 185 298 147 335 245 324 123 347 407 461 440 294 475 120 163 368 372 
240 359 294 266 220 289 243 497 282 348 425 412 460 240 168 471 395 475 158 417 377 371 491 220 463 465 393 310 448 333 359 271 144 358 202 262 333 304 193 386 310 293 169 370 384 228 326 217 315 191 
380 417 309 497 383 210 206 165 176 135 410 274 321 483 291 306 297 199 190 281 488 122 261 462 236 171 304 457 460 408 421 215 207 177 155 184 280 484 266 336 450 495 268 441 166 496 154 271 217 250 
254 398 379 472 493 477 292 215 164 200 236 241 270 358 498 267 130 174 273 363 206 255 120 453 414 294 334 400 356 320 255 305 403 254 226 293 250 177 441 165 215 345 412 172 464 375 127 178 480 345 
317 364 197 353 382 219 371 160 139 295 369 334 349 285 447 176 274 370 442 414 191 187 162 460 496 296 179 357 473 486 244 470 201 323 239 129 312 317 268 325 436 235 134 458 135 342 449 120 494 349 
213 176 169 278 183 135 466 448 386 480 480 245 352 364 145 467 439 495 382 186 160 327 446 297 287 379 167 441 199 323 284 444 247 250 489 336 134 479 125 139 276 144 360 480 415 226 363 374 458 139 
228 278 476 266 212 373 419 391 383 471 408 310 334 304 174 289 480 390 403 357 454 445 235 247 414 126 473 335 381 184 190 282 263 454 344 161 477 498 124 164 480 319 340 492 343 296 132 255 374 474 
284 326 352 344 383 222 213 219 437 222 363 494 166 180 293 322 437 216 432 401 121 119 122 484 481 159 153 354 320 223 232 406 368 187 451 380 142 329 386 234 197 292 427 399 353 488 267 455 204 299 
431 488 173 163 469 148 405 207 475 247 485 461 122 481 185 235 362 492 463 379 367 126 302 397 261 223 480 366 490 455 284 461 344 447 397 308 265 325 449 246 455 207 386 220 310 328 421 192 138 395 
481 184 481 393 268 424 186 331 492 302 237 496 423 407 130 298 451 295 383 145 167 169 236 165 446 468 282 210 120 331 365 402 249 268 445 117 449 261 314 236 234 449 153 481 237 250 161 355 295 149 
321 118 294 168 334 312 430 270 338 452 477 142 437 340 141 398 309 346 469 285 321 257 206 304 340 144 121 187 415 329 386 230 134 271 239 359 358 310 120 439 337 197 200 493 458 448 270 350 129 176 
133 211 317 351 432 169 117 418 214 279 386 179 314 227 438 432 133 472 422 125 236 333 255 451 119 418 393 457 346 325 439 269 229 448 401 242 430 196 467 449 372 244 291 254 472 248 479 200 160 344 
353 212 310 251 121 238 329 198 363 497 369 163 424 466 184 491 189 468 484 362 357 259 440 429 439 471 471 494 228 199 456 481 473 377 161 172 320 477 152 426 322 154 300 476 202 378 279 281 125 214 
234 474 357 241 181 176 368 478 177 331 413 153 359 475 282 198 185 449 401 456 395 271 429 478 470 485 277 247 484 491 298 251 375 421 244 425 449 153 320 250 393 129 462 493 355 201 418 122 211 251 
125 156 450 376 161 184 159 395 359 444 374 238 470 158 261 280 441 344 285 453 349 286 327 470 379 191 275 117 468 326 389 415 487 332 470 144 136 204 423 176 146 471 413 383 232 351 447 134 287 172 
127 419 457 495 155 307 316 311 299 208 288 409 405 186 447 310 314 382 237 361 365 132 424 429 157 182 217 345 251 302 133 224 386 145 248 270 322 483 489 131 135 217 223 179 379 190 142 256 208 257 
147 324 252 452 236 150 242 455 270 466 491 323 327 318 345 330 231 475 394 232 357 202 478 122 221 328 434 368 308 330 413 332 283 410 228 366 161 223 237 224 441 424 420 358 253 278 305 468 418 200 
204 221 154 154 381 482 158 269 473 217 135 350 334 354 454 260 209 193 362 164 474 198 197 385 345 250 198 351 388 419 168 140 359 118 151 361 193 471 421 134 276 189 343 181 389 317 274 168 197 313 
417 428 480 234 210 483 198 306 195 404 186 157 378 457 193 301 448 491 450 208 356 343 271 224 408 317 190 315 468 439 157 314 264 296 362 260 324 273 180 143 152 318 188 237 286 326 374 465 229 375 
211 135 224 461 447 118 179 440 132 252 165 175 418 285 175 396 451 484 124 253 351 253 163 148 446 317 151 490 179 460 331 359 314 243 179 220 179 243 407 473 365 281 139 164 270 288 286 155 330 460 
407 440 230 261 214 247 288 229 370 181 357 395 236 184 362 385 417 240 208 133 162 428 146 122 173 390 268 273 312 494 270 118 494 212 262 424 162 351 491 208 160 367 234 354 279 340 365 240 403 471 
432 145 285 245 302 421 439 131 251 249 395 152 240 281 286 139 430 374 174 384 170 411 414 335 176 453 464 324 364 301 318 352 118 451 180 145 427 185 381 479 495 336 449 363 298 225 391 390 265 387 
267 125 145 274 191 367 203 256 132 316 265 351 173 190 356 410 210 398 263 182 371 291 184 409 323 455 220 435 299 273 464 485 166 214 363 365 261 189 338 339 206 256 382 242 193 454 452 164 382 258 
485 194 177 426 497 305 135 339 313 471 374 461 428 268 380 140 154 407 369 144 135 249 209 356 230 165 225 263 209 365 338 329 451 374 376 395 329 172 490 485 375 344 498 161 241 150 331 292 287 179 
487 347 126 359 366 129 409 317 221 126 243 146 430 283 436 377 192 410 122 140 337 410 149 178 318 296 385 295 158 423 355 450 234 236 312 480 489 333 243 307 287 223 305 447 200 346 441 224 256 483 
122 168 281 344 467 489 179 413 239 360 430 120 470 236 246 352 428 342 462 392 225 245 184 198 251 304 325 472 265 164 450 369 137 466 313 156 165 463 134 193 398 351 376 411 188 472 154 396 498 332 
443 368 121 263 325 338 364 371 366 349 486 219 197 430 240 124 261 245 149 396 493 278 304 208 369 230 263 404 176 261 358 478 156 238 300 463 131 319 336 428 330 155 237 405 180 320 497 356 353 370 
325 154 415 193 398 219 165 360 180 405 408 412 382 481 343 263 311 407 298 492 410 200 333 250 382 168 396 148 358 441 204 363 125 451 227 346 241 186 406 348 271 458 326 384 157 400 158 162 442 278 
468 242 214 135 237 317 357 416 172 498 132 382 446 272 331 215 357 147 431 257 382 257 476 484 498 380 433 171 230 462 486 437 482 142 310 452 422 186 284 359 164 332 137 403 199 431 384 460 474 488 
239 144 389 330 454 229 189 120 279 149 471 367 449 346 247 468 438 346 153 245 370 422 380 146 225 248 229 319 358 258 456 136 254 386 233 485 280 466 401 327 138 120 362 269 462 229 435 265 174 240 
141 248 366 183 265 344 294 322 304 397 384 424 402 296 341 258 182 205 243 473 474 269 415 321 243 375 163 248 123 326 274 400 168 184 449 269 166 123 435 356 146 145 462 427 438 478 142 442 211 308 
129 123 406 366 484 307 250 216 164 473 152 485 154 459 303 260 338 242 270 175 323 423 297 162 136 192 302 228 253 325 344 355 255 164 474 284 416 475 194 452 151 296 376 204 323 463 298 342 285 481 
235 358 484 286 266 407 444 216 165 124 344 138 462 271 259 392 154 445 151 328 133 382 393 353 340 195 120 458 341 364 201 189 243 321 206 258 170 412 419 334 208 154 403 308 301 119 482 250 431 339 
288 139 171 436 472 153 468 128 290 419 358 424 259 188 201 378 317 359 226 393 205 288 187 230 209 220 406 354 358 414 329 347 495 118 242 395 270 183 231 341 284 489 435 454 487 282 273 292 162 320 
243 329 223 156 213 228 248 461 157 321 458 367 241 462 146 147 368 250 370 308 337 329 357 410 293 417 344 444 396 456 479 247 488 279 300 388 316 431 176 312 292 468 263 457 461 185 305 304 193 154 
257 233 466 163 128 381 144 373 288 315 272 326 282 466 440 480 496 296 273 122 220 363 498 310 245 303 118 186 120 391 434 471 498 258 201 183 316 430 439 174 315 304 298 487 498 293 361 368 149 185 
459 352 430 217 412 464 155 183 173 210 261 294 256 325 142 214 347 498 458 118 302 292 253 402 317 300 359 344 475 420 411 359 178 366 141 380 498 421 364 226 308 463 495 213 282 191 173 333 198 225 
141 498 283 451 395 483 224 403 405 199 364 444 228 236 462 236 187 211 497 280 360 479 410 462 428 132 347 183 431 460 476 416 250 377 495 362 371 387 182 158 491 454 154 493 275 450 258 168 266 164 
272 231 498 363 461 365 245 182 248 430 473 288 161 327 416 276 220 275 409 494 239 402 230 332 478 171 265 153 382 391 470 172 390 481 136 423 366 118 287 445 175 470 342 156 232 400 341 196 201 178 
376 461 282 174 353 437 180 215 423 321 241 221 314 415 196 258 373 251 259 200 443 438 224 494 196 420 387 121 153 351 495 475 187 133 169 168 198 417 357 162 403 137 368 117 353 258 185 211 260 296 
247 302 319 197 495 409 244 121 123 310 394 375 142 480 297 316 259 331 418 183 334 180 250 453 366 472 191 462 319 175 466 336 230 371 339 368 195 310 490 369 409 398 335 495 362 126 172 349 143 400 
377 276 296 221 312 470 307 289 204 303 363 205 296 122 287 288 156 216 388 377 482 165 407 265 347 207 226 485 397 292 120 498 355 177 267 471 467 409 170 423 345 249 455 157 208 307 177 161 259 161 
146 404 287 179 188 485 323 138 126 336 483 412 255 340 132 260 119 274 233 418 216 150 172 389 488 239 395 441 305 177 169 123 365 330 162 136 469 394 306 325 419 364 423 331 316 398 368 311 285 350 
394 413 174 443 321 478 410 191 221 393 164 152 398 347 162 339 150 313 124 477 448 387 329 283 371 357 287 178 286 312 304 338 269 190 430 138 423 310 148 429 332 172 291 140 292 288 329 401 438 166 
425 330 337 253 331 292 266 134 130 187 431 141 361 204 328 383 316 134 343 250 119 245 264 332 166 245 212 310 174 129 341 238 382 159 475 262 400 469 408 125 372 475 252 208 231 292 477 178 471 222 
144 164 207 193 478 386 223 445 340 416 494 314 331 206 457 308 428 173 126 217 276 212 353 278 301 183 487 264 376 498 338 389 146 478 321 437 167 130 438 447 147 300 224 319 453 482 439 474 434 447 
353 180 272 269 143 457 345 139 382 445 147 133 314 464 221 411 253 169 341 457 199 368 327 443 366 163 316 186 444 263 478 415 416 173 164 297 160 299 441 252 145 403 464 192 486 241 293 337 276 135 
486 282 161 221 242 139 354 363 224 384 410 432 438 321 488 392 377 415 489 341 233 345 488 459 362 265 327 138 420 237 315 438 128 397 490 251 146 267 165 495 458 131 389 144 205 333 455 378 168 497 
