100
716 0 23018 
511 3901 5364 
362 13140 14491 
669 20902 22086 
251 10339 11035 
717 6135 6987 
391 4167 4928 
931 38425 39990 
939 9275 11013 
872 4967 6749 
669 17291 18165 
760 26144 27145 
808 1139 2467 
168 17924 18562 
466 6962 8098 
746 23099 24589 
667 8664 10273 
963 4126 5406 
109 22718 23592 
254 3239 4492 
228 19482 20310 
874 7407 9240 
330 28399 29180 
443 19461 20726 
276 8466 9732 
740 11428 12999 
606 6287 7752 
431 35593 36428 
797 29047 30361 
458 1975 2668 
371 15999 17068 
981 6569 8349 
502 8659 9745 
453 19012 20129 
822 16250 17764 
896 5346 7157 
852 15470 16449 
501 28132 28906 
564 12028 12879 
591 7949 8730 
819 1783 2977 
145 22971 23941 
550 10031 11543 
877 8343 9895 
863 15868 17405 
249 3014 3703 
953 15063 16548 
562 20573 21511 
171 8308 8661 
999 8402 10068 
992 12874 14833 
651 4844 5631 
698 34409 35472 
353 15361 16058 
201 9000 10082 
827 12247 13248 
510 7624 8961 
389 9032 9839 
986 9658 10828 
903 8697 9765 
324 31633 32552 
894 13216 14768 
283 11871 12712 
216 5409 5861 
328 8949 10146 
587 6677 7951 
246 22700 23213 
156 15479 15919 
688 15547 16834 
661 11407 12714 
465 13585 14760 
596 10877 12374 
685 22919 23766 
373 11687 12807 
398 13774 15075 
695 6894 8406 
276 12148 12550 
541 15127 16523 
978 4147 5440 
444 30806 32090 
514 14180 14976 
200 7874 8264 
246 7037 7786 
861 10811 12633 
370 2553 3389 
379 19652 21028 
539 23566 24945 
444 10664 11538 
444 28809 30109 
564 18013 18981 
107 15245 15746 
989 4247 5852 
588 8034 8880 
455 19172 20391 
670 18739 20066 
813 13467 14628 
371 19169 19726 
913 6157 7223 
634 14717 15723 
350 9167 9840 
295 237 337 439 336 171 157 307 133 488 492 192 125 169 408 108 217 489 113 144 358 349 418 337 419 303 242 467 206 117 118 477 498 217 107 283 184 478 181 484 324 215 155 278 475 154 269 356 420 140 212 393 326 109 337 345 334 152 128 417 378 316 124 464 168 416 141 408 107 213 189 435 209 358 496 357 469 497 273 406 259 357 173 230 425 288 228 151 152 178 258 219 238 416 317 206 380 187 407 453 
496 321 228 115 390 482 494 156 123 235 413 126 158 386 449 131 282 324 336 146 477 208 311 255 381 295 497 395 438 360 438 211 248 318 487 385 362 401 410 453 138 330 252 268 474 141 302 262 351 322 477 371 307 113 454 442 293 195 133 267 242 356 479 440 163 455 487 303 294 112 248 471 304 417 349 413 372 456 283 326 132 184 492 409 311 458 319 168 152 390 128 445 332 490 349 297 197 157 357 406 
400 241 117 401 353 110 120 275 392 447 269 133 258 353 234 323 499 222 328 242 259 118 213 453 202 147 299 218 288 400 360 266 150 400 260 130 496 184 424 263 275 463 191 274 448 363 290 158 214 421 362 483 279 347 161 252 110 445 318 488 292 420 171 495 448 120 254 489 254 282 172 344 402 215 426 348 268 361 435 490 434 360 109 243 305 256 456 467 387 420 263 429 272 189 204 381 152 322 172 438 
410 448 445 466 124 124 456 480 468 217 476 389 147 195 256 462 291 437 115 193 245 402 485 109 198 413 260 351 121 424 355 131 168 268 433 273 120 458 257 148 112 478 180 302 214 372 334 410 224 142 466 398 230 404 198 392 352 461 250 158 437 243 134 172 145 201 477 180 224 447 284 421 199 253 496 399 118 177 366 483 397 486 107 386 170 245 132 156 266 496 298 411 131 231 437 357 465 419 114 498 
127 255 189 176 123 292 227 257 139 465 453 362 161 395 170 439 262 150 115 293 170 392 219 198 222 377 306 173 339 308 168 126 435 461 116 311 112 410 376 214 326 370 431 404 133 303 188 300 374 201 239 285 340 252 416 111 343 331 232 483 355 390 293 168 204 228 319 412 440 130 476 260 299 474 426 343 292 209 361 363 399 257 291 202 113 180 428 219 289 492 165 123 254 169 334 288 121 229 139 302 
460 403 167 203 184 363 183 255 153 433 468 278 434 121 241 470 234 406 147 221 204 332 450 229 366 216 132 220 173 414 498 372 129 407 184 175 313 463 398 448 454 416 348 398 316 342 305 211 211 262 422 370 431 203 383 266 462 152 409 369 385 166 332 453 359 455 111 350 230 401 399 312 484 134 309 228 286 195 472 109 490 282 183 114 157 382 314 335 413 245 151 352 221 163 347 489 163 162 492 126 
146 144 264 309 407 498 280 307 317 425 218 423 325 199 499 489 443 332 324 172 148 470 436 282 320 342 246 276 250 272 197 276 360 281 468 259 211 120 407 316 499 155 342 379 350 305 249 212 476 201 254 230 268 272 160 238 410 175 379 210 164 213 214 115 485 286 499 352 219 394 239 130 288 287 287 183 236 350 166 120 415 334 134 148 236 177 217 252 165 389 372 421 142 175 218 139 233 120 216 440 
300 470 200 308 282 226 385 499 156 369 260 322 217 401 147 411 322 189 257 240 448 499 259 168 498 224 493 257 131 185 334 155 420 242 298 170 117 473 256 303 154 274 463 143 264 362 116 367 248 206 313 130 412 434 187 304 146 157 115 183 133 110 369 132 158 458 262 363 365 164 250 477 123 450 381 498 317 352 128 283 497 415 304 350 176 222 209 438 244 477 454 383 116 438 217 170 434 380 235 331 
468 401 252 338 439 344 386 330 171 373 144 417 467 263 229 299 365 436 222 107 113 265 405 230 107 196 196 193 318 226 364 423 177 442 328 292 479 331 112 245 289 198 376 217 147 150 136 178 224 358 302 370 474 176 209 202 338 331 117 385 373 374 454 277 473 495 275 325 199 429 417 292 190 362 458 494 403 482 131 487 125 192 441 464 436 428 368 176 164 390 478 478 328 306 214 192 341 429 131 165 
305 255 202 232 462 393 392 367 395 156 210 170 329 469 178 375 344 454 382 437 448 386 280 118 222 141 446 122 173 382 446 380 494 236 186 218 491 350 128 225 232 496 343 451 310 468 194 422 165 346 409 208 234 394 213 403 412 397 218 376 150 260 275 323 242 203 210 472 445 271 470 369 448 435 360 309 209 405 121 173 210 296 153 265 131 306 234 395 238 132 366 476 486 257 253 354 461 432 318 483 
286 123 427 109 162 159 274 434 401 166 378 142 435 178 285 430 353 116 358 438 317 424 157 321 337 189 207 336 206 207 424 372 145 211 229 337 244 328 315 189 363 213 454 301 496 375 294 314 157 130 174 459 364 192 390 468 247 315 177 123 347 317 429 315 328 451 220 223 498 246 434 160 493 484 262 364 153 470 186 211 138 294 425 238 363 358 342 474 493 176 160 332 366 194 379 121 468 488 405 347 
412 422 444 475 162 158 339 270 300 469 335 417 377 347 397 258 212 324 403 242 265 136 122 150 110 173 451 391 486 351 171 206 287 289 477 461 187 132 226 454 340 391 175 297 397 214 472 109 245 196 211 493 330 451 211 303 495 422 382 383 217 266 467 255 159 262 338 378 255 382 198 366 462 302 222 133 468 160 144 142 339 439 174 486 472 433 495 115 357 237 425 192 240 374 475 331 124 324 348 356 
257 203 402 380 230 462 121 473 320 203 403 431 401 134 118 220 464 252 387 290 453 174 224 487 200 223 366 480 146 325 364 433 308 205 292 172 456 180 311 361 289 371 223 273 302 119 370 372 443 193 390 202 367 239 273 115 334 486 412 301 217 445 386 178 306 342 169 187 359 491 416 375 153 360 123 310 360 415 194 426 118 385 287 208 385 286 114 357 498 417 112 385 186 343 497 169 433 341 157 488 
387 275 460 243 196 117 115 327 241 210 401 390 269 131 243 348 122 186 348 318 114 471 162 446 263 331 361 348 321 161 214 394 286 345 229 378 143 496 318 349 386 308 481 320 486 407 343 156 421 321 124 461 416 418 127 156 235 374 229 163 250 240 353 365 422 307 168 452 168 166 306 269 248 318 216 340 304 437 428 178 272 397 446 149 409 313 387 175 280 458 430 144 320 176 454 425 277 393 467 476 
243 223 408 180 465 478 228 136 275 323 343 148 279 257 158 425 424 432 301 324 201 291 280 421 260 476 246 369 154 412 326 213 291 428 456 300 497 144 395 492 273 363 349 364 204 373 193 218 246 166 489 353 141 136 370 474 334 494 230 245 377 189 364 185 273 474 143 318 449 277 416 250 185 418 453 258 426 334 326 271 152 357 127 152 161 163 427 289 438 313 416 420 358 414 198 122 365 402 123 397 
147 312 424 400 408 335 456 331 325 147 332 265 459 328 334 263 466 168 115 107 302 166 197 239 462 344 288 492 344 289 205 150 499 326 356 131 146 299 265 181 297 315 131 217 174 172 473 218 328 453 421 213 361 334 396 326 452 133 140 228 218 168 364 216 308 385 486 316 332 153 319 405 377 199 411 454 419 312 380 187 247 230 290 362 436 233 183 379 399 154 232 305 266 239 411 163 317 151 453 434 
229 364 177 185 204 134 351 118 383 145 252 455 492 422 167 450 118 311 234 273 168 485 126 166 268 498 357 158 414 192 368 184 379 418 266 230 168 201 383 179 147 384 370 343 486 388 304 183 251 198 214 361 482 219 458 492 242 382 200 363 155 416 207 483 243 312 411 399 465 359 341 170 297 365 426 322 156 176 245 162 389 185 225 296 257 235 181 357 180 121 301 365 384 445 425 261 245 195 230 410 
370 328 387 167 283 179 168 175 187 305 411 152 318 386 488 367 372 213 396 450 493 135 407 148 133 428 323 445 190 116 478 318 275 437 149 483 211 408 362 228 497 185 118 394 113 146 399 384 351 330 150 434 394 190 192 439 484 467 219 304 463 447 323 382 278 191 338 382 469 244 416 407 464 114 455 255 448 122 326 232 291 200 491 376 157 336 471 345 133 234 390 478 162 332 445 201 461 162 284 297 
371 311 131 174 395 335 191 486 180 284 122 436 387 456 295 375 290 257 192 126 289 267 327 374 193 338 465 135 471 155 347 186 450 252 275 474 144 229 216 325 370 427 441 232 464 432 488 171 314 205 305 481 282 436 408 201 236 469 455 341 179 344 322 450 241 222 385 122 383 162 259 473 458 418 188 190 329 202 296 198 191 346 138 441 263 263 365 356 391 417 203 415 461 208 378 167 140 401 495 260 
229 251 439 186 330 456 290 259 402 307 239 223 358 190 345 313 370 189 261 124 219 353 389 459 270 129 179 271 254 405 235 339 148 130 195 129 419 390 492 485 431 336 146 266 408 230 135 285 298 387 387 137 491 236 238 194 421 374 150 346 321 388 162 236 491 369 134 287 204 389 139 423 385 266 349 343 165 336 196 163 257 340 351 161 409 435 130 417 171 443 115 157 477 308 200 314 291 415 321 178 
484 475 447 162 214 433 339 247 482 470 199 440 250 401 375 258 495 347 489 188 195 225 453 239 491 414 182 287 179 498 264 485 173 165 249 428 369 250 193 357 373 146 220 193 161 434 223 118 462 171 193 273 337 286 181 237 405 289 417 194 207 376 129 134 261 192 405 373 171 271 239 287 418 265 328 198 314 422 337 287 224 350 249 496 464 329 225 346 356 219 125 373 414 324 253 149 246 163 346 337 
208 167 365 456 109 382 191 238 435 456 140 107 444 255 288 377 348 397 303 408 115 198 137 274 327 347 208 355 422 436 313 415 476 194 441 315 276 315 270 425 176 322 271 239 335 209 165 359 121 314 373 428 429 175 385 161 146 319 298 344 259 164 437 214 205 355 496 283 151 410 437 496 255 341 377 318 456 451 325 262 140 363 330 202 246 388 211 341 258 314 206 201 446 358 451 129 119 496 302 390 
214 158 154 494 194 258 332 312 125 468 304 173 478 218 470 444 314 176 468 295 141 126 148 122 351 429 307 466 431 367 185 468 353 309 336 348 421 327 122 430 109 125 272 302 122 179 240 193 313 403 199 455 124 220 125 468 258 350 468 193 493 161 429 206 211 356 153 175 319 311 236 154 483 235 374 222 195 152 188 241 186 208 278 264 181 163 226 366 451 391 390 170 138 190 234 117 154 240 234 427 
474 327 455 484 120 418 247 118 478 394 443 419 421 120 359 419 271 325 432 143 439 382 184 497 190 367 446 121 116 357 468 141 261 432 366 429 256 366 420 276 161 404 183 285 355 453 480 227 393 152 302 492 369 230 107 419 123 207 223 213 382 366 132 109 363 206 443 462 282 213 189 202 494 449 455 294 275 493 211 156 385 272 306 127 323 470 294 495 288 205 262 245 279 429 192 450 276 123 353 234 
119 425 425 312 360 110 360 475 161 350 227 426 204 239 480 249 349 493 297 176 242 214 483 147 394 298 198 306 303 150 145 175 310 376 473 311 140 442 174 107 351 471 205 242 197 326 392 237 396 494 263 301 306 315 148 354 113 196 450 486 424 255 459 254 273 185 231 475 470 316 495 383 479 366 486 172 111 402 190 415 209 421 140 451 324 403 355 287 269 382 324 157 138 113 468 459 137 131 470 210 
385 223 259 292 163 142 429 169 385 412 420 492 233 196 474 343 390 433 250 379 286 390 329 107 191 427 112 287 305 391 427 237 141 475 344 108 429 386 443 260 192 240 468 460 400 406 256 111 450 120 285 437 164 414 262 472 401 337 348 416 410 266 428 311 414 462 116 179 345 126 382 415 108 390 149 317 305 372 381 373 223 407 294 113 373 150 288 184 331 425 157 453 338 138 192 290 389 365 443 138 
342 336 210 276 473 455 286 311 356 264 296 265 488 289 353 329 431 123 253 449 304 175 227 189 176 436 288 377 341 310 428 468 151 124 356 218 224 364 448 385 488 302 278 217 269 445 233 439 151 198 394 180 355 412 123 170 139 448 303 474 153 331 219 263 483 286 446 270 134 242 461 478 200 166 381 145 240 398 267 407 457 179 110 463 107 280 368 216 309 418 489 375 149 349 489 239 351 398 141 312 
153 420 253 357 252 470 422 294 174 348 316 367 116 188 288 487 137 172 199 307 190 327 370 206 117 218 369 225 185 279 107 204 133 225 218 243 127 346 304 302 481 112 256 451 169 132 294 415 471 191 189 400 404 425 225 206 293 496 324 432 428 196 486 313 404 224 425 453 163 408 248 134 301 198 458 469 284 284 198 369 324 430 146 291 419 226 475 311 426 389 311 171 455 383 339 461 165 180 465 441 
370 414 184 122 141 351 359 327 157 268 243 165 279 260 188 223 390 259 335 388 453 357 465 241 257 410 485 297 259 157 249 400 377 186 417 148 446 134 416 329 236 403 197 363 228 361 369 390 346 499 472 138 393 308 492 290 422 370 291 380 340 180 135 433 160 194 204 139 257 236 345 285 191 357 319 196 484 348 379 479 144 308 410 341 229 316 295 176 422 432 270 452 305 217 256 250 263 427 194 437 
457 163 255 267 192 342 412 122 443 348 363 133 150 397 466 182 400 427 254 414 482 485 189 357 473 133 273 301 251 483 479 409 403 319 261 452 236 273 212 374 316 480 157 111 280 427 294 303 411 264 391 435 116 263 479 447 252 445 322 387 448 146 174 197 474 323 405 384 210 314 328 354 282 488 481 123 331 456 140 273 249 362 134 262 402 150 127 499 294 258 282 217 210 432 263 425 206 447 492 282 
113 183 174 397 387 124 430 363 485 419 375 464 326 454 477 130 400 280 486 460 312 353 296 375 367 283 185 282 186 437 349 428 280 207 280 461 120 234 336 257 163 332 269 141 176 198 397 332 433 475 378 396 355 119 170 229 283 132 398 333 279 244 450 404 270 202 470 379 473 262 314 432 297 433 398 167 353 256 175 393 290 207 285 140 160 390 496 476 228 418 338 219 147 289 367 339 289 230 413 135 
355 157 347 136 331 466 284 473 413 363 421 120 206 393 315 109 110 186 129 454 157 107 227 433 470 193 408 229 255 279 427 267 462 244 117 499 248 402 156 497 168 117 116 180 224 123 325 234 158 283 338 323 323 281 160 325 320 351 221 387 270 346 140 227 458 318 210 126 391 266 107 491 391 389 231 127 206 123 194 463 235 289 259 108 386 214 303 166 323 110 166 257 186 113 253 232 399 218 371 394 
399 478 299 491 167 347 249 128 279 396 320 251 129 388 315 225 480 344 403 111 165 254 308 345 310 133 226 196 197 273 498 213 159 181 330 243 328 267 255 424 292 488 251 375 286 210 133 376 154 358 427 427 138 116 348 468 303 177 313 332 396 488 428 394 277 448 361 183 181 353 353 119 439 206 158 298 338 380 303 231 131 263 366 134 431 356 131 326 170 382 141 237 302 468 453 215 332 269 317 359 
464 242 202 255 193 396 385 227 209 151 157 291 453 240 359 258 223 198 373 195 371 429 197 107 220 339 465 402 421 378 242 447 459 328 162 360 169 477 295 314 436 283 115 293 425 178 325 311 340 397 359 146 434 362 216 481 306 460 409 142 135 474 231 464 302 368 474 385 117 227 431 369 406 253 154 312 407 454 497 176 284 350 440 277 412 389 385 306 336 248 447 185 295 310 135 362 282 243 481 199 
357 196 477 259 285 271 204 217 495 260 379 170 491 241 184 165 187 278 275 133 445 434 426 439 304 259 148 429 190 152 362 150 298 486 228 317 407 483 231 303 303 388 343 172 324 360 155 353 243 342 438 256 397 400 107 475 354 174 256 418 443 470 309 146 490 177 285 141 379 140 345 297 286 418 381 321 486 228 337 332 378 210 491 348 172 311 324 181 295 144 385 282 418 358 353 466 350 227 242 421 
315 475 275 107 252 422 417 306 397 363 312 225 303 449 117 201 329 124 177 204 455 209 373 342 377 300 416 466 210 462 481 246 232 207 345 475 130 476 308 344 432 413 477 476 412 391 410 315 117 357 200 114 277 236 289 290 139 152 180 407 430 253 348 497 196 112 330 396 131 237 325 195 291 250 210 460 367 249 349 325 464 142 476 377 381 397 494 191 263 156 250 425 225 197 215 326 408 224 412 379 
336 136 392 194 370 420 394 127 496 420 233 290 409 216 367 446 263 459 123 374 272 183 464 358 215 112 165 382 490 478 286 216 368 238 160 426 495 116 456 150 146 316 174 410 482 492 167 484 493 380 435 397 154 121 435 169 211 483 246 196 384 463 255 436 123 449 273 437 414 458 189 402 254 229 429 247 461 337 114 421 193 261 471 328 225 148 415 297 173 487 461 130 254 133 468 493 367 343 328 152 
180 323 119 207 429 161 433 297 471 328 255 260 115 366 154 158 360 472 445 113 312 145 433 208 255 401 281 325 246 412 389 461 390 445 249 110 225 116 112 406 327 395 499 436 366 236 113 381 394 304 182 268 454 437 109 402 292 108 294 336 217 202 350 331 185 417 311 181 305 454 448 454 229 462 136 169 264 381 327 115 482 296 495 157 236 279 499 166 318 223 457 209 412 272 300 384 404 321 491 130 
379 478 127 237 331 467 124 125 267 222 152 318 171 234 411 224 378 465 210 389 301 439 405 474 130 288 257 288 351 442 226 270 299 491 183 328 192 352 297 411 451 263 125 252 440 179 187 259 439 155 310 346 329 363 175 482 197 299 246 163 156 261 464 410 294 456 327 403 278 392 166 236 289 387 426 110 481 294 190 486 265 423 108 369 200 150 422 238 440 338 435 423 258 396 112 126 235 276 367 463 
112 172 118 222 216 176 162 182 484 236 284 273 189 167 121 221 242 165 415 425 379 284 431 366 487 432 454 486 173 342 471 209 347 230 443 449 355 210 429 431 181 267 350 429 400 450 383 166 430 279 229 243 168 260 456 226 218 468 455 215 344 260 213 239 381 490 140 488 108 430 144 437 436 456 475 136 314 445 250 261 311 165 181 454 280 309 135 376 414 489 334 127 388 244 188 109 493 228 411 321 
358 220 341 109 300 150 358 123 262 217 218 132 358 151 491 136 302 121 169 475 273 377 268 481 239 298 468 316 348 284 411 379 450 153 212 384 261 361 454 130 227 393 146 454 115 157 273 193 426 300 347 188 225 426 229 263 435 496 205 169 296 276 417 402 479 176 288 475 447 475 405 198 132 210 181 391 268 439 373 273 339 478 227 444 488 208 160 116 449 294 145 133 118 441 268 494 267 115 411 438 
313 123 280 400 223 466 261 126 127 329 455 177 127 449 397 479 478 144 268 164 108 490 483 316 457 307 343 357 341 287 294 463 129 196 115 428 236 425 132 448 234 367 150 434 383 471 459 149 458 453 322 362 119 118 462 439 286 214 292 168 125 396 392 331 258 188 320 187 408 279 232 213 280 398 454 288 317 312 158 191 439 194 353 108 177 478 111 321 283 434 130 128 181 130 387 185 456 322 162 123 
323 208 239 156 171 188 273 447 454 378 264 342 228 431 165 143 255 108 348 352 269 254 270 113 193 244 343 148 126 119 205 153 448 378 436 137 401 198 465 175 313 174 127 395 152 445 411 342 198 328 195 483 320 361 107 214 456 489 446 147 449 246 221 436 269 295 440 414 192 348 223 316 218 218 173 461 149 370 243 464 477 426 310 433 272 205 441 245 246 226 245 392 272 489 221 313 179 474 112 142 
426 353 339 209 188 329 193 337 410 153 226 235 429 324 387 292 405 383 340 119 348 137 362 343 398 375 442 259 342 159 462 245 193 430 355 496 155 124 201 435 130 322 249 249 172 395 284 116 361 439 233 441 344 470 138 142 357 476 187 417 143 259 432 179 241 200 185 329 476 335 379 435 443 354 252 332 469 426 416 234 487 448 146 180 454 169 201 457 260 110 293 107 134 322 381 455 288 241 126 355 
379 247 236 148 282 184 485 465 227 137 277 234 486 315 134 341 413 399 363 108 228 196 367 362 472 165 157 118 484 194 499 326 141 459 211 107 194 483 240 394 370 478 284 179 429 449 310 135 138 274 189 228 359 416 311 172 283 131 197 374 125 190 480 237 414 280 219 409 386 195 424 373 221 453 118 234 286 288 343 218 484 350 495 109 183 407 258 489 294 249 189 288 282 488 200 486 332 450 132 321 
272 467 360 420 219 323 404 347 233 268 132 151 117 498 396 216 146 457 329 274 479 230 200 126 355 260 427 326 336 335 489 364 345 309 419 310 173 318 341 442 259 247 305 233 442 366 272 426 127 279 109 388 475 154 333 298 230 127 145 245 378 129 160 452 452 464 491 321 283 317 149 159 294 216 143 415 143 112 161 122 441 374 452 435 245 150 457 398 225 317 190 242 361 445 108 453 167 292 229 327 
120 241 357 248 185 247 425 262 179 397 460 464 191 188 312 465 467 345 187 492 459 272 464 125 496 435 270 392 436 401 144 215 316 414 430 137 116 488 477 135 252 119 379 492 422 413 451 369 296 232 286 196 443 272 426 198 257 301 246 355 308 234 201 291 199 238 328 122 306 267 443 495 417 313 492 397 261 452 261 442 168 453 271 219 390 473 480 208 141 183 231 434 231 458 355 110 107 311 225 164 
238 307 168 421 420 108 174 472 456 335 466 234 136 298 403 334 317 423 169 190 270 401 163 282 121 268 178 246 352 415 197 329 297 294 164 129 112 391 267 359 152 250 439 147 349 123 250 298 368 469 301 124 186 328 436 217 327 148 446 475 459 302 457 135 219 195 241 459 263 152 178 354 133 165 221 378 108 397 376 110 164 400 335 417 139 476 452 464 483 380 372 294 184 332 199 344 226 145 486 232 
493 115 492 404 211 335 389 331 377 126 228 319 253 155 158 354 107 195 496 492 349 305 237 189 173 240 386 329 226 176 288 491 191 283 153 199 154 458 387 310 234 208 168 452 219 387 202 162 493 446 107 165 256 236 152 408 497 279 283 195 369 469 283 433 391 328 395 206 144 443 118 273 440 462 473 245 133 401 260 235 337 375 221 297 412 292 387 296 433 265 416 390 184 330 286 337 345 194 249 411 
393 411 224 320 387 228 468 130 309 340 200 439 285 108 432 391 477 413 307 178 380 428 246 492 308 229 337 373 300 259 258 327 330 456 110 271 457 173 151 163 388 281 108 214 249 365 428 329 201 363 148 475 485 455 154 447 308 314 369 163 491 438 415 397 292 462 472 499 228 265 236 184 194 467 475 342 127 240 383 113 206 239 494 391 412 480 254 383 311 392 426 134 447 251 389 183 328 187 139 151 
355 317 404 348 212 380 287 361 308 334 167 305 243 112 302 401 449 156 250 131 181 235 325 141 457 147 274 126 441 166 244 165 296 464 204 288 177 409 361 363 290 447 387 459 477 358 316 319 240 313 198 283 371 432 241 268 288 199 477 419 188 291 392 159 488 432 219 237 213 213 264 195 302 414 150 127 160 417 199 333 495 448 139 288 377 160 320 465 411 420 109 157 493 140 463 405 196 142 407 233 
160 398 458 330 456 189 332 443 358 139 251 323 169 297 324 149 218 250 364 184 179 428 178 340 385 241 388 341 206 496 287 326 195 174 156 464 241 325 158 376 475 218 213 388 197 390 497 416 369 381 141 330 461 223 166 255 411 367 174 210 224 343 423 155 416 418 332 361 229 323 326 234 184 268 108 328 220 193 339 157 371 392 312 497 320 283 497 429 353 159 258 415 493 453 468 334 462 145 244 166 
117 351 285 489 337 363 150 166 149 268 470 221 147 223 190 314 216 161 174 197 112 109 131 252 167 207 231 434 426 408 162 332 349 146 442 400 353 439 381 134 126 208 376 421 446 114 383 434 223 363 398 319 182 484 346 367 280 456 154 128 159 397 183 222 198 442 442 324 111 291 263 444 257 207 201 493 421 264 407 480 398 323 302 111 287 391 392 248 488 369 351 418 203 209 305 468 312 170 175 167 
125 381 335 328 160 284 435 377 421 127 194 391 142 283 391 405 335 356 387 327 214 271 287 199 240 224 180 415 142 360 153 419 314 381 484 365 324 179 350 225 412 131 401 479 411 424 107 296 410 371 494 466 210 406 126 388 160 490 225 367 421 300 153 298 284 491 423 469 198 195 465 331 343 365 237 122 413 268 206 441 424 356 340 476 228 119 260 147 337 297 281 192 268 282 291 438 446 447 213 410 
148 417 178 390 121 357 198 390 277 239 411 190 466 309 342 136 484 273 241 142 469 480 293 277 395 434 279 117 215 300 459 191 245 440 301 437 329 236 318 305 154 360 306 260 472 497 181 483 299 248 409 342 487 169 331 480 387 498 371 381 466 120 450 201 450 443 319 480 494 480 451 338 308 388 229 107 436 412 129 392 156 373 454 194 246 379 146 479 235 230 484 281 303 272 221 145 420 134 313 386 
231 472 258 397 336 200 425 480 464 465 212 499 257 283 439 277 440 156 245 380 370 413 309 381 480 324 488 339 440 447 455 474 224 297 184 431 371 423 439 405 354 410 133 307 299 117 440 455 194 198 272 302 497 492 389 305 353 476 139 288 171 272 293 265 379 427 408 361 203 194 492 144 381 463 316 137 275 201 339 450 444 110 187 279 479 230 194 467 320 213 116 387 324 399 438 243 280 129 432 228 
116 401 121 396 405 427 126 452 389 168 422 238 262 269 168 167 350 189 157 426 234 163 459 345 289 210 336 433 176 400 345 331 145 447 224 353 328 469 140 282 148 491 406 310 408 275 242 135 480 191 124 308 384 209 493 485 253 461 221 327 193 305 491 333 176 260 378 395 348 407 253 135 114 308 397 322 126 114 400 461 255 488 382 142 253 218 185 301 458 299 368 284 334 170 190 178 209 347 200 155 
310 384 373 129 217 293 458 215 424 496 383 313 331 144 337 350 476 184 358 438 117 302 337 321 493 181 127 290 133 167 403 417 275 231 316 337 367 423 454 391 290 332 181 424 223 463 395 320 342 467 275 462 350 216 249 314 398 302 469 198 425 426 107 433 446 294 424 303 238 118 137 220 180 283 327 274 410 334 363 318 326 440 346 176 497 241 490 353 160 159 443 450 293 462 365 157 185 211 252 145 
477 476 132 266 171 197 164 413 140 458 300 490 296 145 230 345 231 472 111 451 396 420 319 300 480 130 430 211 393 285 399 220 233 277 177 267 122 230 155 337 427 174 269 420 380 443 237 236 406 329 469 381 384 226 321 420 160 143 240 137 491 427 215 369 446 190 137 219 195 401 184 335 466 259 115 441 225 121 112 365 165 396 242 185 214 241 410 406 232 492 121 189 267 246 196 298 257 430 337 415 
228 128 469 149 333 499 414 181 352 416 364 490 249 220 140 442 129 247 410 199 395 429 143 305 111 139 281 171 356 405 431 119 345 262 313 349 440 269 417 188 496 492 321 463 292 425 317 233 227 297 247 235 293 132 198 132 453 203 168 369 239 209 234 205 422 490 433 317 147 407 271 392 250 455 305 366 286 153 358 427 320 255 350 218 381 449 249 317 405 176 237 473 416 150 121 270 249 289 129 266 
184 238 271 231 119 364 344 306 430 125 257 357 416 262 340 298 475 299 113 447 484 339 240 303 357 290 249 384 176 231 381 454 172 351 282 136 223 287 219 276 310 427 116 123 198 430 356 328 238 418 414 251 180 466 448 223 473 201 388 176 490 331 422 388 470 209 281 168 279 152 382 399 254 153 411 320 274 291 205 329 255 310 306 150 202 116 264 279 453 269 444 330 154 316 271 318 297 282 460 219 
209 369 215 147 161 374 354 182 226 262 448 363 114 243 312 148 249 333 223 426 384 434 109 202 415 356 334 173 410 352 312 317 233 393 493 423 256 308 352 472 386 314 352 162 185 240 455 213 156 317 486 330 162 122 183 186 361 192 302 273 380 108 401 329 474 303 120 140 212 350 376 418 433 245 108 415 283 153 364 111 438 328 279 258 234 429 427 285 194 348 408 166 475 153 135 211 478 235 195 300 
216 234 152 348 115 421 167 344 414 270 408 133 211 391 204 464 432 285 297 257 148 322 336 173 336 332 178 192 197 327 388 448 132 472 123 339 296 298 368 221 236 385 346 278 402 451 472 386 329 123 398 250 358 470 354 273 279 315 330 306 124 414 472 399 146 206 384 286 364 467 164 240 160 281 127 457 372 189 178 194 319 476 377 347 303 499 277 111 344 412 407 115 267 128 141 397 322 218 316 296 
142 209 495 462 213 384 418 110 377 252 435 246 271 272 344 490 133 201 454 163 304 242 241 212 301 354 154 170 383 321 276 257 163 449 436 201 370 194 283 248 404 222 309 404 279 183 146 210 166 346 362 460 448 398 201 259 261 463 436 195 380 277 153 254 420 342 346 231 333 221 364 223 342 233 334 259 426 219 117 402 490 387 371 221 213 128 386 483 182 341 427 255 197 185 204 213 197 118 397 110 
339 272 420 458 117 196 417 163 306 271 181 297 122 240 479 148 125 279 151 183 251 209 367 180 236 329 412 425 242 157 212 375 316 402 179 318 454 157 111 183 155 179 490 450 157 173 314 201 159 183 440 254 478 267 277 379 423 284 189 296 126 286 476 168 442 154 438 357 294 374 476 113 141 186 321 245 442 482 398 159 115 370 173 438 313 159 350 240 292 276 343 301 111 450 353 373 412 342 245 137 
414 451 311 289 115 180 345 215 127 352 340 289 363 218 329 372 246 316 109 175 126 195 173 335 154 364 471 239 371 351 406 107 494 237 465 357 171 141 181 427 492 283 166 254 181 279 173 295 367 204 237 318 367 114 354 304 233 173 309 327 286 328 139 194 176 288 441 162 193 156 381 149 175 228 412 429 217 379 299 294 141 235 367 258 497 368 187 264 462 337 331 245 145 427 207 402 249 379 465 214 
357 313 427 452 266 159 206 302 160 421 244 449 335 352 350 112 382 334 470 362 358 220 354 178 476 480 465 172 243 362 194 260 441 259 171 319 310 372 463 223 149 303 362 375 200 262 412 288 169 447 148 286 130 458 109 489 450 272 368 287 346 273 290 171 191 396 288 220 295 128 276 392 163 472 237 190 336 215 136 252 489 419 307 248 337 324 172 140 450 368 257 251 158 348 289 444 179 362 478 325 
119 215 490 473 318 184 362 293 299 460 436 368 452 393 445 332 381 284 196 359 241 222 357 207 112 291 272 326 244 455 333 126 260 421 482 440 259 343 304 306 294 237 461 154 461 406 438 402 129 348 451 240 270 364 357 122 411 146 490 145 413 351 173 443 279 397 205 350 396 404 443 495 485 297 169 334 296 437 491 357 456 430 186 393 296 129 369 307 490 267 471 475 407 353 361 368 153 397 252 213 
144 224 224 267 170 130 309 445 357 187 351 441 360 318 429 245 149 379 255 256 146 209 273 255 231 148 320 489 228 273 296 260 331 241 472 207 422 113 227 400 134 127 123 428 430 123 200 285 457 135 349 247 378 452 264 142 133 241 376 240 204 492 430 404 392 460 457 401 143 306 252 159 253 237 235 323 179 116 366 297 114 194 204 428 324 434 228 190 491 470 444 255 390 394 498 366 488 413 344 160 
338 139 340 228 271 187 222 383 214 186 281 339 172 166 444 347 434 136 302 397 456 362 325 436 317 456 383 288 490 217 337 174 475 126 402 447 367 334 445 339 210 452 365 440 267 189 275 459 391 236 299 342 479 369 155 200 376 462 493 302 281 292 200 229 367 326 299 236 377 336 188 179 283 308 111 151 156 261 484 360 412 263 303 426 419 471 124 307 180 497 186 386 108 354 232 451 394 396 457 471 
132 357 232 380 313 496 442 164 161 220 368 299 487 226 238 381 414 439 126 396 227 469 211 190 272 427 277 421 329 305 146 179 390 238 473 190 252 424 241 370 412 377 358 140 269 364 349 410 431 455 447 157 215 300 317 161 122 297 366 118 300 277 295 326 342 154 365 230 334 164 129 254 382 163 495 364 153 140 251 316 413 465 483 358 152 400 210 279 248 267 312 127 122 151 407 298 109 172 266 269 
260 340 233 186 483 405 140 398 477 174 490 171 297 115 412 378 281 360 438 181 438 391 314 286 163 273 172 429 488 310 364 260 471 263 321 243 386 373 287 215 326 119 289 299 192 176 464 343 198 439 487 298 219 368 382 294 485 169 256 335 420 445 153 213 163 127 206 440 488 170 288 433 361 415 286 428 365 251 419 337 399 442 250 396 214 261 348 157 341 267 354 413 483 402 243 235 422 451 115 190 
185 312 390 344 319 353 186 429 316 282 309 189 157 151 391 340 421 333 268 175 168 484 205 194 492 146 204 287 214 234 456 474 456 268 261 216 250 317 146 399 375 487 329 222 215 488 367 268 239 235 239 292 161 210 140 210 138 357 247 434 132 356 367 349 117 366 234 353 228 355 420 483 281 163 381 139 183 207 308 473 389 218 144 149 481 476 281 206 124 264 483 285 132 409 168 212 247 407 170 407 
443 301 308 288 454 264 475 374 403 410 252 118 235 348 321 286 156 361 447 163 490 138 185 188 160 251 235 339 458 485 312 110 278 337 218 178 292 135 393 374 388 355 374 175 331 325 210 235 435 485 365 238 131 460 136 465 335 492 374 230 218 162 297 377 250 119 307 174 304 263 330 168 329 410 329 373 321 162 256 298 404 131 464 113 360 290 496 205 415 109 265 111 321 378 392 480 384 284 266 254 
209 253 118 112 317 154 333 147 273 298 300 322 331 174 495 213 400 450 227 427 175 356 236 270 435 161 434 231 475 295 358 136 383 268 149 348 116 377 336 195 123 275 190 172 451 401 238 278 477 477 153 160 446 319 172 233 373 485 125 301 412 451 148 224 476 177 331 411 485 210 345 462 337 149 370 312 477 254 328 219 183 411 291 247 478 316 119 446 278 249 170 373 363 458 184 248 472 152 374 413 
202 162 466 179 109 306 459 425 354 400 233 391 319 235 268 450 482 431 320 254 148 453 394 168 358 207 153 118 141 404 264 318 131 142 396 359 107 271 490 372 207 385 396 129 400 320 416 275 164 220 143 267 201 135 384 311 238 263 326 151 199 402 194 332 396 328 241 214 445 218 448 222 112 416 472 452 300 275 367 172 182 409 458 357 115 211 140 133 353 129 391 266 378 456 176 166 241 441 206 377 
487 426 255 136 109 163 390 415 450 321 333 374 130 265 166 187 473 119 153 144 444 469 307 242 390 391 473 435 446 307 125 303 331 219 254 497 454 171 491 149 123 247 261 311 492 344 115 222 473 370 334 271 247 314 150 456 202 368 311 160 193 297 479 383 235 200 488 434 225 130 432 330 171 323 343 273 390 208 219 365 268 283 202 107 170 166 135 443 330 468 120 334 447 302 233 302 289 346 190 126 
164 146 188 147 354 299 233 266 485 370 351 172 180 434 341 342 327 369 370 453 432 224 398 256 159 479 205 387 158 369 448 243 237 153 221 167 459 404 111 309 125 324 296 398 135 498 157 364 425 244 424 432 429 476 395 311 202 304 326 114 495 356 467 267 317 437 409 351 170 442 192 302 469 319 495 454 481 234 176 288 440 193 316 224 304 303 383 194 443 454 309 189 413 147 231 285 334 318 136 493 
426 490 475 111 164 486 196 418 410 201 373 238 219 457 314 280 473 112 402 196 145 239 455 398 165 359 313 496 358 380 281 406 122 166 403 185 423 437 493 468 111 355 222 128 220 224 158 374 165 253 285 456 427 109 384 378 210 287 266 316 138 204 486 337 339 366 145 480 325 223 479 221 177 357 415 492 394 209 295 132 449 180 201 326 276 214 304 164 182 371 207 373 204 331 225 316 367 310 408 328 
295 203 273 131 177 167 453 215 167 448 287 471 211 315 213 151 312 135 313 379 359 253 254 391 311 208 456 428 450 393 405 494 176 248 407 230 469 236 453 408 377 276 425 247 269 301 140 232 420 132 200 457 155 312 374 341 422 349 280 492 442 264 311 118 162 394 236 127 401 147 111 388 472 214 179 301 493 337 326 114 196 279 394 378 459 183 316 141 211 214 211 223 309 238 466 256 268 310 499 443 
455 140 183 363 419 340 396 469 230 123 350 187 232 444 367 295 375 361 467 438 148 380 482 107 260 166 332 332 352 371 181 156 435 242 255 203 325 159 393 359 243 377 124 326 196 417 321 415 280 261 452 214 142 171 445 238 110 222 425 134 468 357 495 157 170 458 201 239 189 136 314 423 263 362 447 218 425 296 216 250 455 335 268 453 279 295 129 237 496 143 152 425 313 473 109 299 174 497 309 387 
488 395 302 166 323 152 221 312 349 415 303 244 144 270 371 112 324 319 412 440 307 128 485 420 242 495 425 170 255 189 135 358 155 149 269 277 396 290 412 205 189 282 474 191 310 365 197 178 412 439 424 190 498 221 282 362 281 392 484 325 430 110 390 447 401 170 278 117 294 233 265 267 261 295 454 255 390 440 428 122 195 284 226 213 110 344 268 389 164 141 282 108 264 265 195 225 383 363 421 492 
266 125 292 288 340 399 155 276 145 293 492 331 342 447 315 373 276 457 447 115 293 148 136 285 156 379 467 347 376 481 413 139 474 448 166 454 240 279 286 379 181 375 202 409 407 289 146 320 375 179 485 410 187 145 305 197 274 437 277 409 264 409 406 288 312 464 305 433 412 375 384 447 174 251 204 320 432 467 258 223 356 408 296 497 147 276 447 139 278 372 282 246 325 252 254 492 354 268 366 299 
118 438 107 132 107 167 295 391 315 368 489 170 370 352 429 450 242 316 353 201 320 137 430 342 288 348 260 286 200 416 243 149 461 131 262 413 288 299 292 285 114 354 210 197 348 398 132 311 428 149 200 455 423 172 136 341 231 421 270 240 197 133 376 292 286 176 292 137 316 489 401 204 223 320 240 391 308 305 448 367 142 107 349 128 135 443 495 170 177 467 417 363 410 171 139 478 494 120 226 421 
186 243 192 365 492 198 194 114 481 224 415 272 159 392 201 139 111 235 223 299 302 122 249 145 240 399 363 305 385 372 108 383 390 446 290 359 345 160 466 294 222 134 167 458 114 435 198 258 116 243 380 110 137 263 439 276 404 398 471 428 208 275 426 132 379 373 281 232 150 419 237 235 453 481 283 369 288 258 166 390 339 123 420 141 397 397 226 123 297 471 107 186 184 343 229 187 139 195 232 122 
349 361 147 429 380 181 382 308 485 115 178 341 466 362 227 187 390 304 429 428 402 456 422 165 132 165 121 405 406 152 344 156 241 384 118 359 491 287 183 261 306 323 474 312 240 142 289 214 493 235 364 131 185 373 251 484 459 475 330 346 176 386 391 383 273 235 161 182 228 274 212 129 370 158 347 311 124 298 371 394 280 308 462 215 369 195 181 181 443 151 125 184 335 170 206 468 149 426 328 184 
187 357 162 445 337 243 370 264 411 228 142 190 368 485 146 123 357 124 215 290 441 398 412 140 272 114 310 196 382 448 204 382 141 361 316 281 425 337 206 203 422 342 473 219 481 305 108 141 286 264 354 172 258 394 128 295 403 358 290 112 173 446 494 132 226 443 332 350 366 463 249 358 198 124 383 220 296 224 181 376 203 293 278 431 149 254 319 142 408 313 455 181 134 293 237 391 431 489 472 444 
287 436 370 301 150 233 130 123 278 117 487 115 299 228 468 305 223 348 335 473 108 384 160 466 243 283 114 176 219 403 346 479 478 310 155 319 136 130 417 466 378 465 459 481 120 420 474 320 264 332 408 458 399 168 131 188 115 325 445 453 374 400 317 475 454 116 454 485 337 269 467 392 336 224 420 328 142 269 323 347 251 297 356 485 221 461 309 339 392 298 354 191 202 120 472 355 324 369 214 475 
321 402 481 117 175 376 463 368 289 326 380 362 360 178 339 180 115 308 175 328 238 117 426 172 287 434 375 373 336 354 391 168 349 166 476 130 355 171 374 154 184 396 471 366 493 318 256 442 466 411 303 298 389 285 473 288 194 415 209 289 388 358 452 343 442 467 339 139 341 316 182 290 233 396 138 375 435 332 249 440 170 312 449 468 412 298 151 400 300 499 291 349 254 235 128 244 146 440 301 373 
343 495 329 241 212 269 279 126 247 266 494 182 451 178 409 474 338 342 134 396 246 249 230 448 418 183 168 318 480 335 456 111 109 204 246 254 290 386 446 350 164 492 416 283 446 409 423 453 420 190 345 128 363 116 460 468 378 423 218 355 220 430 120 203 222 131 478 379 276 195 475 215 282 336 367 187 499 281 157 166 231 130 312 329 269 420 379 115 284 254 169 197 130 239 212 205 265 329 336 369 
259 378 333 236 184 474 381 295 467 244 319 383 481 141 415 153 499 404 373 376 221 249 487 211 204 348 163 342 355 382 274 411 164 478 199 450 425 214 128 123 338 161 342 150 350 420 163 183 230 435 181 289 490 470 406 430 362 240 165 282 285 111 128 312 281 339 140 499 450 323 415 174 336 142 119 434 451 215 492 164 262 348 182 354 357 491 158 314 283 257 466 310 332 322 407 463 367 497 173 191 
462 396 270 297 192 382 279 237 357 166 414 329 135 411 300 491 205 118 162 247 141 263 402 493 150 481 423 150 432 387 144 238 279 245 309 139 108 399 211 166 159 139 161 227 241 482 349 244 497 278 338 269 295 191 194 392 417 164 288 220 294 373 465 214 384 498 345 115 155 346 339 351 187 482 199 111 178 460 191 191 260 220 325 131 253 226 174 314 396 285 191 277 138 461 165 173 159 497 152 227 
140 184 173 161 113 414 225 394 146 369 362 215 443 264 303 369 491 406 438 461 177 144 336 400 160 260 153 208 166 242 441 326 207 409 114 244 287 274 367 364 461 407 317 348 213 186 305 339 226 383 197 379 206 402 248 201 189 489 381 252 297 487 380 170 128 499 108 316 137 322 346 111 396 128 141 195 374 452 321 160 128 378 341 293 473 126 167 288 210 390 349 153 469 256 489 390 193 189 277 476 
299 483 212 318 377 474 467 421 499 373 135 128 218 264 460 261 134 161 310 191 170 353 406 322 220 135 317 234 495 416 347 415 215 389 471 209 223 460 267 241 193 455 271 169 269 239 126 248 437 111 169 470 153 296 289 112 387 166 401 209 485 298 331 288 442 399 315 368 290 219 269 375 319 131 245 483 346 183 184 353 213 158 446 273 456 229 474 456 268 417 215 396 207 122 347 111 451 482 141 487 
145 365 240 107 359 176 404 138 291 159 381 133 199 358 329 362 330 311 201 370 244 238 324 229 176 140 231 162 421 321 369 187 293 201 179 170 464 357 460 237 447 145 467 205 392 245 346 461 402 406 394 385 461 498 495 197 293 394 378 133 328 453 213 294 207 360 236 482 146 365 292 476 438 297 203 465 368 364 272 308 307 369 464 172 231 419 374 274 188 240 495 122 402 313 384 144 155 481 228 264 
390 236 412 324 417 230 462 481 233 231 310 233 202 196 439 146 136 116 194 279 359 271 340 128 487 270 367 499 387 213 186 239 292 281 213 391 267 405 346 321 473 447 393 495 244 176 430 200 131 476 352 298 196 472 225 307 222 200 149 315 321 128 253 246 306 496 213 307 214 443 130 403 284 385 334 315 364 381 493 140 452 231 470 360 185 372 354 247 275 130 381 422 261 317 311 296 139 255 119 496 
306 499 479 399 416 484 393 273 363 351 243 136 265 404 183 469 398 205 160 495 477 471 170 307 448 475 294 473 457 151 468 244 189 164 121 112 179 347 226 396 365 136 310 438 496 449 374 341 247 241 456 172 235 188 109 221 334 308 160 316 249 176 430 107 300 467 184 276 338 121 181 126 238 442 216 460 170 492 479 108 337 160 156 307 366 345 191 469 382 480 193 299 218 190 468 255 321 353 298 316 
196 381 225 374 471 476 443 145 349 407 130 442 203 248 271 454 442 290 412 249 250 471 133 440 313 373 178 246 394 252 176 317 212 265 419 109 263 234 465 134 367 407 250 340 290 331 261 435 146 310 312 162 216 250 331 181 324 373 431 395 256 221 359 273 425 421 177 322 301 199 133 115 317 248 340 342 379 430 154 359 134 442 288 478 452 451 461 475 239 396 416 498 333 350 232 338 173 362 268 451 
206 349 390 345 237 409 246 364 492 463 277 122 377 311 189 259 455 294 255 314 345 185 454 399 127 202 145 290 261 252 425 381 488 411 189 260 468 412 256 176 426 273 192 311 270 488 262 164 215 145 161 434 364 118 382 475 473 479 499 146 410 453 303 206 457 391 292 389 287 325 295 438 426 290 152 275 242 273 112 121 456 268 404 341 108 322 298 238 202 252 130 318 171 261 448 335 255 445 205 185 
244 141 181 178 400 195 414 187 479 438 178 177 432 429 216 222 177 448 369 378 136 191 114 434 205 352 194 427 471 218 464 257 116 162 194 162 373 216 366 499 464 320 211 393 147 138 221 421 496 448 207 117 360 398 277 129 369 224 397 143 273 228 285 128 494 258 470 258 435 168 186 229 262 178 202 110 456 424 148 448 339 355 419 482 487 370 168 195 308 293 349 380 472 355 238 383 466 170 381 109 
