150
43 34 70 24 24259 3 3 
93 36 272 20 47149 4 2 
86 33 219 27 41314 4 2 
113 35 136 22 2593 2 1 
36 35 289 15 37276 3 2 
117 34 278 17 11086 1 1 
161 38 167 20 14303 1 2 
33 37 90 27 15581 1 3 
154 32 171 20 38192 3 4 
36 32 294 21 42421 1 2 
142 36 164 25 19445 1 1 
122 31 250 21 32313 1 2 
71 32 246 25 35507 1 1 
23 33 252 27 45663 1 2 
19 36 127 22 40037 3 1 
153 32 111 19 13567 3 1 
62 30 126 19 28978 2 3 
115 31 279 16 35946 3 1 
101 35 104 28 34673 2 3 
156 34 83 26 5355 2 2 
77 39 70 26 18057 1 2 
32 39 241 26 37153 4 2 
93 32 185 20 24441 1 4 
118 32 206 24 44046 4 2 
21 30 205 27 14437 4 4 
60 34 36 22 18489 3 4 
73 35 55 26 2942 3 1 
41 34 49 15 3664 3 3 
127 33 258 21 38139 4 1 
17 32 75 20 11772 1 4 
139 38 61 24 45751 3 2 
143 31 195 15 25676 3 1 
112 39 91 16 45053 1 3 
161 34 107 26 33094 3 1 
91 34 84 21 6181 1 1 
157 36 270 15 3506 4 2 
81 34 255 26 7727 2 3 
135 36 299 17 38256 4 4 
135 30 64 22 2800 3 2 
53 38 240 19 36016 1 3 
97 36 118 16 46109 1 4 
83 39 241 21 22004 4 1 
154 35 273 18 9747 4 2 
56 36 108 20 13996 4 3 
80 31 210 18 44137 1 4 
15 30 228 23 4643 4 1 
146 39 235 28 21138 3 1 
140 35 245 28 4819 3 2 
119 37 225 23 31130 2 1 
168 38 187 16 20972 4 3 
167 35 190 26 31958 2 3 
75 31 36 17 18131 3 3 
137 38 241 25 22516 2 3 
157 30 175 19 34383 3 1 
147 39 43 20 36946 1 4 
84 31 85 15 35217 3 4 
171 33 136 28 16852 1 4 
59 30 100 20 37573 4 2 
88 31 62 15 16328 3 4 
89 31 188 22 24077 4 1 
126 38 138 19 27936 1 2 
144 36 266 23 1801 3 3 
94 33 197 25 20346 1 3 
170 32 30 17 323 1 1 
95 39 200 29 39781 3 2 
68 31 206 20 4275 4 1 
82 38 216 19 30413 3 3 
104 33 155 21 17325 2 3 
133 32 35 18 794 3 2 
86 30 274 22 33220 2 2 
65 39 82 25 20960 3 4 
155 38 247 23 40038 1 3 
147 33 294 24 47623 4 2 
157 33 193 22 13354 2 1 
80 36 157 26 39557 2 1 
92 38 106 15 42147 1 3 
169 30 193 19 46550 2 4 
130 32 237 15 8533 2 2 
98 39 128 25 44404 3 3 
120 39 192 16 1223 3 2 
45 30 241 17 16109 4 2 
26 37 223 23 19076 4 1 
18 31 270 25 26742 1 1 
177 33 136 23 4841 4 4 
42 33 65 22 391 4 2 
17 37 163 19 5131 1 2 
91 38 189 17 27142 2 3 
107 30 149 16 29857 3 3 
32 38 254 22 1667 2 4 
22 32 172 20 26264 2 3 
30 35 159 20 21299 2 4 
66 35 69 16 40429 4 4 
169 33 70 15 14693 1 1 
119 36 80 21 4827 2 3 
121 34 227 29 42810 2 4 
58 31 281 19 23946 1 1 
149 31 244 25 38144 4 1 
89 32 35 21 36675 3 1 
124 36 69 18 7230 3 4 
88 31 69 26 42662 4 2 
89 34 84 29 17408 3 4 
161 30 197 20 9179 2 2 
164 33 82 24 35870 2 2 
139 36 215 20 38438 2 3 
143 38 277 28 31164 3 3 
58 36 124 27 7426 1 4 
117 34 249 17 15107 4 3 
79 33 65 19 47580 2 1 
135 39 72 17 27438 3 1 
176 38 253 22 46337 1 3 
69 34 204 23 33428 1 1 
75 38 128 28 20732 2 4 
126 33 126 16 34706 1 3 
28 34 246 15 11199 1 1 
124 37 145 23 38309 1 4 
92 31 251 29 8686 2 1 
117 34 75 23 38086 3 3 
76 33 185 19 36877 1 1 
47 39 194 15 22946 4 2 
132 38 51 25 18526 2 4 
31 35 121 18 2856 3 1 
51 31 182 24 13918 1 1 
132 36 57 16 8881 1 4 
57 33 163 20 19882 1 1 
97 30 199 17 35029 4 1 
66 34 281 24 29086 1 1 
24 37 69 28 28671 3 1 
46 36 251 18 28985 3 3 
136 39 151 28 39187 4 1 
106 30 182 20 9582 4 1 
43 30 35 22 30907 4 2 
138 37 137 21 32116 4 3 
22 34 243 28 29158 2 3 
148 36 210 27 28884 2 3 
143 33 104 27 45706 2 3 
36 38 175 20 27205 4 3 
160 34 187 21 25685 2 1 
149 38 182 23 14789 2 1 
19 37 252 25 10978 4 4 
173 38 218 20 14885 4 2 
101 37 145 19 3505 3 2 
164 36 209 24 42221 2 4 
88 33 79 21 43104 3 1 
65 34 84 15 6043 1 1 
137 37 192 23 12252 1 2 
178 32 95 23 13776 1 3 
136 35 67 27 11312 1 4 
36 30 177 25 47289 1 1 
54 33 138 28 4869 3 2 
24 36 49 15 3109 2 2 
