300
106 39 101 27 25274 4 3 
121 34 252 27 42510 1 3 
32 37 158 29 71305 3 3 
34 30 77 20 71308 3 2 
87 37 299 28 49623 2 4 
130 35 260 19 89592 2 1 
45 36 265 23 91455 1 2 
36 33 184 21 8828 2 4 
102 31 110 22 90651 4 2 
115 31 231 24 75404 4 3 
34 36 228 26 26308 3 1 
32 32 86 16 28319 4 1 
49 30 153 24 54922 3 3 
125 33 158 20 45924 4 2 
167 32 211 23 8999 2 1 
177 37 205 18 80007 3 1 
99 37 204 22 4449 3 1 
169 30 178 22 94595 2 1 
144 36 75 20 83920 3 3 
72 38 229 29 74727 1 2 
68 37 192 19 23955 3 2 
133 38 80 15 36814 4 4 
85 36 42 25 10118 2 1 
148 35 164 28 9976 2 4 
80 39 264 21 77452 1 1 
76 31 133 18 36435 3 4 
145 38 35 25 68655 4 1 
93 35 279 24 90273 3 2 
154 36 103 22 42956 3 4 
152 34 275 26 39014 2 1 
143 39 157 16 41829 1 2 
147 34 99 21 51629 2 3 
72 36 98 20 27679 2 1 
108 31 169 21 94396 2 4 
24 32 62 27 90263 2 3 
155 36 243 20 64900 1 3 
27 33 75 15 26281 2 4 
169 32 260 15 35036 1 2 
131 33 241 18 37491 3 2 
156 38 239 21 92677 3 4 
15 37 280 25 39908 2 4 
106 34 213 25 27702 3 2 
177 33 299 28 84025 4 1 
107 32 288 29 57495 2 3 
76 30 49 16 59545 2 3 
116 33 228 18 55567 3 4 
68 30 121 29 36877 1 2 
108 36 292 15 57419 3 1 
77 37 93 15 5986 2 4 
97 38 296 21 35035 2 3 
149 31 126 27 51729 1 2 
27 38 80 16 80999 4 1 
20 36 172 21 70768 2 2 
123 34 251 23 68250 1 1 
90 36 123 16 58851 1 1 
61 31 190 15 54840 1 3 
62 33 231 22 88045 4 2 
93 38 78 26 67406 3 1 
162 31 51 23 49608 3 3 
50 35 178 17 32989 2 3 
63 32 91 28 19707 1 2 
63 33 156 23 75624 2 3 
161 33 53 26 88531 2 4 
151 30 96 21 20664 1 4 
63 30 85 18 68774 2 1 
145 38 197 25 42028 3 4 
121 38 43 19 84668 3 3 
64 33 93 28 84091 3 3 
49 32 65 24 2999 4 2 
31 39 163 28 41912 4 4 
163 32 278 24 28219 1 2 
143 38 107 24 50760 1 4 
73 38 181 25 8932 3 1 
51 39 115 16 64044 4 4 
69 33 75 19 33620 2 3 
150 36 38 17 61071 2 4 
27 32 205 19 74645 3 1 
169 34 139 15 25129 4 4 
77 30 252 21 68046 2 4 
119 33 185 17 15693 2 2 
58 39 193 18 83097 4 1 
132 37 268 28 51202 1 3 
28 39 289 15 74781 2 3 
42 33 293 26 85345 2 1 
23 36 43 23 66490 3 1 
31 39 66 27 84970 1 2 
159 34 162 26 5390 1 2 
93 32 133 26 18240 2 1 
117 37 276 28 48119 3 2 
73 39 107 25 37694 3 3 
48 34 208 21 77049 4 1 
140 34 249 21 25938 1 2 
84 36 167 25 15520 3 2 
64 39 232 21 28219 1 1 
157 33 86 18 79997 2 3 
60 31 98 29 61023 3 1 
25 30 170 26 95020 3 1 
43 37 93 22 65717 1 3 
33 30 260 29 3207 4 2 
179 34 143 15 89512 1 2 
86 36 92 15 43376 1 2 
87 31 279 18 28064 2 3 
135 33 197 19 19616 2 2 
171 39 271 22 12418 4 3 
25 31 97 29 38056 3 3 
105 37 194 25 75375 2 1 
114 33 33 16 88673 1 1 
115 31 179 25 80320 2 4 
100 36 110 20 70508 3 4 
54 30 225 23 26519 3 2 
157 37 276 21 27241 3 1 
26 31 213 20 3421 4 4 
39 30 104 21 55742 4 3 
86 30 259 18 92177 3 4 
97 37 235 24 84434 2 3 
47 39 59 19 53115 1 1 
34 31 144 17 87001 3 3 
16 35 61 29 20023 4 4 
116 31 229 28 5690 4 4 
64 38 264 21 2070 3 4 
167 32 144 26 45778 1 4 
178 33 33 23 39893 3 1 
88 35 263 16 29778 1 3 
155 38 189 28 81018 2 2 
176 37 86 25 65248 3 2 
28 33 219 15 21600 3 1 
119 30 97 19 13683 1 3 
172 37 136 27 90275 2 4 
173 32 85 15 58008 4 4 
73 36 293 29 14630 3 1 
24 35 183 17 80144 2 1 
121 35 181 22 22209 4 1 
84 30 159 18 24990 2 1 
73 31 208 22 70924 2 1 
125 31 280 17 10067 1 4 
136 31 82 28 50946 4 3 
95 33 105 27 3696 4 1 
134 36 106 18 37778 4 4 
24 31 297 19 23500 2 3 
111 34 202 21 83624 1 4 
107 35 62 29 85039 1 3 
74 36 130 20 86190 2 1 
112 31 56 25 50798 1 2 
57 36 200 25 8072 3 2 
23 30 253 18 78959 3 4 
151 37 257 27 49523 3 2 
177 31 205 25 58847 4 1 
123 33 217 21 87322 3 2 
103 33 64 25 40979 4 1 
137 36 55 26 80755 1 2 
109 34 35 24 84166 2 2 
104 31 88 15 66577 2 4 
55 30 156 25 86822 4 4 
104 36 215 21 32541 1 1 
61 33 207 26 13797 3 1 
175 32 184 20 84840 2 2 
137 32 162 26 72980 1 4 
73 36 293 22 3777 1 1 
86 34 257 29 15357 1 2 
110 38 158 17 8139 2 1 
147 36 276 23 23272 4 4 
16 34 190 26 23235 1 2 
68 38 85 20 25018 1 2 
22 34 141 19 48796 4 3 
55 35 298 15 56692 2 2 
78 32 293 28 47523 1 1 
36 38 203 23 88249 3 1 
63 33 230 29 66944 2 1 
44 32 223 24 67690 3 3 
126 39 124 17 39222 2 3 
139 30 211 29 89878 4 2 
42 36 56 16 42156 2 4 
79 34 71 17 50730 1 2 
122 37 205 21 23655 2 4 
121 35 202 16 85447 4 1 
76 31 173 16 41376 1 4 
85 31 83 28 51999 1 4 
83 38 247 15 11857 1 2 
87 35 90 20 12295 2 2 
51 34 78 27 15888 4 1 
44 38 77 25 12662 2 2 
93 35 59 19 65221 4 2 
85 30 277 23 14516 4 3 
20 38 186 21 46948 1 1 
36 39 106 20 28331 2 2 
90 38 275 23 3675 2 1 
54 31 51 19 80400 3 3 
77 31 191 18 47917 3 4 
115 39 278 23 58496 3 3 
177 35 135 19 28999 4 4 
173 36 99 22 54835 1 4 
73 38 286 22 73025 3 3 
162 37 214 28 42230 3 4 
87 30 100 29 81816 3 2 
153 30 181 18 29232 2 4 
148 31 194 27 87327 2 1 
112 30 106 25 58944 3 3 
48 38 255 23 47017 3 4 
100 35 163 29 1218 3 2 
33 37 209 28 92081 1 4 
46 37 110 20 44986 3 2 
71 33 84 27 18090 3 3 
169 38 250 27 92941 4 4 
41 37 194 22 80763 1 4 
65 37 174 25 1497 2 4 
37 33 170 28 54188 1 4 
104 37 109 15 8094 3 4 
103 30 81 20 81134 2 1 
91 39 222 29 91103 3 4 
161 36 281 16 92175 2 2 
127 39 197 23 39968 2 1 
101 33 226 29 12471 4 2 
57 32 141 26 24544 3 2 
86 34 218 24 41941 3 3 
154 36 37 23 37452 3 1 
54 34 287 20 72236 2 2 
166 30 51 20 95537 2 4 
156 30 218 16 34372 3 2 
141 30 135 25 9123 1 2 
154 33 50 16 64020 3 1 
151 39 272 22 95298 3 3 
147 39 254 18 67129 1 4 
145 35 241 23 47086 4 3 
94 33 255 27 6559 1 1 
69 32 171 16 89920 1 2 
81 38 89 26 65715 1 4 
174 34 142 18 4684 1 4 
133 37 273 26 68656 2 4 
98 37 96 20 28363 4 1 
82 33 156 29 56847 2 3 
49 32 265 21 63548 1 2 
104 30 93 17 14253 1 3 
120 35 190 24 57659 3 4 
111 31 94 25 42112 1 3 
44 34 176 16 32370 2 4 
164 36 145 20 29634 4 1 
134 36 277 28 6808 2 2 
148 31 238 21 83862 2 1 
130 39 286 29 72653 4 3 
124 30 269 16 27617 4 1 
80 37 195 23 95790 2 1 
94 30 183 23 39681 2 3 
126 31 151 18 57122 4 4 
179 31 190 28 3769 4 4 
134 32 298 20 59083 3 1 
35 31 99 27 5864 1 2 
85 36 285 18 52492 4 4 
161 33 94 27 20383 2 1 
111 37 274 17 11744 1 4 
29 32 65 25 95533 4 2 
115 33 269 15 66992 4 1 
173 33 237 19 22340 1 3 
98 38 283 15 40878 2 2 
105 38 50 27 77818 4 3 
122 36 79 19 23125 4 2 
61 31 293 25 24447 2 3 
80 36 115 26 28432 4 1 
116 31 277 22 48985 2 3 
76 36 227 19 53506 3 1 
101 33 39 19 19959 3 3 
174 35 290 15 58772 3 1 
27 39 241 25 10672 2 1 
106 36 66 27 39948 4 3 
29 35 171 25 29789 4 1 
137 31 258 17 96581 3 3 
87 30 65 29 55335 4 1 
48 30 167 15 6039 4 3 
36 36 255 15 15055 3 2 
114 38 115 27 22502 2 3 
41 37 52 23 65930 2 1 
51 30 75 21 27867 4 1 
78 34 102 28 57905 1 4 
149 34 194 20 2806 3 4 
153 32 119 23 86929 4 3 
97 30 81 23 69742 4 1 
22 34 242 22 71402 3 3 
149 34 156 20 39502 4 3 
27 36 131 21 77416 4 4 
169 39 157 26 72781 4 4 
76 35 291 29 18351 4 2 
42 35 174 25 61472 4 4 
93 30 127 21 63028 1 3 
22 31 118 17 63579 2 1 
145 34 145 29 80831 2 2 
126 37 161 26 43426 3 4 
39 35 60 16 54723 3 1 
147 31 54 17 7829 1 4 
20 33 293 28 95425 1 3 
49 36 180 20 14199 4 1 
121 31 91 19 85662 4 3 
74 34 106 18 44222 2 2 
97 30 113 28 12157 2 3 
59 38 211 18 4534 4 1 
167 32 128 26 14105 2 3 
160 35 198 29 37428 1 2 
64 36 179 21 91518 2 2 
96 36 135 22 60903 4 3 
168 37 164 24 10528 1 1 
39 38 80 16 70351 1 1 
161 30 62 24 13189 2 1 
