350
73 39 238 24 72685 3 1 
31 39 290 29 3120 3 4 
60 38 105 27 48107 3 1 
48 31 142 24 18899 3 2 
167 39 230 26 101649 3 3 
143 34 66 17 27831 2 3 
83 34 216 28 74637 2 1 
95 30 118 20 83852 1 2 
153 38 68 26 2027 2 2 
126 33 147 24 37846 1 4 
132 37 102 21 110123 3 2 
83 31 270 24 103012 1 3 
71 32 198 26 94564 4 2 
135 38 278 20 30753 3 4 
15 39 203 29 79227 1 1 
59 35 201 15 51291 4 2 
154 35 82 19 74160 3 3 
43 33 84 18 86073 1 4 
112 35 40 27 20269 1 2 
174 36 254 19 24768 4 4 
175 34 292 25 97161 2 4 
66 30 232 21 104184 2 4 
102 32 191 15 5237 3 4 
53 35 132 24 10584 1 4 
30 35 97 24 7896 2 3 
157 39 47 22 480 1 3 
51 31 36 23 5964 3 3 
77 36 149 27 93214 4 4 
98 33 296 23 84577 3 3 
149 30 171 19 3248 4 1 
71 32 285 18 108122 1 4 
86 38 172 24 38130 2 3 
39 37 179 18 55317 3 3 
105 30 295 27 103747 3 2 
64 30 168 21 40245 1 4 
143 34 146 17 33925 4 2 
34 38 177 23 53297 1 2 
70 31 222 19 43201 2 3 
145 38 227 18 82784 4 4 
132 36 34 15 828 3 4 
134 37 240 19 22568 1 2 
119 30 195 23 92523 1 1 
162 32 269 20 77818 1 4 
80 37 193 18 58327 1 1 
102 31 148 17 81467 1 3 
62 33 44 15 26303 1 2 
149 34 233 21 33614 4 4 
176 35 217 22 75495 4 2 
153 34 169 22 27248 1 4 
140 34 281 25 16120 4 1 
83 32 280 16 7633 3 1 
33 33 190 29 1499 3 3 
38 37 155 15 28914 3 3 
171 33 47 26 38710 1 3 
144 34 182 29 49452 4 3 
128 38 59 26 45217 2 4 
61 31 269 25 71879 2 2 
152 31 267 21 68777 2 3 
153 34 123 16 38471 2 4 
146 32 32 21 5163 4 4 
152 33 56 17 56127 2 2 
109 31 38 24 64328 3 2 
60 33 265 22 18195 1 3 
113 39 296 20 75299 4 2 
122 31 173 23 20488 4 3 
70 32 37 16 75943 1 4 
153 34 207 27 78475 4 4 
160 34 111 29 56420 2 2 
63 32 56 16 92216 4 1 
124 37 151 15 32175 2 2 
137 39 49 17 66107 4 4 
141 39 59 22 103615 2 1 
132 37 30 29 10826 2 1 
124 37 214 19 81861 2 4 
85 37 288 23 62566 4 3 
87 33 86 23 23859 1 4 
161 31 186 16 35582 2 3 
164 36 180 22 31815 2 2 
123 38 185 23 33305 4 2 
19 31 116 29 26420 3 2 
162 31 118 26 21779 4 3 
64 39 265 19 760 1 3 
18 39 230 24 95474 3 1 
85 34 117 25 10052 2 4 
126 36 162 23 101764 3 3 
45 30 147 21 59699 1 3 
120 33 74 16 103712 3 3 
113 32 108 15 110283 4 4 
42 39 271 19 93255 3 3 
21 33 140 22 108853 3 1 
163 38 128 26 93768 3 1 
36 39 73 16 29388 2 3 
134 33 235 21 78891 1 1 
17 33 224 17 3017 1 3 
120 33 175 23 26449 2 4 
77 38 33 24 90428 4 2 
66 37 53 26 320 3 2 
177 38 163 25 19613 1 3 
138 35 285 17 4121 2 4 
77 36 30 17 4107 3 2 
86 32 98 24 51084 1 3 
87 37 285 22 63155 4 3 
101 39 154 28 7703 2 4 
178 34 48 15 15198 4 2 
69 38 226 16 66803 3 2 
53 36 272 28 69299 4 3 
69 33 45 28 42508 2 4 
138 34 249 28 36135 1 3 
66 39 168 19 61536 3 4 
73 37 207 28 80334 4 3 
65 32 61 29 81134 3 4 
26 36 229 24 73297 1 4 
104 31 289 22 54403 3 4 
100 37 281 19 23360 3 1 
86 31 283 15 25621 4 4 
120 30 187 27 106268 1 4 
119 34 298 25 55638 3 2 
121 35 231 23 71383 1 1 
46 35 175 25 3991 1 3 
33 31 135 15 73676 4 2 
179 32 66 18 30432 4 3 
147 37 54 16 94820 1 3 
90 36 250 21 25966 2 3 
49 31 265 26 15009 3 3 
27 35 282 21 1918 1 1 
122 35 45 19 67637 1 1 
39 38 227 21 40099 3 2 
72 33 173 19 99659 1 3 
53 39 99 24 78969 1 4 
53 31 188 25 38904 3 4 
104 31 219 23 53379 3 2 
165 37 129 26 13652 4 2 
178 38 279 20 77296 1 3 
179 30 91 23 10909 1 2 
81 37 229 27 505 4 2 
33 35 186 27 30828 2 3 
27 36 132 17 33522 2 4 
54 31 81 15 78977 4 3 
108 39 252 29 96519 3 4 
72 31 235 15 35039 4 1 
149 34 47 28 100723 4 4 
151 39 233 22 109983 2 2 
28 38 79 16 105881 2 2 
29 31 236 28 43628 3 3 
132 34 61 20 16463 3 1 
150 35 128 16 30489 3 3 
21 34 47 27 63907 2 2 
29 37 279 20 5460 2 2 
84 36 136 26 105962 4 1 
175 38 211 16 54836 4 2 
90 39 194 26 31852 3 4 
140 33 162 29 98175 3 4 
37 32 242 17 88176 1 3 
101 37 135 19 110502 1 4 
16 33 154 26 76302 2 2 
40 36 194 19 23022 4 3 
90 34 84 25 103381 3 3 
121 31 79 19 10679 2 4 
33 30 269 18 75654 4 1 
116 34 40 22 102512 4 4 
78 37 286 16 9900 4 2 
117 34 262 28 25121 2 3 
38 30 271 28 110333 1 4 
60 34 45 15 61864 2 1 
115 35 38 16 42343 4 1 
85 36 38 21 29675 1 3 
44 37 153 22 12468 1 2 
103 30 247 15 11630 1 2 
63 38 102 19 5752 2 4 
31 36 43 19 9621 4 4 
108 34 253 21 103102 1 4 
29 38 254 21 29822 1 3 
140 36 74 20 20291 4 3 
56 36 184 23 84764 3 3 
65 32 239 27 55854 4 1 
156 38 35 26 53526 3 3 
41 30 295 17 43933 2 3 
99 33 207 15 7795 4 2 
124 36 53 15 51490 2 4 
144 32 297 24 1349 3 1 
64 34 43 22 73506 1 3 
102 30 257 26 20976 3 2 
100 32 119 18 85360 2 3 
175 34 278 21 20650 2 2 
92 32 135 15 110241 3 3 
163 31 65 26 74869 4 4 
45 31 197 25 36253 3 2 
103 36 221 20 85977 1 2 
39 32 198 23 75469 2 4 
128 31 125 19 54003 3 4 
38 35 60 29 72494 4 2 
28 32 253 20 33195 1 1 
27 35 187 25 75523 2 3 
96 38 80 18 38298 3 2 
23 33 257 26 9619 4 3 
108 35 178 21 3721 3 1 
46 38 165 18 64551 2 1 
150 30 63 15 34813 1 4 
167 34 282 16 67496 2 3 
136 34 283 27 99162 4 4 
17 37 179 29 86248 1 4 
46 34 81 29 6539 4 4 
106 33 54 17 59987 2 2 
144 35 293 27 62357 2 1 
45 34 294 27 56577 2 4 
27 32 112 28 43705 4 1 
40 39 172 26 30309 2 4 
97 30 83 27 2973 2 4 
68 37 186 29 92622 3 1 
164 35 240 16 107394 1 2 
154 38 100 21 107501 3 1 
165 31 94 21 95708 2 3 
103 39 54 26 88653 1 4 
151 34 147 29 23513 1 2 
75 33 42 25 64909 3 1 
175 38 248 24 49220 1 1 
81 33 107 18 33123 2 3 
126 30 250 15 9139 3 4 
125 39 38 19 54067 1 1 
122 34 286 20 45790 3 4 
59 35 231 18 71392 1 4 
105 34 263 25 109988 1 3 
162 39 214 29 38000 1 1 
151 33 36 18 67422 3 3 
26 39 180 19 107999 3 4 
124 36 228 15 18102 4 2 
53 36 69 29 63391 1 4 
128 30 217 25 27648 4 1 
161 37 36 20 13674 1 3 
84 33 297 15 81371 3 2 
133 39 268 23 67373 2 3 
73 30 92 29 2995 4 3 
59 36 143 24 87756 2 4 
90 38 247 25 8203 3 1 
142 34 260 25 10209 1 1 
161 39 44 21 6845 3 1 
24 33 280 16 11706 2 4 
136 33 140 18 79855 4 1 
141 39 244 25 51668 2 2 
37 31 47 23 75985 3 1 
61 34 294 15 67729 4 2 
113 30 127 15 9586 1 2 
28 33 205 15 65559 1 3 
16 39 151 17 102653 2 1 
179 37 210 25 108060 3 2 
103 31 230 26 99335 1 1 
85 30 98 16 65651 3 3 
110 31 77 15 1469 3 3 
169 31 181 16 86729 1 4 
176 39 205 29 109032 4 1 
95 33 77 18 4096 4 3 
165 34 285 19 19567 2 4 
144 35 31 17 73027 1 3 
124 39 71 24 21351 3 2 
125 36 48 22 3740 1 1 
76 30 152 25 22896 4 4 
19 38 266 22 73016 1 1 
80 30 214 23 86465 3 2 
122 38 46 27 3590 4 2 
137 34 154 26 83523 1 4 
66 32 201 20 93801 2 4 
50 35 281 29 73020 1 4 
168 32 226 17 68143 4 1 
41 32 217 22 36369 3 4 
117 34 52 21 101932 2 3 
21 38 166 22 89443 2 4 
126 37 269 21 35112 1 1 
123 32 229 24 45037 4 2 
135 39 68 23 64705 1 1 
48 38 114 15 16727 4 3 
172 31 41 24 8165 1 1 
51 37 176 25 90595 1 2 
90 36 47 17 48222 1 2 
77 38 158 27 51755 3 2 
179 37 94 18 104853 1 3 
124 37 100 26 34810 3 2 
29 36 252 29 47016 1 1 
77 36 224 26 56356 3 1 
79 39 132 19 14586 2 2 
160 39 182 24 78563 2 1 
29 37 121 17 36545 2 2 
117 30 169 15 96778 1 4 
31 30 263 29 54923 3 2 
90 30 234 29 90860 4 1 
173 30 218 29 38977 3 2 
154 33 35 27 20063 3 1 
61 37 219 15 68247 3 2 
105 37 38 24 21791 1 2 
126 32 216 26 3273 1 4 
64 32 287 16 81945 2 2 
119 32 103 17 29619 3 4 
135 34 107 21 95513 1 3 
96 33 299 15 50097 1 4 
86 34 133 27 95449 2 4 
29 32 174 22 97750 2 3 
114 34 279 19 4169 1 3 
102 37 271 25 96727 1 4 
43 32 226 24 88714 3 3 
127 36 102 19 96501 4 4 
50 38 33 20 89320 4 4 
84 39 189 20 37414 2 4 
137 39 31 27 2228 3 4 
127 34 53 18 3629 2 1 
27 35 210 21 41127 1 1 
61 36 121 20 20541 4 2 
27 31 74 22 91217 2 3 
29 39 268 25 83848 3 2 
149 36 287 25 106365 4 4 
126 31 202 21 27664 1 1 
162 33 192 21 1323 3 1 
83 31 85 15 10524 1 3 
170 38 270 29 87997 3 1 
100 36 115 16 79918 2 4 
149 35 77 27 18226 2 1 
22 38 281 15 63893 3 3 
35 39 196 25 64569 2 3 
71 31 38 20 27521 1 3 
172 39 32 21 45748 2 1 
67 31 191 23 60866 2 4 
172 33 108 27 21147 3 1 
105 37 182 26 75846 3 2 
148 39 139 18 42757 3 2 
132 31 37 26 57299 1 2 
100 38 163 26 29832 2 1 
179 33 204 22 97922 4 2 
140 32 241 23 50428 3 1 
147 30 119 22 57693 3 1 
72 39 192 20 22272 4 3 
101 35 227 23 41029 4 2 
17 37 154 23 87726 4 3 
45 34 67 27 45696 4 2 
55 34 170 23 88604 3 1 
23 34 89 29 90242 1 4 
27 33 85 17 99555 1 3 
147 35 31 21 56274 1 1 
83 36 165 26 52666 4 3 
70 38 77 16 62736 1 4 
102 36 128 24 25194 1 2 
55 31 183 16 14248 3 1 
94 36 144 28 35346 1 4 
19 38 240 28 59215 4 2 
170 39 280 29 66519 2 4 
109 37 89 16 67796 1 3 
105 39 40 29 46454 2 1 
42 33 83 26 34526 3 3 
152 38 229 20 26165 1 2 
129 34 125 28 15580 3 1 
82 35 204 15 33233 1 2 
111 32 223 26 56501 1 2 
31 35 148 18 29752 2 1 
