200
43 39 111 29 27677 4 1 
179 37 197 23 8887 3 1 
141 38 297 28 11286 3 1 
36 38 143 20 47507 1 3 
94 37 239 15 3198 3 2 
74 30 286 23 56448 3 1 
56 30 58 28 47106 2 3 
128 32 226 23 10425 4 4 
29 36 178 23 13597 1 4 
39 39 133 22 58911 1 4 
104 32 218 21 64210 1 1 
45 35 177 24 16316 1 4 
16 34 214 25 11084 2 2 
21 30 240 17 60117 2 1 
105 38 190 21 59199 2 3 
139 34 261 17 20225 4 1 
130 39 164 25 32691 1 2 
164 31 256 20 2796 3 1 
51 30 95 21 49490 4 1 
128 31 254 16 50392 2 2 
172 38 114 21 35698 4 2 
90 34 285 23 35400 3 4 
58 30 88 17 25603 3 4 
75 39 156 18 33749 4 1 
78 38 194 22 41227 4 1 
61 38 102 29 53297 4 2 
89 33 43 25 40282 1 4 
92 30 237 21 17142 2 4 
149 34 189 19 26719 3 4 
130 37 69 20 34029 1 2 
133 39 145 26 32060 4 4 
105 36 41 15 8660 3 2 
89 39 176 16 48102 2 3 
133 33 183 25 45564 3 3 
15 34 175 16 60076 1 3 
63 33 264 18 38895 4 3 
160 35 267 23 24922 2 1 
20 34 109 26 59549 2 4 
126 38 187 18 38881 1 3 
134 36 103 27 5611 3 1 
90 36 197 24 46848 4 3 
41 31 31 27 30393 3 1 
97 34 260 16 49636 3 4 
22 35 211 21 28316 1 4 
149 30 198 27 31494 1 4 
176 37 239 22 63106 3 3 
105 33 279 24 26194 1 2 
100 38 178 20 3787 2 1 
77 34 137 17 29242 1 4 
27 32 134 26 25750 1 2 
19 33 50 15 3437 3 2 
90 32 101 29 44309 3 1 
57 33 113 19 27331 1 1 
115 39 66 15 12262 4 1 
15 35 285 26 59115 3 3 
127 36 213 27 32780 4 1 
82 38 241 28 59018 2 1 
50 30 214 15 759 2 4 
70 30 240 28 63170 4 4 
94 32 94 16 35613 4 2 
132 32 163 26 31920 3 1 
70 30 66 18 45552 3 2 
117 39 208 20 13268 3 4 
62 35 188 19 11673 4 2 
142 38 63 19 32301 4 2 
153 35 154 29 40084 3 1 
59 33 166 28 26576 3 2 
161 31 263 20 38066 2 2 
61 37 222 29 10483 2 4 
179 39 230 17 17119 3 3 
34 33 95 26 11608 3 1 
157 30 37 21 45321 4 4 
32 38 191 26 49976 4 2 
142 31 252 23 47967 4 3 
21 36 278 26 49936 2 3 
36 36 71 24 59914 3 1 
134 35 215 28 20597 3 3 
59 30 177 28 28445 2 4 
52 36 31 29 26681 2 2 
95 39 70 18 62615 2 1 
163 35 291 22 64093 3 2 
42 35 79 25 41657 1 3 
121 39 143 26 62179 1 4 
135 38 162 25 46317 2 2 
115 35 87 24 37090 2 4 
61 36 222 21 17631 4 2 
151 35 31 17 35461 2 3 
123 35 97 29 47742 3 2 
29 35 152 28 36826 1 2 
15 39 203 17 2565 4 2 
20 30 89 21 7674 3 2 
147 33 269 19 42734 1 4 
26 32 94 22 56232 4 3 
60 32 133 15 6284 2 4 
174 31 114 28 6676 4 3 
118 38 203 20 17500 2 1 
132 30 194 17 28546 4 2 
111 36 287 20 46288 4 4 
140 31 293 24 3666 1 3 
69 33 86 26 17421 2 3 
50 36 84 15 4979 3 2 
134 35 90 21 25477 3 3 
53 34 147 25 20906 1 1 
58 39 119 20 49872 2 2 
64 38 66 25 61180 1 3 
173 31 33 29 47913 2 2 
98 36 196 16 16171 4 2 
167 38 39 28 14869 4 1 
48 35 231 29 53498 2 4 
76 37 99 28 50853 1 4 
80 32 186 19 32946 1 2 
140 30 215 18 9748 4 4 
93 34 147 27 31773 3 2 
115 39 205 25 43264 4 3 
134 32 157 24 50935 1 2 
140 30 99 17 18784 1 3 
138 37 160 21 45822 4 1 
50 31 206 27 23316 3 2 
32 34 255 15 37548 1 2 
61 38 207 20 60344 4 1 
126 39 42 23 29477 3 3 
35 34 193 18 28328 4 3 
94 39 33 20 14347 4 3 
155 34 107 24 43837 1 4 
174 35 43 21 14504 2 1 
161 33 202 26 29045 3 4 
137 35 145 20 42652 1 2 
148 38 215 25 46294 1 2 
129 31 185 27 60269 3 2 
70 36 47 18 22731 4 4 
112 31 190 16 4882 3 2 
137 39 197 16 26150 2 2 
81 35 249 15 28732 1 1 
115 31 148 16 58296 3 3 
121 39 299 25 50934 1 2 
64 35 222 15 56713 4 4 
116 34 62 17 11885 3 2 
71 35 87 15 38029 3 4 
131 30 229 28 35074 4 2 
171 38 155 17 39339 3 1 
80 33 246 20 33675 4 2 
55 37 270 25 12410 2 3 
132 31 176 21 41813 1 4 
154 33 60 24 21740 4 2 
158 34 57 25 26568 3 3 
147 34 122 18 34059 1 3 
126 37 292 25 49343 4 2 
172 37 231 20 29415 4 1 
57 30 110 15 14681 3 1 
142 30 97 18 59241 2 4 
155 30 255 20 26216 4 3 
36 34 233 26 7861 4 2 
61 34 267 28 62593 1 3 
148 35 183 19 57828 1 4 
133 36 286 25 59557 3 2 
86 36 244 23 58204 3 4 
146 31 114 29 36644 4 1 
27 38 188 15 7331 2 3 
166 33 76 26 22681 4 4 
150 35 274 20 63307 2 4 
51 32 86 27 6301 1 4 
44 35 282 21 47176 4 2 
164 32 32 18 51644 1 2 
176 32 36 23 17087 4 4 
144 31 168 23 20830 3 1 
69 35 184 24 39773 1 3 
67 30 127 29 21358 4 1 
155 30 60 27 16375 4 4 
91 33 88 15 34470 1 4 
40 30 114 23 7847 1 2 
68 37 265 18 12916 3 3 
46 38 289 24 61953 1 4 
26 38 275 17 41065 1 2 
112 37 165 15 26638 2 4 
168 30 57 21 15397 2 4 
131 30 32 28 23170 2 4 
124 30 204 27 35640 2 2 
141 32 254 25 15347 2 1 
116 38 146 15 31487 3 1 
92 37 262 15 2542 1 3 
16 38 228 23 50415 2 1 
97 34 257 22 2993 1 3 
135 33 79 25 44641 1 1 
60 32 83 25 62967 2 3 
158 38 81 26 8224 3 2 
60 39 222 19 49487 2 3 
47 36 123 26 2547 1 2 
174 34 75 22 15947 1 4 
149 32 155 17 3005 2 3 
61 39 285 15 18008 4 4 
105 30 261 26 38372 3 2 
85 39 289 18 19439 1 1 
17 30 282 26 51691 4 2 
119 34 180 20 33989 4 4 
134 34 172 29 12058 1 4 
90 30 159 21 18040 1 4 
33 36 207 26 2431 4 3 
53 36 173 21 51393 1 2 
72 32 49 24 35115 1 1 
95 36 255 16 18760 2 3 
