50
140 36 105 28 15077 1 2 
64 32 163 21 3550 1 2 
37 33 146 21 4920 2 2 
172 38 252 29 3313 2 1 
57 33 294 18 12275 2 2 
143 37 145 21 10468 1 4 
96 35 79 27 3482 3 2 
136 30 171 25 14551 4 2 
111 33 250 28 10007 2 4 
161 31 252 21 8917 2 3 
72 32 232 23 13163 3 1 
158 37 52 18 4337 3 3 
118 32 96 17 7641 2 4 
83 33 122 17 7079 2 2 
81 30 206 25 2076 3 3 
31 37 242 26 8164 1 2 
126 39 206 18 10642 3 1 
47 37 49 22 1922 2 3 
96 32 175 16 14606 2 2 
71 36 294 22 14751 1 3 
133 33 102 28 5340 4 4 
57 32 299 27 3005 3 2 
155 35 279 18 12202 2 4 
154 36 82 27 15661 2 4 
22 33 197 26 8072 2 2 
49 34 190 17 7836 3 4 
152 35 207 22 2785 4 2 
162 30 103 22 5815 3 2 
44 39 217 19 4543 3 1 
31 34 203 23 725 4 2 
28 35 56 16 3966 1 1 
65 30 163 26 11264 3 3 
96 39 248 24 14081 1 3 
124 35 289 24 5489 4 1 
140 33 85 23 16161 3 4 
46 32 38 22 386 4 3 
130 30 62 27 4331 3 1 
44 36 298 24 4679 3 4 
79 30 85 20 10934 4 4 
91 30 288 25 1276 1 1 
119 34 248 28 12596 3 1 
176 37 168 16 15266 3 3 
113 36 198 16 13728 3 2 
98 35 94 16 6992 2 2 
50 37 158 18 9586 2 1 
58 31 282 28 10088 2 4 
31 34 131 19 8045 2 3 
102 35 199 17 15171 1 3 
48 39 208 26 11877 4 4 
134 36 204 26 14509 2 3 
