500
88 38 199 21 149446 1 3 
177 39 34 21 46616 3 2 
141 39 86 26 2340 2 3 
110 32 171 24 19069 3 4 
145 32 199 23 55957 4 1 
80 39 267 16 37767 3 1 
160 34 256 23 131609 2 2 
37 39 215 19 11006 4 1 
16 30 221 23 115537 1 2 
107 32 103 21 48469 4 1 
50 35 65 20 54924 2 2 
24 33 163 29 139797 1 2 
177 31 82 28 36482 2 2 
132 35 213 20 92776 1 1 
140 36 238 19 130696 1 3 
156 38 97 24 140000 2 3 
165 37 112 18 97396 3 3 
178 31 170 22 18965 2 3 
138 30 278 15 63579 2 2 
85 38 242 27 110320 3 4 
111 32 54 29 30174 2 3 
84 36 132 24 46217 3 4 
17 37 163 20 61024 2 1 
41 32 208 18 15222 3 4 
156 36 73 29 109390 1 3 
93 32 129 21 15367 1 1 
102 31 38 23 79547 1 1 
170 33 41 23 40633 2 2 
93 39 83 23 90277 1 3 
53 38 136 21 29605 1 2 
110 36 159 28 93738 4 1 
101 35 284 15 151511 3 4 
136 35 165 16 15280 3 4 
117 35 96 24 79366 3 4 
145 34 81 21 153187 1 4 
46 38 218 28 45849 4 3 
137 37 178 20 54092 2 1 
58 39 190 25 151318 4 3 
63 37 141 22 1869 4 2 
152 38 139 19 132035 4 2 
133 32 127 21 19929 4 2 
58 35 253 29 67561 2 1 
24 35 141 16 102773 4 1 
94 30 290 16 20726 1 1 
146 38 182 16 49867 1 4 
33 30 231 29 43744 1 2 
26 33 94 26 144786 3 2 
137 32 83 15 8425 3 3 
89 31 178 15 64143 1 2 
114 38 57 29 92788 2 3 
85 35 194 21 36375 1 4 
32 35 105 21 18855 3 4 
34 37 136 21 152025 4 1 
53 35 172 21 37524 3 2 
175 34 40 16 35168 2 2 
54 30 180 25 131454 4 1 
178 30 178 18 7992 4 4 
103 33 183 24 33814 1 3 
48 33 245 19 14215 4 1 
18 39 254 27 39768 4 2 
139 31 70 26 30937 4 2 
126 35 90 27 50400 1 3 
42 31 108 25 55232 4 4 
61 33 75 20 83960 1 2 
136 30 286 24 114706 3 4 
104 36 85 25 151774 3 1 
135 35 262 26 60033 2 4 
175 32 124 20 68931 4 1 
36 37 147 19 137022 2 3 
144 36 83 25 128854 1 4 
98 31 156 21 11386 1 4 
30 33 235 19 120828 2 2 
117 32 241 16 123273 4 4 
84 31 158 19 87802 3 1 
149 34 113 15 5845 1 4 
171 39 75 22 101680 3 2 
127 37 143 25 15892 3 3 
51 38 293 22 144999 4 2 
16 32 201 22 123863 2 1 
165 39 178 22 65270 1 2 
53 34 282 22 40780 3 2 
168 35 276 20 123806 2 1 
48 30 176 27 48601 4 2 
50 37 180 20 629 1 1 
29 31 103 20 48376 3 2 
74 36 108 26 141953 3 1 
134 33 116 20 143159 1 3 
86 37 234 24 107503 3 1 
54 38 71 24 108163 2 2 
145 32 192 25 118151 1 4 
162 36 94 28 4819 1 4 
84 35 245 20 6885 3 3 
55 33 148 26 3239 3 1 
38 39 146 29 23396 4 2 
55 38 143 24 38866 4 1 
25 36 73 20 37945 3 1 
128 36 254 22 27457 2 1 
110 30 259 17 37544 2 1 
83 35 253 26 142505 4 4 
122 39 107 23 24903 3 1 
64 31 233 15 24584 1 3 
56 34 127 18 100182 1 3 
92 35 84 17 50653 2 3 
38 36 77 18 143966 4 4 
105 34 122 27 117003 3 3 
169 36 119 17 23232 2 4 
135 30 94 27 8612 4 3 
77 39 95 28 123617 4 1 
88 30 48 28 115952 4 4 
153 36 195 19 6117 3 2 
63 30 228 19 18261 3 1 
176 33 101 24 7493 2 4 
30 35 231 29 35518 3 2 
154 32 269 29 138765 2 3 
161 38 274 24 11818 3 4 
111 32 239 28 23517 4 3 
94 30 73 20 74199 4 4 
101 39 216 29 105444 1 4 
48 31 46 23 51199 2 2 
142 36 247 16 34442 1 2 
143 31 72 28 135822 2 4 
136 38 285 28 156007 3 3 
77 31 131 20 64435 4 3 
85 31 86 22 115488 2 3 
31 30 195 27 33612 4 1 
122 36 121 26 137136 1 1 
174 30 70 17 128471 3 4 
16 39 68 27 138284 3 1 
15 34 285 24 129640 1 4 
25 39 188 17 49108 2 2 
66 36 189 26 98476 1 1 
68 37 41 19 73138 2 2 
134 37 193 21 42910 4 2 
148 37 46 28 62081 4 1 
77 35 188 23 57788 2 3 
120 32 209 15 45648 1 2 
169 35 121 15 150040 2 1 
157 38 171 25 136701 4 3 
68 30 81 21 110048 2 1 
164 39 30 17 82891 1 3 
142 39 115 21 144783 2 4 
118 35 136 29 140820 4 4 
26 36 115 20 48013 3 1 
77 33 153 17 128649 1 3 
109 37 31 18 87369 3 3 
57 35 57 27 48917 1 3 
63 30 127 16 150688 1 1 
125 31 85 23 135465 2 2 
178 38 107 18 145992 1 4 
16 38 135 24 56274 2 4 
167 37 223 24 36755 4 4 
16 36 79 20 23650 2 3 
119 34 106 23 146121 3 1 
109 38 38 15 90345 4 3 
154 31 75 23 41972 4 3 
84 34 78 20 107256 4 4 
42 30 175 28 69573 2 3 
174 39 243 24 132599 3 2 
152 32 192 17 144914 3 2 
101 32 243 16 79536 2 1 
127 38 93 22 114723 2 4 
83 33 43 27 129333 2 2 
165 37 204 27 147550 1 2 
104 34 154 17 20636 1 1 
170 37 127 29 63420 2 3 
118 36 220 20 146701 2 2 
53 35 241 18 95854 1 2 
105 37 250 21 58330 4 1 
105 31 219 21 85417 1 3 
140 34 294 15 16258 2 3 
162 35 210 17 43209 4 1 
61 31 62 18 10970 1 1 
74 35 55 19 36777 4 4 
60 35 278 20 134031 3 1 
156 38 291 28 21092 4 3 
116 33 32 22 12242 4 2 
50 39 57 25 97976 2 1 
95 31 183 21 120615 3 1 
136 38 66 25 50352 2 4 
42 37 135 25 77463 4 4 
127 31 182 25 28719 3 3 
41 35 42 23 31070 3 3 
103 32 139 29 150996 1 1 
25 39 147 27 34846 1 3 
161 39 52 17 105563 2 3 
34 36 299 18 85125 2 4 
123 31 208 28 120127 2 3 
168 38 193 29 39464 4 2 
167 37 278 20 86626 3 1 
153 38 44 25 92271 3 4 
157 33 35 24 141340 1 4 
63 34 85 26 102213 4 3 
164 32 60 26 34539 1 1 
81 35 244 26 54575 2 1 
131 38 244 29 136251 2 2 
131 34 49 29 68458 4 3 
118 39 189 16 155764 2 2 
74 38 152 25 60697 2 2 
42 32 35 20 69968 2 2 
82 30 103 21 74615 2 3 
100 31 185 21 44476 1 4 
117 33 126 16 2624 2 3 
144 34 268 29 92922 2 3 
145 37 131 15 9885 3 2 
174 30 192 28 89552 4 1 
54 38 132 17 126618 3 2 
20 35 81 15 72339 4 1 
64 30 190 24 69649 1 4 
116 31 175 17 57691 3 2 
36 35 262 29 130944 1 1 
158 31 189 21 154297 3 4 
136 37 131 28 126077 2 1 
107 37 237 24 122653 4 3 
116 38 206 27 155145 3 3 
117 37 249 18 69343 4 4 
24 33 243 18 97608 4 4 
138 39 100 29 97636 2 4 
27 37 264 20 73881 1 3 
110 37 294 17 24955 4 1 
40 35 119 22 100920 1 1 
157 34 150 19 70227 1 2 
19 32 256 26 117306 1 1 
64 34 241 25 91758 3 3 
105 37 242 23 85235 3 1 
127 38 156 22 146337 4 1 
136 38 197 25 97376 1 2 
53 37 233 15 139618 2 2 
159 31 125 25 58579 3 3 
93 36 85 19 117051 1 2 
130 31 158 27 21770 1 4 
31 36 192 15 115021 1 4 
115 30 60 19 27250 4 4 
118 34 66 27 134085 2 3 
139 33 121 29 57004 2 4 
70 39 254 22 77603 1 3 
130 39 151 18 33981 2 1 
44 33 120 22 104166 4 2 
42 31 41 15 61014 3 1 
107 39 43 19 81113 1 4 
45 31 137 24 148713 3 4 
85 32 244 21 79388 1 2 
106 30 254 18 80301 1 3 
178 36 263 18 119368 2 1 
78 39 188 15 31563 3 1 
15 32 292 20 139870 2 3 
97 34 265 16 65684 1 3 
44 35 258 25 151239 4 4 
145 31 155 20 70870 3 1 
138 37 185 28 39721 4 4 
107 30 78 16 23668 2 1 
122 35 212 25 52301 4 3 
55 31 40 28 114316 1 2 
86 38 244 27 34677 1 1 
49 37 252 27 129598 3 4 
78 35 237 17 74754 3 1 
29 33 264 27 71802 1 1 
45 38 165 25 34711 1 4 
32 35 217 18 6955 2 3 
89 32 33 22 155943 4 4 
44 31 276 18 51997 4 2 
179 31 75 21 140149 2 2 
179 35 97 17 24970 2 1 
111 34 264 16 13276 4 1 
59 35 36 20 117551 1 1 
106 34 213 17 51945 4 2 
127 37 235 23 72359 4 2 
174 34 132 15 99998 1 1 
170 35 190 19 76021 3 2 
117 34 254 24 63275 1 2 
152 37 176 15 85417 1 3 
38 37 124 22 132373 3 1 
129 32 222 28 93122 4 1 
112 36 248 17 146819 2 2 
115 34 268 16 3885 2 3 
69 34 49 15 152756 2 4 
72 38 124 20 41839 2 2 
55 32 203 15 78426 2 2 
175 37 200 16 50675 1 4 
120 33 251 28 82016 1 4 
52 32 294 20 134634 3 2 
60 35 157 18 32234 3 4 
177 37 67 17 81029 1 1 
84 31 34 19 78397 4 2 
30 32 288 21 39645 1 4 
98 33 55 15 25858 4 1 
112 38 179 16 112931 4 3 
110 34 205 24 35593 2 2 
160 39 254 19 143504 4 4 
77 39 114 19 53776 3 4 
100 32 164 15 1374 2 4 
174 36 278 15 116240 4 1 
92 32 218 17 23497 2 1 
177 33 244 18 40350 3 1 
22 32 200 15 47145 2 2 
125 34 62 18 115652 2 3 
110 31 102 25 95370 2 3 
42 37 52 23 107640 3 3 
29 34 246 18 18768 1 4 
83 39 60 19 74550 3 2 
138 37 230 24 46806 1 3 
76 36 141 19 39376 2 1 
53 31 238 27 143048 2 1 
94 37 47 28 13020 4 4 
106 38 241 24 112451 4 1 
125 30 66 29 47097 3 4 
129 30 78 20 90355 1 2 
175 36 34 18 19885 3 3 
143 37 210 15 114184 2 2 
122 32 173 29 26441 1 4 
148 37 120 17 11603 3 3 
115 35 62 17 31473 3 1 
145 30 271 18 132273 3 2 
127 32 186 25 118703 4 3 
121 33 61 17 41841 2 4 
166 37 112 25 64156 3 2 
56 31 290 15 150260 3 1 
106 38 278 23 28780 4 2 
72 36 279 26 143377 3 2 
15 37 246 25 88170 1 4 
166 30 108 15 27341 3 3 
107 35 225 15 46974 2 1 
92 31 101 29 95235 2 1 
28 36 44 20 103015 2 4 
147 34 257 23 4141 1 4 
23 30 293 25 125114 2 1 
34 33 229 24 140198 3 1 
42 36 112 23 143951 4 4 
101 31 96 27 14125 2 2 
114 39 68 26 42365 3 3 
44 30 268 21 18728 3 1 
64 33 252 29 82855 4 4 
75 38 30 29 83790 1 2 
136 32 87 16 18696 3 3 
138 37 245 22 138146 2 1 
112 30 142 24 122967 3 1 
97 34 68 20 101511 2 1 
19 39 191 16 3217 4 1 
49 34 79 27 90756 2 1 
66 32 92 22 81688 3 1 
101 31 274 19 6247 4 4 
151 37 189 17 153308 2 4 
100 34 213 22 133896 1 4 
88 38 98 19 18250 2 1 
59 38 218 18 43381 1 2 
81 31 250 21 104112 4 3 
94 32 95 24 154037 4 1 
80 36 38 17 62223 3 3 
171 35 77 17 151997 1 3 
113 35 105 15 139778 4 3 
163 30 122 29 43612 3 2 
174 31 58 22 95998 4 3 
31 35 95 16 52196 3 4 
57 37 210 18 26985 3 3 
105 30 30 29 18676 3 1 
128 37 65 24 107969 1 1 
73 39 231 17 135421 1 3 
172 36 89 23 86906 2 3 
79 35 201 19 44529 3 4 
132 33 257 25 45885 2 4 
62 39 242 27 18837 3 3 
40 34 87 19 29570 2 2 
73 30 147 19 102708 2 4 
102 37 216 25 84929 3 1 
16 38 234 27 86855 4 1 
46 35 159 29 74741 1 4 
55 32 55 29 81227 4 2 
118 37 46 25 67089 3 2 
46 30 71 23 57714 2 3 
94 31 62 23 42472 1 2 
169 36 60 26 12323 3 3 
49 34 205 20 121079 2 1 
19 33 232 19 90080 3 1 
143 34 93 27 50244 1 1 
86 31 195 20 144052 2 2 
27 38 100 15 115681 1 2 
15 30 249 25 50257 1 2 
57 36 112 24 104801 2 1 
103 35 196 25 155320 3 1 
152 39 207 19 95444 4 4 
62 30 50 16 104826 1 1 
149 31 218 20 111977 2 3 
124 32 47 28 30892 2 1 
97 31 177 16 78975 4 1 
172 35 121 25 132453 4 3 
123 31 115 17 147055 4 1 
176 31 264 22 98363 3 3 
167 35 145 15 67111 2 3 
64 31 41 29 33708 4 1 
136 33 277 17 25224 2 1 
73 36 59 16 51965 1 3 
117 31 154 24 107239 3 2 
139 36 155 23 118220 1 3 
89 34 219 15 93579 2 3 
19 36 120 21 141491 3 4 
142 38 41 20 137603 3 2 
173 32 133 26 60630 4 3 
121 36 125 26 103040 3 3 
28 36 280 18 80354 2 1 
120 35 32 22 11400 4 1 
58 39 43 24 123198 2 1 
104 39 182 16 118047 3 4 
77 38 192 20 126222 3 1 
177 34 161 16 24369 1 4 
74 35 209 27 72830 2 2 
22 38 193 27 56120 2 2 
151 37 294 29 25301 3 1 
177 37 262 23 129127 4 2 
142 31 91 21 124093 1 2 
73 39 196 24 29884 4 3 
53 36 89 24 26927 2 4 
86 37 52 24 152637 1 1 
75 35 35 26 149802 3 4 
102 34 286 23 7854 1 3 
32 37 183 16 62988 3 1 
87 32 185 18 130965 4 4 
52 33 91 24 37120 2 4 
56 37 167 26 155204 2 4 
114 30 177 25 137089 3 3 
140 37 190 22 144781 2 1 
42 37 53 28 148589 1 4 
106 31 65 19 58450 1 1 
141 37 180 21 6994 3 3 
52 30 49 28 111163 4 2 
178 39 96 16 2215 3 2 
34 39 145 21 94983 2 2 
109 30 194 17 118963 1 3 
94 39 222 26 117686 1 3 
78 33 187 21 152010 3 3 
72 36 199 18 152392 3 1 
62 37 141 23 111404 1 2 
107 31 269 28 150499 4 3 
15 39 273 25 92974 3 1 
132 39 144 16 102708 2 4 
55 32 59 28 44378 4 3 
107 30 137 19 2236 3 2 
20 32 286 29 125521 1 3 
59 31 82 29 11273 1 4 
148 31 76 20 62626 2 2 
166 35 215 26 126507 1 4 
53 38 238 23 80441 3 4 
75 37 127 22 32981 4 2 
78 35 199 28 98569 2 4 
44 37 199 27 142597 1 4 
94 34 171 26 81492 1 4 
154 35 35 20 117426 2 1 
171 36 227 23 12368 1 4 
119 35 186 26 47974 1 1 
22 33 257 28 57217 2 2 
169 39 124 22 124061 4 4 
25 32 37 16 121171 1 4 
117 35 205 19 43405 1 1 
69 30 235 23 45298 3 1 
164 39 160 26 107619 4 4 
65 37 133 20 84718 1 2 
47 36 109 27 59736 4 4 
46 38 141 17 147201 3 2 
102 35 84 28 81135 4 3 
54 39 261 15 115939 4 1 
121 33 73 18 52672 3 4 
97 33 269 16 103902 4 1 
44 37 286 17 145714 2 4 
41 32 74 27 142878 3 4 
63 39 199 16 63895 3 4 
75 37 72 24 17719 1 2 
145 32 159 26 81167 4 4 
87 37 36 27 147127 2 4 
173 39 267 15 35977 3 2 
52 32 47 16 117512 4 4 
137 30 150 20 131386 2 2 
112 33 57 17 108673 3 2 
81 36 87 27 23294 3 3 
19 39 82 27 77477 3 2 
49 31 158 27 49289 2 3 
163 31 141 27 28351 3 2 
140 32 74 29 122210 2 4 
152 31 203 21 51348 3 1 
157 32 285 26 145450 4 3 
141 36 91 25 26319 3 3 
69 32 59 15 60433 2 1 
113 35 292 15 43211 2 4 
139 36 90 23 85182 3 1 
133 32 175 23 69844 2 4 
162 36 134 19 144225 3 3 
122 39 40 28 90779 2 4 
19 34 228 23 111781 1 4 
100 32 172 20 144494 4 2 
178 36 152 23 63755 3 2 
42 30 161 19 88811 2 3 
22 34 161 23 103365 2 2 
47 36 154 29 151845 3 4 
75 38 69 24 126674 4 1 
17 39 81 20 126882 2 2 
148 30 195 21 108034 1 3 
154 34 198 23 141428 2 3 
123 39 205 23 80940 2 3 
132 32 233 22 74967 2 2 
137 32 245 16 106217 3 2 
95 39 151 23 120785 3 4 
44 32 76 21 109426 2 4 
91 39 247 24 120618 1 1 
