250
78 33 182 29 34865 4 2 
93 32 126 20 16374 1 3 
100 31 249 27 62299 1 3 
61 38 171 16 76014 4 2 
126 37 291 26 29603 2 1 
68 39 138 24 9784 1 1 
51 39 224 28 58786 2 4 
164 32 47 24 14596 1 2 
74 37 236 16 43101 3 3 
69 30 212 15 1638 1 4 
50 39 299 26 38636 3 3 
137 30 163 24 60546 1 2 
71 35 253 28 20097 1 1 
169 33 221 29 68766 1 1 
108 39 56 25 67921 2 1 
136 34 227 19 48899 3 2 
33 32 143 21 37596 3 2 
46 35 53 19 8714 2 4 
116 32 183 15 12487 4 2 
38 33 260 24 47667 3 4 
159 37 273 29 45003 1 4 
152 34 109 22 63560 4 2 
126 33 138 22 74016 3 3 
128 37 224 17 23151 2 1 
107 36 192 27 45427 3 4 
45 34 171 26 21910 2 4 
175 37 102 20 28353 4 1 
36 32 221 21 31225 1 3 
173 36 276 17 14164 1 1 
159 39 155 27 71716 4 3 
53 30 235 16 17863 3 1 
26 37 267 19 79306 2 3 
170 34 225 23 45942 1 2 
170 34 273 29 55878 3 1 
22 32 34 18 34239 4 2 
134 33 83 23 56394 3 4 
105 39 163 25 51146 3 3 
104 36 38 24 2384 3 4 
133 32 76 17 29718 2 4 
151 30 76 15 12602 3 3 
61 37 82 27 5347 3 2 
122 37 221 19 3196 1 4 
111 32 211 19 13048 3 4 
118 33 42 20 6922 1 2 
60 33 128 15 58429 3 1 
83 38 96 19 32051 4 3 
18 37 220 24 16640 2 3 
116 33 67 25 20413 2 4 
179 35 113 24 31446 2 3 
61 30 294 22 52899 2 4 
175 37 149 15 59115 1 2 
65 37 161 28 12773 4 4 
93 32 180 23 13497 1 2 
39 31 190 25 59537 2 2 
137 36 241 25 44152 4 1 
53 36 279 21 8026 3 3 
31 31 199 28 34765 4 2 
162 30 127 16 21365 4 1 
120 36 184 17 32450 3 3 
64 30 220 28 44882 3 4 
117 37 77 18 65845 2 3 
163 33 62 16 30304 1 2 
47 34 263 18 75253 3 1 
99 37 269 19 78664 2 4 
71 32 75 28 62620 3 2 
69 38 217 24 49615 2 4 
174 33 222 21 57251 1 3 
33 38 201 22 76382 3 1 
50 39 285 26 30499 1 2 
80 38 271 29 7169 4 2 
132 36 287 19 74134 4 4 
70 30 158 23 45750 1 1 
79 33 79 26 6474 2 1 
77 32 192 19 12140 1 3 
176 38 126 20 28091 3 2 
94 32 148 18 50641 1 1 
123 33 108 27 7721 3 3 
66 38 103 27 18628 2 1 
111 34 45 23 32697 3 4 
85 37 117 19 56266 2 2 
67 31 249 19 64577 1 2 
61 38 168 24 41278 4 1 
154 38 149 25 34398 3 4 
143 35 37 19 61118 1 2 
91 37 30 15 41810 1 1 
157 35 78 16 74371 4 4 
123 34 93 25 2314 4 1 
42 32 255 20 71021 3 1 
95 38 203 17 76336 2 4 
60 32 95 29 33519 4 3 
100 30 276 25 61293 3 2 
121 31 71 26 53580 3 4 
59 39 41 17 69268 2 2 
44 33 237 16 10038 1 2 
162 30 123 15 57497 4 4 
68 31 85 22 78259 2 3 
132 36 126 18 5019 4 4 
104 33 73 24 76094 1 2 
127 34 218 24 74099 1 2 
135 35 148 24 62315 2 3 
41 36 183 17 22212 1 3 
119 32 56 16 781 3 3 
111 31 107 26 37219 2 4 
143 35 166 19 34145 2 3 
84 32 257 15 35750 1 2 
116 33 33 26 2320 4 4 
39 36 199 26 6555 1 4 
167 30 168 23 49205 3 2 
22 32 196 21 29441 4 1 
113 37 278 21 24081 2 3 
80 30 220 20 56171 2 2 
149 39 253 24 7045 1 4 
56 36 31 21 28742 1 4 
161 32 200 28 894 1 2 
144 35 230 16 17687 2 3 
122 36 290 20 58105 3 3 
143 31 122 29 12301 4 4 
39 36 63 25 12178 4 4 
168 36 133 21 59586 4 2 
50 33 174 25 28002 4 2 
150 32 278 25 77174 2 1 
24 37 56 24 68596 1 3 
24 31 186 20 59615 2 4 
97 30 155 26 39605 4 1 
77 34 172 23 15496 1 3 
67 34 52 21 34155 2 2 
89 38 81 25 32814 3 1 
126 39 65 24 62778 2 1 
175 37 128 17 62586 2 4 
80 35 175 20 44603 2 1 
111 35 203 19 7835 3 4 
21 35 174 21 22355 2 2 
158 36 56 29 43684 2 3 
174 32 295 23 55937 1 4 
119 32 133 18 76540 4 2 
72 39 276 17 49228 4 2 
23 38 235 25 12888 4 3 
143 39 198 29 43895 1 1 
82 32 202 17 64113 2 4 
65 38 112 29 37620 4 1 
104 35 44 17 733 4 3 
36 38 178 18 63971 4 2 
71 32 220 24 30881 4 4 
50 37 67 15 35727 1 4 
109 34 163 26 14366 1 2 
39 33 35 27 52989 3 4 
72 31 263 26 13737 3 1 
57 30 48 27 59917 2 1 
92 35 150 21 8140 4 1 
55 36 38 26 28294 3 2 
169 36 255 29 22500 2 2 
49 34 274 20 10519 2 4 
146 38 108 23 70188 2 3 
71 30 30 18 18378 1 2 
126 38 177 23 78492 2 4 
29 35 148 25 65920 4 2 
150 38 55 25 43712 4 3 
84 33 61 23 60053 4 3 
40 33 100 21 2361 2 4 
128 38 216 16 30398 4 4 
140 31 229 28 55630 2 1 
99 39 127 19 23955 1 2 
28 33 53 23 23842 1 1 
88 31 57 27 53368 3 1 
23 36 240 24 3233 1 1 
64 39 228 21 23220 3 1 
140 30 148 18 5395 4 1 
61 30 250 22 50951 3 2 
123 37 202 21 54991 2 1 
176 39 225 28 68576 4 4 
70 36 195 29 58099 2 3 
17 35 81 15 21320 1 2 
110 34 74 21 27271 3 4 
84 34 77 22 53317 2 3 
72 30 147 27 71838 3 3 
100 38 224 16 69377 4 4 
54 31 93 27 49748 3 1 
24 34 42 19 57792 2 3 
104 33 237 15 51127 1 4 
50 31 244 29 26705 2 1 
96 35 190 24 63097 1 4 
20 36 255 21 29350 4 1 
90 30 53 18 28497 4 4 
19 38 180 20 61082 3 4 
116 35 182 25 29029 3 3 
106 33 274 16 50471 3 3 
112 36 216 20 37510 1 3 
156 39 202 28 16070 2 2 
146 34 133 19 75390 2 1 
168 31 93 19 46911 1 4 
40 35 170 24 43053 2 1 
107 36 93 16 21091 1 4 
95 30 146 25 41458 2 4 
129 36 215 23 21897 2 2 
75 39 144 15 21184 1 2 
63 35 103 16 27220 2 2 
171 36 292 26 37044 2 3 
31 31 44 26 47534 2 1 
36 38 39 29 59332 1 2 
59 35 287 17 65511 3 4 
103 36 272 26 17609 2 2 
160 30 276 19 55753 3 1 
72 35 139 27 29562 2 4 
179 31 240 19 52962 4 1 
96 39 153 22 15870 1 2 
166 34 116 20 44930 1 2 
114 38 134 15 43389 1 1 
62 37 260 22 33361 3 4 
95 30 129 15 25283 3 4 
105 39 159 18 69049 1 3 
144 37 211 25 32968 2 2 
169 39 84 22 51357 3 1 
128 36 53 26 42517 2 1 
130 36 212 22 21381 4 3 
79 36 107 22 66312 4 4 
128 37 121 24 13891 1 4 
75 30 234 18 53015 2 3 
88 31 254 16 6788 1 3 
70 31 149 25 42402 4 4 
101 38 207 15 25000 3 2 
30 37 216 29 30849 4 2 
112 36 65 20 6431 2 4 
159 30 293 29 56389 1 1 
66 34 89 28 53073 2 2 
115 32 214 24 47192 1 1 
142 30 212 24 30162 2 3 
18 33 230 22 31039 4 4 
154 36 201 24 33320 2 2 
143 35 272 20 69382 2 2 
72 39 189 24 7157 1 1 
21 38 182 16 47663 4 3 
154 36 66 19 37447 4 2 
80 31 224 17 39093 4 2 
78 32 92 29 66670 1 3 
77 39 162 15 19726 2 1 
16 36 57 15 16536 4 2 
135 33 227 24 8163 1 2 
168 31 138 15 73277 1 2 
140 33 51 19 71209 4 4 
85 30 101 23 40735 4 3 
144 39 275 18 42644 3 4 
158 31 227 22 25345 4 3 
111 34 60 17 39607 2 2 
146 35 226 24 20460 4 2 
41 37 139 29 41194 3 4 
113 38 146 16 52535 1 2 
81 33 291 20 32204 2 3 
100 32 264 23 52894 4 1 
171 36 117 19 47797 1 4 
138 31 202 17 49965 1 2 
