100
47 35 65 28 287 3 2 
161 36 108 19 13952 2 4 
71 38 66 21 6029 2 2 
94 32 210 16 18340 3 4 
160 35 82 24 22722 1 4 
25 32 245 19 13325 4 2 
42 30 220 29 7242 2 1 
64 36 53 27 22288 3 2 
85 38 229 24 17754 3 4 
101 32 105 18 15346 3 1 
136 35 45 29 25094 4 3 
27 37 240 28 20139 4 4 
90 32 214 21 6694 3 3 
119 30 95 19 5895 3 4 
32 39 112 18 8369 4 1 
56 38 77 15 18271 2 2 
104 36 132 22 27524 3 4 
25 30 42 23 14710 4 2 
93 33 281 18 26498 3 4 
146 37 167 27 11648 4 2 
94 36 178 28 8422 3 2 
16 38 33 26 9907 3 1 
75 39 161 29 7306 2 4 
95 36 162 27 5724 3 3 
94 33 277 26 12010 2 3 
155 38 256 25 13240 3 2 
40 39 154 21 7832 2 4 
46 39 154 29 1359 3 3 
145 30 74 24 859 2 2 
48 31 220 22 27645 2 3 
105 31 92 17 7528 3 4 
68 32 285 29 4607 4 2 
157 34 55 15 841 2 2 
167 34 171 29 26485 4 3 
37 31 198 20 17172 4 4 
163 30 202 22 3746 4 2 
92 30 186 22 15317 3 1 
146 36 251 24 10889 1 3 
55 30 57 29 26219 1 2 
26 35 127 21 26629 3 1 
36 34 102 16 13820 2 2 
55 38 148 21 29826 3 2 
30 34 34 17 12072 2 1 
32 32 106 24 4953 4 2 
103 31 118 18 3468 3 1 
166 39 72 28 14457 3 1 
64 37 295 29 2479 1 2 
51 32 130 29 23509 1 4 
144 35 270 17 3603 4 3 
136 36 244 29 2631 1 3 
132 32 149 19 20036 1 3 
35 37 153 29 25208 2 2 
85 35 204 18 8622 1 2 
75 34 240 28 11837 2 1 
54 35 145 25 8014 3 2 
70 32 173 18 18787 4 4 
177 34 159 24 21458 1 1 
83 30 126 25 20498 3 1 
130 38 31 26 27421 3 2 
63 32 72 19 22719 3 2 
108 37 121 23 21710 2 1 
59 34 144 27 9450 2 1 
142 33 110 24 26014 1 2 
75 31 223 20 15870 1 2 
40 31 281 28 10989 3 3 
79 34 239 27 26361 4 3 
170 38 70 26 26074 1 3 
122 34 64 20 4543 2 1 
132 36 82 25 27912 1 4 
93 38 256 24 24504 2 4 
88 35 170 15 15771 4 2 
120 30 129 28 28632 3 1 
21 34 282 16 20333 4 1 
40 39 54 23 3444 1 2 
83 39 85 25 27475 4 1 
113 34 109 28 18220 3 4 
74 31 164 25 27247 2 1 
115 38 47 28 6605 4 3 
54 31 75 21 15050 2 4 
46 38 265 19 1028 2 2 
160 37 46 28 19592 3 4 
174 38 226 26 14655 1 4 
67 30 77 20 2135 4 4 
128 33 211 18 4958 4 2 
118 38 102 21 26213 2 4 
44 36 139 18 8970 2 1 
101 38 162 21 22908 3 1 
126 34 41 25 12550 3 1 
164 39 44 15 24560 4 4 
121 37 169 22 25097 4 4 
85 38 44 17 24546 1 1 
127 32 289 19 9860 2 2 
88 34 219 17 22477 4 3 
128 37 231 26 14508 4 1 
167 38 99 16 12825 3 1 
76 35 207 22 552 3 1 
27 33 95 19 2522 1 4 
105 36 47 19 9249 4 4 
83 34 241 28 3416 4 4 
165 31 292 28 19879 3 4 
