400
156 35 94 19 65118 2 1 
148 32 88 28 55664 1 2 
113 39 237 18 19984 3 3 
78 37 266 28 64815 1 3 
96 34 244 19 43230 3 3 
77 32 260 21 27639 2 2 
145 38 224 23 32435 4 3 
156 36 202 19 128371 1 2 
60 35 139 16 46608 1 1 
17 33 220 23 116656 3 4 
45 32 65 26 78072 1 3 
89 31 243 20 5265 1 2 
53 35 298 16 97375 4 3 
74 31 292 19 73886 2 2 
93 33 133 22 105036 3 2 
50 35 268 22 14149 4 3 
125 35 80 28 37820 3 2 
43 32 82 28 34894 1 4 
133 38 70 19 42746 2 2 
132 30 103 24 49545 2 2 
77 34 80 21 18906 2 4 
82 38 131 21 7089 3 2 
20 34 119 23 102563 3 3 
165 38 167 24 109228 3 2 
136 35 196 15 1522 1 1 
44 30 81 26 37591 2 4 
18 33 217 24 91166 4 1 
98 33 72 18 50185 2 4 
138 34 264 21 72236 2 2 
107 30 262 23 86958 3 1 
157 36 274 24 58853 1 1 
101 39 214 22 57120 1 1 
59 37 158 21 127031 2 4 
78 30 129 24 98953 1 1 
71 35 248 19 7334 3 4 
125 34 204 15 35610 1 1 
48 32 274 25 119643 1 1 
41 38 45 24 122222 2 1 
29 35 277 26 25241 4 2 
108 36 101 27 16476 1 3 
50 35 297 19 21933 3 1 
28 36 169 26 105810 1 1 
138 38 64 28 63379 1 1 
119 30 297 19 25985 1 2 
154 32 163 24 32710 3 3 
150 31 191 24 28679 2 4 
77 32 38 29 125074 2 4 
84 34 177 29 23415 4 4 
76 31 274 15 36503 4 4 
86 30 174 20 122244 4 4 
47 31 192 25 42716 1 3 
89 34 70 20 43884 1 1 
152 35 284 19 98069 2 2 
58 37 126 27 51665 4 4 
114 39 82 19 81621 2 2 
97 39 119 18 33381 3 1 
80 35 119 19 69549 3 3 
107 34 179 16 4512 4 4 
161 30 256 28 76497 4 3 
42 39 294 15 113739 3 3 
58 37 140 22 111681 4 1 
81 35 293 20 102702 3 3 
133 31 179 15 85888 4 3 
113 38 132 20 60109 4 3 
149 31 133 24 105858 3 1 
38 33 195 15 43535 3 4 
40 34 206 20 72780 2 4 
32 38 291 21 122657 2 1 
54 32 43 15 56696 2 2 
99 37 222 24 83816 1 1 
127 35 251 16 77085 2 1 
151 38 109 19 7279 2 4 
95 33 289 24 109810 3 1 
116 34 228 15 111630 4 1 
78 38 217 29 61202 4 3 
171 35 286 20 62682 1 4 
32 33 55 27 38779 4 4 
169 35 125 15 97385 3 2 
47 39 112 20 47636 4 3 
43 30 175 21 90640 1 1 
110 30 62 29 96369 1 3 
118 37 267 23 98054 3 3 
104 34 229 20 120320 1 4 
98 33 104 17 93792 2 3 
136 38 130 27 85510 2 3 
126 39 231 21 54105 4 4 
107 34 196 18 37060 2 2 
15 37 141 28 21712 2 2 
94 33 240 15 85646 1 1 
152 38 166 26 55762 4 3 
68 34 185 27 605 2 1 
86 32 79 28 50502 1 3 
24 31 115 16 112087 2 2 
173 36 122 23 25935 2 2 
123 39 239 19 8122 2 1 
160 36 233 15 89168 3 3 
87 38 166 28 99482 4 4 
118 32 158 18 101089 4 1 
80 35 85 15 90349 1 1 
95 39 109 15 63672 4 4 
22 35 164 20 105316 1 1 
47 36 131 17 92617 4 2 
122 30 114 24 75132 1 2 
18 31 105 28 30109 2 1 
142 31 47 19 103970 2 2 
108 31 103 17 17691 1 3 
118 35 237 21 87661 4 1 
125 31 263 20 79227 2 3 
88 37 260 28 38141 2 2 
84 38 279 29 99762 4 2 
167 35 111 23 53323 4 1 
47 32 175 26 67239 1 4 
18 39 31 25 123147 1 3 
107 39 262 29 91177 4 1 
67 38 129 23 42830 3 4 
162 33 119 28 74926 3 1 
134 36 132 28 114994 4 2 
160 33 269 27 21727 3 2 
125 33 193 16 29319 2 4 
104 38 35 24 101694 4 1 
153 35 75 17 11807 3 1 
77 39 182 18 95048 2 1 
137 32 32 23 111848 2 1 
84 30 241 26 111209 3 1 
160 39 271 15 25517 4 4 
76 37 98 27 107886 3 4 
40 33 196 16 93810 1 4 
77 36 273 21 108603 3 3 
113 35 114 18 100812 1 1 
174 38 255 21 80069 2 3 
36 33 100 27 35101 3 3 
118 33 294 19 87153 3 3 
21 32 104 28 15374 1 3 
128 37 54 15 106114 2 4 
126 35 41 25 102438 1 2 
33 34 116 21 24038 4 3 
142 36 290 16 15696 1 1 
27 33 295 21 54329 4 3 
46 36 119 16 79412 1 1 
56 39 62 25 96731 3 1 
19 36 117 19 57015 3 4 
35 31 189 21 122494 1 2 
135 31 34 24 81716 1 4 
144 31 177 27 106946 1 2 
115 32 220 26 7840 4 3 
96 30 139 28 108165 1 2 
71 35 53 27 57805 4 4 
48 37 287 28 112062 1 3 
106 31 256 23 74759 1 2 
49 39 163 21 21346 4 3 
61 36 51 21 37122 2 4 
45 37 154 27 80396 4 4 
147 39 214 27 122454 3 4 
149 34 37 18 95417 2 2 
179 38 195 25 110582 4 1 
113 34 67 16 126531 3 4 
71 30 272 27 5891 2 1 
56 31 181 15 42324 4 2 
87 37 253 27 90869 1 2 
44 39 223 27 17287 1 2 
176 39 82 18 33716 1 1 
36 37 214 17 124430 1 3 
23 33 207 24 80910 3 3 
63 32 281 17 120846 4 2 
83 32 133 23 9577 2 3 
94 35 201 29 109858 3 4 
104 32 170 17 63776 4 1 
104 34 65 18 118832 4 3 
19 33 223 15 80693 2 4 
79 39 241 24 119726 3 2 
101 34 143 17 125108 3 2 
158 37 260 21 8371 4 1 
97 34 296 26 83703 4 2 
90 39 82 23 122349 4 3 
79 30 102 28 110747 2 3 
123 36 83 28 35012 2 4 
52 30 72 18 104220 1 4 
52 36 255 16 86292 4 4 
168 38 265 28 50776 2 3 
65 35 296 22 39666 1 2 
74 35 143 27 72559 4 3 
98 36 149 17 68754 2 1 
160 31 237 23 125903 2 2 
149 35 149 15 100682 2 3 
63 37 240 17 4011 3 3 
77 34 225 18 105932 1 3 
27 34 59 26 73424 4 1 
56 32 183 16 82231 1 4 
96 37 200 29 95587 3 2 
156 30 178 20 13685 4 1 
68 30 137 20 55722 3 1 
113 36 208 21 107854 2 4 
31 32 44 24 50779 2 2 
175 35 188 26 121399 3 3 
166 32 173 24 25159 2 1 
115 38 145 29 105148 2 1 
111 33 269 20 99222 1 1 
61 33 122 23 55104 1 4 
122 34 92 22 66184 4 1 
130 31 299 20 4660 2 2 
172 38 46 20 88501 3 3 
47 33 286 29 41549 4 2 
153 30 160 15 18141 3 1 
48 37 196 25 59918 1 2 
40 37 265 28 19901 1 1 
66 30 213 16 104152 1 4 
32 37 268 20 84772 4 4 
149 36 261 21 108877 3 1 
88 35 126 19 67968 1 1 
38 38 50 29 75065 1 1 
47 33 176 20 121532 1 4 
47 30 50 17 1863 4 4 
113 31 291 16 104803 1 4 
123 31 228 29 126588 3 2 
40 35 259 26 124032 2 1 
20 33 251 26 36193 2 4 
21 38 232 21 30043 1 1 
174 31 120 24 98585 4 1 
104 36 274 19 47194 4 1 
153 35 263 29 125272 2 2 
113 39 232 25 59174 4 2 
99 30 221 27 67994 4 3 
48 36 171 17 29577 2 4 
93 37 238 27 104711 3 3 
76 36 62 26 121475 2 4 
62 30 298 23 18443 4 3 
88 30 113 26 117174 3 1 
110 32 257 25 63148 1 2 
111 30 51 21 84316 4 1 
40 30 191 15 34261 4 4 
87 30 132 18 121607 2 2 
83 32 57 28 13986 4 3 
51 36 241 28 53224 4 1 
82 39 191 27 85627 2 2 
53 38 212 29 26448 2 4 
145 33 220 20 30303 1 1 
27 32 213 21 332 3 1 
110 39 82 24 47821 1 4 
62 37 38 17 77952 2 2 
50 32 34 29 57181 2 3 
144 37 142 28 91343 4 3 
21 39 86 15 125084 2 2 
106 38 154 19 112496 2 2 
133 35 164 20 123398 1 1 
176 32 177 27 37095 4 3 
107 34 135 16 60483 2 1 
48 32 225 27 97377 4 3 
27 35 62 28 105631 2 1 
122 39 199 28 28470 2 4 
85 39 249 18 20983 3 2 
118 37 228 21 51991 1 4 
128 32 38 19 39895 4 4 
16 37 83 16 35844 2 3 
111 39 100 19 30981 1 3 
137 36 227 17 127267 1 2 
98 32 274 22 126687 3 1 
154 35 81 29 83150 2 3 
113 35 274 26 7403 4 1 
111 30 71 25 77584 3 4 
107 39 44 21 44148 2 1 
173 38 143 27 87101 1 2 
106 31 110 21 25093 4 2 
129 30 51 19 17044 3 1 
63 35 71 19 65246 1 3 
157 37 263 16 38081 1 2 
143 35 66 29 52688 2 3 
123 38 142 20 75550 2 3 
90 30 163 17 34596 3 4 
131 33 230 27 98317 4 3 
63 38 278 16 124066 4 4 
96 38 42 19 126108 3 4 
46 35 284 19 37974 3 1 
95 31 182 27 102570 2 4 
129 30 234 29 79191 2 4 
39 34 206 24 80952 2 4 
19 33 93 25 41904 4 3 
32 33 188 22 30381 1 4 
79 33 50 27 6402 4 1 
98 38 193 21 24122 3 2 
95 31 32 27 85155 1 1 
99 38 257 17 122584 3 2 
168 33 80 17 94963 2 4 
25 30 249 16 28354 4 1 
114 31 118 16 5085 3 4 
34 31 166 29 113759 3 2 
30 37 227 29 86980 3 2 
158 31 293 29 82847 2 3 
176 32 238 16 98023 2 3 
139 37 132 21 109497 1 3 
56 38 160 15 107455 4 2 
70 30 259 22 63655 3 1 
37 31 177 17 100268 2 2 
131 31 148 27 36379 2 3 
41 38 225 24 99902 1 3 
20 33 100 18 40842 1 3 
34 34 98 21 66647 3 2 
34 36 234 26 15660 4 4 
148 34 271 15 5356 2 1 
49 39 165 26 99704 2 2 
178 33 239 27 122364 3 2 
26 35 134 26 96351 4 3 
147 34 112 17 97294 3 4 
30 30 107 23 120278 3 2 
70 33 171 19 108454 2 4 
96 36 147 20 22904 2 3 
100 36 115 16 54442 2 2 
56 39 241 18 101652 1 1 
139 31 132 16 29560 4 4 
27 32 88 21 10932 3 2 
102 31 242 18 88085 1 2 
52 30 164 16 38918 2 4 
64 33 249 17 55987 3 3 
68 39 33 25 83137 2 2 
37 37 129 16 128400 1 3 
54 30 236 16 62102 3 3 
104 32 265 23 93062 4 3 
129 33 273 27 101966 4 3 
145 39 290 20 77101 3 4 
161 39 110 15 37153 1 1 
175 38 72 26 37364 1 3 
15 38 95 21 127829 3 2 
115 38 289 22 10577 2 1 
59 32 108 24 82256 4 1 
128 39 222 28 111341 1 3 
44 35 291 26 66476 2 4 
97 34 261 21 126595 1 1 
125 32 100 17 62265 2 1 
67 38 152 15 92409 4 4 
65 36 154 25 25644 2 4 
166 33 229 23 101688 1 3 
72 33 102 27 26627 3 3 
169 32 35 24 44419 2 4 
116 30 57 27 46716 1 4 
80 37 195 24 53045 4 2 
79 37 31 22 6493 4 4 
36 35 52 21 13861 2 2 
121 34 200 25 6899 4 4 
105 39 106 26 98608 3 3 
35 35 155 24 13856 2 2 
86 30 279 23 100761 3 1 
163 31 201 17 16830 4 2 
99 37 35 24 13002 4 2 
161 30 294 21 98067 3 2 
73 39 95 23 88462 4 4 
37 31 270 18 38287 3 2 
36 32 34 24 80474 3 2 
28 31 31 17 36459 1 3 
114 35 290 17 82378 1 3 
24 32 268 21 7330 1 1 
106 38 226 29 86710 4 3 
47 37 193 21 14465 2 2 
81 35 41 29 29182 3 3 
121 36 178 28 40563 2 1 
134 33 58 22 76210 4 3 
160 38 212 26 36280 4 1 
117 38 272 18 119682 2 2 
44 39 106 18 83726 4 2 
92 39 227 26 50559 3 1 
60 39 110 22 46177 3 3 
112 36 263 17 34976 2 1 
122 33 270 19 84159 4 3 
176 38 226 22 49004 2 1 
29 38 111 28 10340 2 3 
140 34 212 20 111822 1 3 
50 35 177 25 29025 2 2 
65 35 101 15 82233 4 1 
83 30 159 17 17331 2 1 
164 36 104 29 55915 3 4 
60 34 255 24 60631 1 1 
28 38 219 22 83213 1 1 
116 33 211 18 14700 2 4 
131 38 280 29 23372 3 4 
154 38 134 15 120601 1 4 
142 30 75 17 44629 2 2 
138 32 50 18 70102 4 4 
90 39 201 19 50167 4 4 
76 38 205 16 74215 3 4 
87 32 207 21 93418 2 3 
125 36 180 18 23120 4 4 
97 35 31 15 14489 3 4 
170 36 151 29 90799 2 3 
95 31 77 27 800 4 4 
169 39 185 19 30275 1 1 
171 36 241 18 82689 2 3 
122 39 106 17 111153 1 4 
61 35 203 28 83651 4 4 
153 33 194 23 56680 4 1 
59 36 186 21 75552 2 3 
67 36 207 23 28905 4 4 
114 38 246 27 47876 3 3 
141 33 205 15 61596 4 1 
110 37 196 23 127702 2 2 
99 30 48 18 5688 2 4 
83 36 97 27 14500 2 1 
151 35 268 19 35606 4 4 
17 31 287 25 112468 3 2 
156 35 299 21 43245 2 4 
92 36 260 29 25332 3 3 
96 39 134 28 112082 2 1 
94 35 120 27 7346 4 4 
