450
78 33 260 23 33856 4 4 
75 30 174 29 60644 2 3 
51 30 210 20 48624 1 4 
86 36 236 26 122245 2 4 
99 38 146 19 77363 2 3 
111 34 123 22 101693 4 4 
59 32 107 27 53999 3 2 
123 39 74 20 74896 4 4 
163 34 45 19 62762 2 3 
36 38 127 28 31720 1 2 
176 30 260 25 24282 1 3 
149 30 215 28 121407 3 4 
57 32 45 19 141544 1 4 
162 36 72 23 35047 3 1 
123 31 297 17 28665 2 4 
147 33 222 29 74844 2 3 
155 33 192 24 86260 3 2 
172 37 196 22 72567 4 3 
52 33 254 20 139549 3 2 
77 31 286 28 74469 1 2 
121 33 67 23 54780 3 4 
110 36 198 17 25688 4 1 
45 35 136 25 114645 4 3 
89 32 238 17 16384 1 3 
149 34 225 18 15980 4 1 
88 31 174 23 30784 1 4 
117 38 86 29 136853 3 4 
52 34 39 18 52871 1 1 
63 38 112 27 54401 2 1 
141 36 80 20 112364 3 3 
117 30 42 29 38761 3 2 
81 38 138 24 122540 2 1 
142 35 184 21 105308 3 1 
127 33 215 25 6383 4 2 
31 32 164 29 32213 2 2 
144 39 40 19 123496 4 2 
139 35 262 23 122555 2 4 
147 34 221 22 117287 3 2 
151 37 90 19 61712 3 2 
39 33 235 21 45897 4 3 
134 33 48 21 94185 3 4 
19 33 289 28 93810 1 2 
130 32 160 17 15353 3 1 
15 31 109 24 48857 1 1 
161 38 93 16 88520 4 1 
118 39 213 15 17847 2 3 
34 30 121 22 58199 3 4 
152 35 227 19 63225 1 4 
175 38 237 23 111558 2 4 
49 39 245 25 68852 3 3 
107 35 147 22 133078 4 1 
33 39 164 20 22772 2 4 
42 39 114 25 42716 3 2 
74 30 50 16 33924 4 2 
120 33 186 26 86623 1 4 
173 33 203 27 13998 2 2 
117 32 264 20 77524 1 1 
163 31 108 23 61142 1 3 
121 30 184 21 134101 1 1 
90 36 278 29 14841 2 4 
47 33 159 25 80443 1 1 
119 32 179 18 52317 4 2 
132 36 126 15 84199 1 4 
41 30 50 20 58689 1 3 
133 35 252 25 118939 4 4 
75 37 38 29 135181 3 1 
177 33 98 15 77096 4 3 
68 39 216 19 5123 2 1 
64 32 157 15 128512 1 2 
106 30 163 26 130616 2 1 
59 34 36 15 71340 3 4 
136 35 163 19 12753 2 1 
31 30 116 17 100183 4 1 
144 30 178 21 102613 4 4 
60 37 255 23 109008 3 4 
98 38 84 25 16597 2 3 
85 36 145 17 25769 4 1 
81 36 39 22 110154 3 2 
98 32 273 24 74061 2 2 
131 31 229 23 66971 2 3 
33 39 143 25 7188 3 2 
107 31 67 25 35927 3 2 
101 31 192 29 74264 3 4 
91 34 177 20 58350 3 4 
112 32 272 23 20120 4 1 
78 32 130 27 20148 3 1 
157 38 221 17 37520 3 3 
135 32 186 29 74868 3 4 
45 30 259 25 85978 3 4 
91 33 70 27 81077 4 2 
34 34 126 22 618 2 2 
108 34 118 15 119806 2 2 
137 36 67 29 92401 2 3 
107 30 79 28 96035 4 3 
20 37 247 29 61073 1 4 
18 39 154 18 49631 3 2 
45 30 239 23 36769 3 1 
143 32 56 28 30559 1 1 
143 34 287 27 38128 3 3 
168 37 182 17 89660 1 2 
80 35 265 16 25762 4 1 
173 35 127 24 49109 4 2 
132 34 227 20 49791 3 2 
151 35 294 18 104834 2 1 
40 35 178 16 114868 4 4 
68 33 197 26 49131 3 2 
127 35 273 23 33644 2 2 
95 32 281 29 76295 3 2 
58 37 248 19 99268 2 4 
36 37 205 22 75225 3 3 
18 37 129 23 12465 2 1 
70 35 184 24 14331 1 3 
68 38 245 28 109341 2 2 
119 38 257 23 90782 4 4 
65 39 50 26 27514 1 3 
136 31 157 29 102793 4 2 
45 36 84 16 25731 3 2 
127 35 69 17 91143 1 1 
84 30 256 26 40806 4 2 
36 39 214 26 126189 3 3 
148 33 186 29 123579 3 4 
94 34 59 25 99579 3 4 
115 36 256 18 138853 1 2 
78 33 134 15 87610 4 3 
157 34 261 28 97792 1 1 
15 39 54 17 47689 3 3 
47 38 60 22 1121 3 2 
121 33 271 28 76057 2 2 
81 31 118 28 141979 2 1 
173 34 175 24 47738 2 4 
162 33 138 27 35518 4 1 
167 36 254 29 91477 1 1 
72 31 110 24 104284 4 4 
144 38 167 28 21851 3 2 
64 35 141 26 27021 2 1 
158 35 136 25 120592 2 1 
150 32 94 21 5839 4 1 
115 38 203 26 31039 1 4 
71 39 159 22 88294 4 2 
82 39 277 23 7865 3 1 
18 30 161 28 75569 3 1 
124 38 196 21 129755 2 2 
144 35 194 22 106418 3 3 
38 30 246 29 63709 2 4 
174 35 47 22 50176 2 4 
58 36 87 29 53183 4 3 
28 31 83 24 23147 2 1 
178 35 236 25 104995 3 1 
153 36 105 19 60501 3 4 
175 37 131 22 141701 3 2 
92 30 113 16 75120 2 1 
159 32 61 23 63192 3 3 
80 32 137 18 93537 3 1 
74 35 221 25 36602 3 4 
93 30 146 19 102818 4 1 
172 36 167 20 26406 3 1 
94 38 203 15 51896 2 3 
19 38 259 28 103407 2 1 
20 33 182 27 102630 2 2 
38 39 108 15 40301 3 2 
145 30 222 16 1441 2 1 
67 35 199 24 103344 1 1 
111 34 150 25 7499 1 3 
70 35 180 16 66850 3 3 
39 30 191 22 106293 1 3 
65 31 91 24 2532 4 3 
62 35 275 17 60239 2 1 
35 38 264 17 99378 3 4 
142 38 208 26 136411 2 3 
139 32 103 23 76236 2 4 
102 39 166 18 7586 2 1 
112 31 290 29 127551 1 1 
167 37 152 18 109782 4 2 
153 36 192 26 136554 2 3 
89 37 266 25 66588 4 1 
32 34 240 24 55321 2 1 
122 36 107 18 111849 3 3 
54 30 258 18 85097 3 4 
94 34 52 25 106248 3 3 
65 34 129 20 134688 3 2 
53 36 33 20 49892 1 4 
107 32 96 29 19214 3 1 
48 39 269 17 121117 1 4 
22 35 140 26 45934 2 2 
93 33 171 20 98754 4 2 
89 34 268 17 58003 3 2 
66 31 93 28 105734 1 2 
130 33 79 17 141445 3 1 
76 31 291 22 31410 3 4 
84 37 113 21 24868 2 3 
158 39 246 28 72780 1 2 
53 30 216 24 87878 3 4 
68 32 37 25 60863 4 3 
98 33 174 29 26266 1 2 
149 35 109 19 128267 3 3 
79 39 121 15 93490 3 4 
178 32 263 23 87279 3 4 
111 38 126 26 43763 1 1 
169 32 88 27 56422 3 2 
176 32 98 27 17361 4 3 
21 30 271 25 83240 3 1 
102 39 273 27 68853 4 1 
34 33 265 25 117083 4 3 
50 35 228 26 105204 3 3 
17 35 40 29 48328 3 4 
125 36 159 22 40714 4 1 
147 30 39 29 5973 1 2 
125 38 175 27 139516 1 4 
103 33 261 19 28947 4 1 
27 35 36 23 26027 4 4 
26 33 173 19 64509 2 2 
53 31 159 15 104122 4 3 
39 34 138 20 6109 2 3 
158 37 260 19 938 2 2 
162 30 289 27 100058 3 2 
114 38 205 27 13337 1 1 
51 30 215 22 21352 4 4 
127 37 81 26 19904 3 3 
128 39 223 25 2924 3 2 
121 35 97 19 132593 3 4 
66 30 199 21 82494 1 2 
129 30 48 15 43902 4 2 
43 33 64 26 54695 3 4 
58 32 255 27 93192 1 4 
52 30 153 17 116294 1 4 
113 38 95 25 130626 3 1 
34 36 81 23 1332 2 4 
164 32 290 21 77711 2 1 
65 37 123 26 40619 2 1 
149 33 268 28 90779 1 3 
83 37 168 23 86030 1 2 
103 32 96 24 55547 1 3 
172 39 254 19 117160 3 4 
153 38 56 23 126561 1 2 
134 30 49 21 39874 1 3 
111 34 126 29 109671 2 3 
28 32 64 20 6795 1 2 
91 31 56 25 133604 1 2 
118 31 137 19 111571 2 2 
52 37 41 18 74729 1 3 
140 35 157 22 8740 4 2 
177 37 108 24 108777 1 4 
137 39 129 15 20842 3 2 
133 31 228 20 91813 3 2 
86 32 65 16 85914 1 1 
118 35 161 21 30907 4 4 
152 34 46 24 25475 2 4 
48 32 251 20 127257 1 3 
18 30 98 17 138017 1 2 
105 34 65 29 109772 4 2 
89 36 156 24 104432 2 3 
32 36 216 22 100993 4 2 
112 37 49 27 8594 2 4 
60 34 133 24 30382 2 2 
77 36 248 19 30544 2 2 
147 33 193 25 66116 1 2 
173 39 104 21 137148 3 2 
114 39 235 22 10741 2 4 
143 37 67 29 22081 1 1 
153 37 211 17 30794 4 4 
38 39 107 20 128674 3 2 
83 39 236 23 130451 1 1 
30 32 282 26 76263 1 2 
167 33 53 18 9735 4 1 
96 35 256 15 118154 3 4 
97 39 240 20 113238 3 4 
93 37 165 16 60023 4 3 
151 32 203 22 62017 4 3 
136 32 149 18 90108 2 1 
63 35 68 18 104770 1 2 
101 39 270 28 12329 3 3 
94 36 204 27 85113 2 3 
130 39 265 23 99976 2 3 
110 38 192 26 117101 4 3 
96 31 58 19 77313 2 1 
23 30 232 19 76932 1 4 
170 31 232 23 35132 4 1 
172 38 58 21 55119 1 2 
24 31 109 23 98964 1 1 
97 36 72 17 84031 2 2 
118 32 156 24 107497 3 4 
173 39 128 18 45109 1 4 
94 31 89 20 18900 2 4 
94 37 131 24 127677 4 4 
67 36 103 24 25323 4 2 
77 31 204 28 71968 2 2 
81 33 202 23 31947 1 2 
143 36 155 27 11820 1 1 
127 32 241 22 23919 1 1 
50 38 120 19 123565 2 3 
178 31 43 24 73866 3 2 
74 30 154 15 71997 1 3 
137 39 207 26 25292 1 3 
155 30 190 25 48672 2 4 
21 30 268 27 13882 3 4 
152 31 156 24 93384 3 3 
74 33 99 26 51653 4 4 
164 36 231 22 67525 2 3 
85 39 30 28 38981 1 1 
93 35 243 29 94324 3 1 
19 38 85 29 2164 2 3 
59 39 223 28 39333 4 4 
170 36 227 20 115525 3 2 
85 37 157 25 97346 3 1 
138 34 270 27 87162 4 3 
160 38 110 27 9028 3 1 
96 35 169 17 77796 2 4 
97 39 68 17 40296 2 2 
106 30 151 20 78693 4 2 
165 37 211 28 109504 2 2 
34 35 59 17 94123 3 4 
51 31 40 17 129905 4 1 
33 39 81 15 125769 2 1 
17 38 128 27 136854 3 4 
72 36 37 15 95663 3 4 
15 32 108 19 135692 4 2 
60 39 269 15 131488 4 4 
24 34 187 28 97198 4 4 
76 32 260 27 100541 2 3 
168 32 114 21 76307 3 1 
108 31 212 26 11625 4 3 
144 37 261 16 109162 4 3 
121 36 134 23 132237 3 1 
86 36 192 23 17883 1 4 
32 32 299 21 70063 2 3 
49 37 240 15 120219 4 4 
167 38 238 16 103366 3 4 
71 39 274 27 69726 4 3 
22 33 152 22 43717 2 2 
69 35 286 17 14194 2 3 
49 38 196 27 110131 3 4 
30 36 32 18 6767 2 3 
120 30 112 17 41720 2 2 
65 30 54 21 128830 4 2 
98 39 149 28 108452 4 4 
124 30 158 22 86686 2 2 
88 38 37 29 22817 1 4 
106 37 85 24 90489 2 1 
53 31 178 26 53972 2 2 
107 37 43 19 48326 4 3 
60 36 180 18 122397 4 3 
126 33 83 16 48512 2 4 
59 36 164 18 125620 1 2 
80 34 143 28 141249 3 4 
102 39 293 16 71831 2 3 
52 39 294 24 48210 3 2 
41 30 284 28 25538 4 3 
42 35 190 21 133424 3 1 
135 30 86 24 24919 4 4 
61 34 58 26 90958 3 3 
56 36 208 26 97102 4 1 
49 32 167 26 112218 4 4 
149 37 147 18 111044 1 3 
107 34 290 23 49907 3 1 
179 30 137 19 126211 1 2 
21 34 269 28 53334 2 2 
143 37 129 15 140675 1 4 
50 35 288 25 137949 4 1 
154 31 210 17 24872 3 1 
142 33 187 27 17420 3 4 
80 36 51 27 22620 3 4 
60 33 286 28 131814 4 1 
166 34 179 15 82599 1 1 
129 38 42 20 131792 3 2 
48 33 63 28 75181 1 4 
39 33 166 25 53489 3 4 
105 38 188 29 103405 4 1 
99 36 193 17 47095 3 1 
166 34 102 24 130617 4 4 
114 33 222 18 116030 4 1 
159 32 266 18 58394 4 3 
107 34 55 26 18371 2 3 
54 38 291 23 120170 1 4 
78 32 127 29 117626 1 4 
163 30 266 24 69386 2 1 
88 38 107 26 105745 2 2 
148 37 130 22 126265 4 1 
62 33 53 18 128532 4 4 
159 31 261 29 31893 3 1 
148 32 174 15 48740 3 2 
45 36 70 28 50736 3 1 
18 32 232 17 136569 3 1 
68 38 172 21 73585 2 2 
27 36 69 29 8681 1 3 
121 38 212 20 34199 2 2 
37 31 61 29 50074 4 4 
87 30 33 26 33405 4 3 
55 35 203 22 117873 3 1 
94 35 268 24 99450 3 2 
30 31 160 17 92268 1 1 
73 34 115 25 95923 4 2 
115 33 41 26 68679 4 3 
164 34 54 24 53139 3 2 
45 33 179 19 120342 4 4 
59 31 166 28 7739 3 2 
174 30 138 26 53492 2 1 
124 32 188 29 24282 3 2 
17 30 244 27 49992 3 3 
44 32 127 29 47756 4 3 
106 34 169 29 2649 2 3 
74 37 181 20 39444 1 3 
70 32 225 26 40987 2 1 
97 32 210 24 90180 3 4 
24 35 112 28 131124 4 1 
141 38 54 22 15198 2 4 
122 39 43 20 57694 2 2 
148 34 219 20 53383 2 1 
178 36 244 18 40665 1 1 
15 38 279 17 82391 4 4 
58 35 217 17 69113 2 1 
92 36 243 24 137371 3 2 
148 32 140 16 141379 4 1 
50 39 291 16 83476 2 4 
41 39 53 28 98568 4 4 
124 36 142 16 81922 4 1 
95 39 141 25 89247 3 3 
146 38 290 27 80267 3 3 
134 32 41 16 107065 1 2 
48 37 286 27 41801 3 4 
27 38 282 23 68854 1 1 
84 38 152 15 86200 1 2 
99 38 41 24 84792 3 3 
65 31 227 28 3553 2 2 
71 37 282 26 75788 2 1 
171 35 280 29 49338 4 3 
32 31 149 15 139828 4 3 
17 34 202 15 135642 2 3 
39 31 248 20 55992 1 2 
122 35 77 16 71572 2 1 
63 35 44 23 96338 3 3 
42 36 237 20 53930 1 1 
125 37 215 19 132756 3 3 
39 36 164 29 44682 1 4 
36 30 249 25 81500 3 1 
80 37 58 15 79300 2 1 
165 37 224 27 90916 2 3 
78 34 59 16 78552 1 3 
131 34 83 26 109131 4 3 
70 30 94 25 89317 1 4 
66 35 42 22 99836 4 4 
161 38 62 20 26167 2 3 
97 30 109 27 87358 4 4 
165 31 136 17 77195 1 2 
168 31 148 28 8004 3 4 
41 31 39 17 32274 2 4 
20 31 277 18 122160 2 1 
167 39 76 16 85749 3 4 
41 30 254 18 87490 4 1 
169 33 290 21 64216 1 4 
28 36 43 18 49478 3 2 
