200
1 2 4 6
53 54 148 16
17 34 70 16
25 1 54 16
50 39 128 19
61 54 160 9
32 37 96 15
52 7 101 12
28 33 94 14
43 46 130 19
41 8 82 2
49 34 124 20
41 0 76 20
59 54 160 12
70 59 179 18
32 41 107 18
61 60 166 15
27 32 92 19
85 70 214 11
78 63 199 10
16 6 49 19
81 66 198 22
27 32 88 14
50 4 98 1
25 34 86 5
17 24 64 9
67 48 164 18
43 4 80 17
66 61 178 10
66 52 166 21
49 38 128 24
38 44 115 15
64 48 163 14
41 7 84 2
42 40 117 1
67 60 180 20
23 38 86 1
62 60 165 4
51 36 124 18
28 5 59 23
85 66 208 7
41 50 124 9
66 51 164 8
79 58 196 17
68 52 164 14
74 3 128 11
62 53 161 14
38 37 105 20
89 70 218 19
45 38 122 11
34 39 109 15
74 6 132 1
42 45 119 2
63 42 150 12
46 2 83 10
55 3 100 14
89 6 154 13
62 56 160 18
49 4 94 13
59 40 138 4
58 0 101 13
64 6 120 10
48 8 96 23
58 47 152 23
39 2 76 20
73 52 178 21
26 39 90 21
20 7 52 9
39 34 106 24
79 8 142 10
47 50 136 8
86 67 210 9
18 8 46 17
19 7 46 15
41 36 116 19
53 5 94 16
21 1 46 22
35 6 76 9
68 8 124 9
16 22 63 21
56 45 146 11
32 27 93 16
53 4 100 24
22 25 70 11
37 46 116 8
25 5 54 6
52 4 95 6
79 52 180 21
33 36 100 20
73 60 182 21
39 46 114 20
18 0 44 17
46 49 129 9
63 54 164 19
55 44 142 9
42 35 117 10
46 48 128 17
24 41 95 6
51 36 130 17
58 9 109 2
57 42 138 20
27 6 62 21
61 46 278 24
32 42 164 16
88 9 335 9
41 34 188 3
33 36 168 24
46 41 214 24
72 62 327 23
82 70 376 15
20 29 111 6
67 58 312 13
62 42 276 8
64 46 285 20
86 54 370 11
45 7 174 4
62 59 288 14
54 2 203 20
19 1 84 13
87 9 328 7
36 3 139 19
69 54 308 11
36 8 148 9
29 34 146 13
32 45 174 2
60 3 228 9
34 0 132 9
89 70 400 3
42 42 207 19
39 34 180 19
51 6 198 22
69 0 254 12
20 35 117 7
61 50 282 3
53 6 206 20
72 8 273 2
28 5 119 8
62 1 228 16
42 34 195 3
86 64 384 22
83 52 362 13
70 60 318 21
56 3 212 1
48 5 184 8
83 1 304 2
21 7 92 8
27 8 116 1
44 39 205 17
77 8 290 2
46 2 177 12
85 66 378 12
29 38 156 13
27 30 138 21
20 21 102 15
40 44 197 11
37 4 146 5
49 38 222 4
84 59 372 23
52 41 240 7
64 44 285 10
74 2 271 7
82 70 373 19
29 28 144 17
72 50 321 17
33 40 170 22
78 63 350 7
78 3 289 22
48 45 232 9
54 6 212 16
66 44 293 8
86 5 321 5
71 54 318 15
55 52 260 13
61 44 276 18
50 48 241 7
26 9 114 10
81 62 360 1
29 42 156 6
16 29 95 1
59 50 268 2
36 39 178 17
77 6 292 17
70 62 326 24
21 22 112 11
37 1 140 11
77 58 342 14
62 52 286 12
62 56 285 10
77 64 348 12
25 32 136 7
24 31 134 19
65 44 288 19
81 64 364 21
88 72 397 10
61 48 280 23
30 7 128 3
33 40 166 12
57 44 254 16
24 3 104 5
41 38 196 6
82 6 310 16
