500
1 2 4 6
23 3 50 13
85 54 198 21
30 42 101 16
35 42 112 22
17 30 72 9
23 24 74 12
58 0 97 3
27 26 82 19
75 9 140 2
46 46 129 17
52 37 132 2
44 45 126 20
50 51 136 21
54 56 150 6
41 40 112 3
50 48 135 19
22 36 86 11
57 46 146 2
74 63 193 3
83 8 144 21
47 52 134 9
78 61 189 15
20 3 44 6
65 44 154 6
82 57 197 24
43 42 118 8
16 23 60 12
31 3 60 9
83 56 194 19
38 1 77 17
63 52 158 22
17 0 36 13
38 5 73 5
28 24 82 16
32 4 67 2
29 38 100 2
16 19 59 3
28 32 90 18
21 36 86 19
72 0 123 1
24 25 77 10
25 2 58 21
74 54 181 8
34 5 73 4
51 38 130 24
27 24 82 6
51 36 130 1
37 44 112 20
26 4 55 19
32 41 99 13
33 34 98 11
41 30 104 3
69 62 184 14
45 36 114 13
16 7 50 23
15 5 38 20
86 64 207 2
80 1 136 11
59 52 156 24
63 58 170 22
86 57 201 15
81 6 146 3
15 4 38 24
54 45 140 4
15 34 72 4
25 30 84 21
59 5 110 1
22 36 79 2
40 37 114 24
19 0 38 19
86 0 139 18
40 1 75 4
70 55 171 3
62 50 159 10
77 66 200 3
31 9 72 22
53 5 102 2
29 2 64 1
24 24 71 10
25 7 60 22
18 9 46 7
77 9 140 21
19 24 64 17
78 60 190 17
20 6 55 4
72 49 170 23
27 32 86 15
18 22 60 23
83 60 202 17
42 49 131 23
57 50 146 18
49 52 144 4
30 0 63 2
15 24 58 5
73 56 176 17
61 42 150 5
66 56 165 4
53 44 140 14
87 6 154 12
69 62 178 16
42 42 121 17
54 39 136 21
20 29 77 24
49 7 90 19
30 34 95 11
24 23 73 19
53 0 92 13
45 5 82 4
28 40 97 17
38 31 102 9
69 60 178 6
17 28 64 6
55 0 92 22
70 53 170 21
19 30 74 14
52 53 150 17
61 54 158 24
29 9 70 3
64 46 159 4
68 54 169 2
15 8 48 3
46 37 121 7
28 4 56 6
36 36 105 21
64 47 158 17
60 53 153 6
40 30 106 13
45 40 122 19
35 30 94 9
81 8 144 21
55 9 104 9
23 32 82 6
79 9 144 12
20 23 71 10
47 44 130 21
21 26 74 3
84 1 144 13
29 42 104 10
83 60 194 14
31 42 100 7
30 35 97 22
62 46 151 4
47 44 130 18
49 52 144 10
47 52 142 5
48 9 91 23
15 7 48 3
87 66 216 3
77 8 136 14
30 3 66 23
80 60 197 13
69 6 124 15
65 46 156 20
64 1 108 14
71 50 168 19
48 38 126 7
75 66 192 12
31 40 102 1
15 3 40 8
86 3 147 4
27 26 86 22
26 2 60 13
72 47 171 23
57 44 146 9
28 1 57 5
38 8 76 11
37 3 74 10
49 3 88 4
73 54 182 19
46 39 126 18
72 58 184 10
72 48 171 17
29 7 62 10
71 58 174 4
84 60 203 9
27 30 84 24
66 59 176 15
15 30 64 9
88 7 151 4
36 47 118 5
24 26 81 15
40 44 117 17
76 55 181 8
41 6 84 9
34 8 77 23
76 51 178 23
22 2 47 19
56 52 148 13
79 0 128 13
31 28 92 11
25 22 74 14
86 60 205 5
48 45 132 24
16 6 42 10
82 9 150 18
18 36 78 5
20 36 84 21
76 4 137 3
47 42 130 19
32 4 69 7
42 8 84 1
46 3 87 2
88 6 150 1
81 64 200 17
19 26 72 15
24 31 79 15
78 8 142 19
52 6 97 1
17 3 42 8
73 62 188 20
34 35 102 14
60 41 147 10
24 30 80 21
40 3 77 5
77 62 196 20
58 48 152 16
38 32 99 15
63 3 110 3
43 2 80 23
44 47 124 14
33 28 88 14
23 28 80 16
77 60 194 7
15 9 44 3
29 26 86 11
57 44 144 15
31 7 64 4
20 1 45 11
48 46 137 1
53 8 98 8
72 8 126 11
58 55 161 16
23 38 92 17
78 55 191 24
50 40 125 9
86 58 198 21
75 60 184 3
50 5 95 24
67 56 174 22
50 40 134 13
61 60 164 6
86 68 211 3
82 70 209 13
16 3 39 3
50 37 126 21
33 0 60 23
81 4 144 20
86 55 197 13
37 2 74 8
72 50 176 12
53 52 146 22
27 7 112 13
24 3 104 20
22 26 122 15
63 52 284 12
26 30 131 12
38 8 159 23
21 32 120 15
29 42 162 10
16 29 104 20
66 46 291 11
18 19 98 17
53 1 204 15
59 40 256 1
44 8 180 19
20 31 113 12
66 49 290 17
26 8 115 4
70 63 323 11
15 30 96 5
22 8 96 24
56 6 220 23
34 32 165 1
50 38 228 5
70 60 316 16
63 7 242 13
36 0 140 19
23 6 104 3
34 40 174 11
39 30 180 3
23 9 108 1
41 40 194 11
33 28 158 4
54 56 263 12
43 1 170 6
23 34 126 3
40 49 199 2
52 39 233 2
31 38 166 23
86 58 370 12
78 58 347 5
46 33 213 23
83 60 362 20
51 5 200 17
53 54 258 16
39 42 188 24
55 42 244 8
27 26 134 2
82 0 299 7
33 42 176 15
62 9 243 15
69 62 314 17
52 9 210 15
59 50 274 7
82 3 307 19
87 58 380 23
27 38 150 18
43 0 166 12
44 40 204 24
48 43 227 18
84 60 365 21
38 40 189 4
19 20 100 12
15 6 68 6
61 2 226 12
33 5 136 4
17 24 100 22
40 46 198 3
82 3 307 5
60 1 230 14
88 57 380 4
63 9 242 8
26 39 148 20
64 47 283 1
40 38 194 20
56 40 252 8
86 59 371 19
32 26 156 18
78 3 295 3
47 9 186 8
69 48 306 14
38 29 180 15
34 4 141 16
44 2 166 22
29 34 152 22
37 28 172 14
67 52 300 23
55 42 250 1
63 7 246 20
86 69 381 10
88 67 387 18
70 53 310 9
59 52 268 23
30 7 125 6
52 9 205 23
45 5 178 16
15 28 98 9
64 56 291 14
62 7 243 8
55 38 244 8
73 9 280 23
38 6 151 19
32 27 155 13
85 5 316 6
71 52 320 12
39 46 202 20
35 42 176 11
89 70 392 11
83 70 374 8
42 2 162 6
61 48 280 20
47 44 224 23
51 38 236 6
88 64 385 18
80 58 351 6
56 0 214 8
25 1 100 8
52 44 236 17
59 52 272 23
57 50 264 23
16 4 77 21
64 48 286 6
19 7 88 9
21 22 106 23
41 9 166 6
49 36 222 16
39 0 152 24
67 52 302 1
32 5 128 9
85 4 314 2
84 7 315 24
18 22 97 17
87 70 388 22
65 54 292 9
22 34 124 5
46 44 217 4
67 58 302 23
45 36 212 6
77 58 342 23
55 9 216 6
45 42 216 11
79 5 294 21
18 4 82 13
62 47 276 10
26 41 150 23
80 51 346 10
79 64 358 14
82 55 359 16
58 2 218 9
68 9 265 6
66 3 253 18
45 44 216 24
41 6 160 22
27 5 114 18
84 1 312 9
27 5 116 12
48 35 216 18
19 20 106 13
36 33 176 23
46 36 210 15
36 33 174 10
39 34 182 11
24 26 126 21
73 46 316 14
33 42 170 4
81 60 358 10
48 0 183 20
15 5 70 4
42 4 161 11
33 32 158 10
68 47 299 17
59 5 230 22
23 34 130 1
84 71 380 23
82 61 363 10
41 38 198 5
78 57 346 13
17 34 112 15
87 70 392 1
62 53 289 21
54 7 213 4
68 63 314 11
63 44 278 22
41 46 204 8
85 70 386 11
76 4 285 16
34 35 164 9
49 38 222 12
54 0 199 15
38 31 175 20
71 48 308 19
16 36 103 5
58 40 255 13
44 3 174 16
77 52 338 4
59 50 270 23
86 53 369 11
17 24 102 2
53 0 198 11
84 8 318 8
24 2 102 14
17 34 104 24
72 48 311 13
80 9 301 23
45 32 204 9
68 63 315 15
35 1 142 21
43 6 174 8
34 6 140 7
81 60 358 1
21 28 112 21
27 0 108 3
52 5 204 9
81 50 344 11
34 29 161 6
25 7 108 4
38 34 178 20
82 63 363 9
48 44 223 9
89 58 380 10
27 36 142 11
32 41 172 8
32 29 155 7
36 31 170 24
76 3 286 18
46 2 175 6
75 48 328 23
80 57 351 8
19 34 112 14
89 0 322 16
84 2 312 15
67 0 244 9
69 60 312 11
31 32 156 9
68 0 254 10
43 32 192 5
40 49 200 19
84 7 317 22
54 49 254 6
46 48 224 15
27 30 136 3
71 50 316 23
62 59 288 1
52 40 234 23
51 46 234 5
58 54 269 21
46 0 173 18
20 28 116 1
82 6 310 19
80 65 359 17
