400
1 2 4 6
85 68 214 9
33 28 94 12
29 9 66 9
29 2 58 23
53 54 144 22
32 26 92 11
46 52 133 7
25 26 74 13
35 42 106 8
18 27 73 7
35 46 108 23
65 48 160 15
18 35 81 14
57 52 150 22
59 9 114 6
86 61 200 12
31 2 60 23
61 4 106 7
77 56 190 15
42 2 76 24
17 36 72 23
29 24 80 1
15 36 72 21
53 6 100 24
32 6 69 16
57 40 136 7
40 8 80 7
71 46 168 15
79 6 138 21
19 30 74 10
89 66 216 23
46 45 132 1
31 40 102 19
87 9 152 5
89 9 160 22
16 23 64 9
39 2 74 9
21 30 76 5
47 5 94 12
21 7 54 3
76 67 199 20
20 9 55 14
57 42 142 22
51 3 90 12
71 64 182 2
47 46 126 6
24 0 48 19
22 0 46 10
45 7 92 12
77 66 192 12
89 74 226 6
34 28 93 11
82 3 138 3
72 60 181 6
41 4 76 8
45 7 94 18
40 4 75 17
31 42 100 18
72 54 176 20
39 44 118 14
33 42 110 20
49 7 94 4
65 46 158 17
78 58 193 9
88 7 157 9
43 7 86 3
33 28 92 8
36 9 75 21
61 58 164 4
70 47 170 24
56 41 144 15
49 1 88 3
73 50 174 18
83 60 198 14
22 39 91 4
45 9 88 9
73 60 186 9
46 3 86 9
49 2 92 11
47 1 90 17
80 7 137 5
34 37 105 22
84 62 202 6
89 70 214 24
41 6 86 2
84 60 197 12
44 34 119 21
53 44 140 2
38 45 117 8
36 39 108 1
57 56 158 24
52 45 140 13
25 36 86 12
76 52 182 1
61 52 158 1
24 25 80 2
82 8 144 5
20 29 77 5
41 50 126 8
24 25 72 9
18 26 70 24
58 3 102 4
73 0 122 14
56 45 143 19
81 68 208 13
80 6 142 6
62 47 155 16
36 5 73 19
36 40 108 7
56 41 136 16
36 44 113 5
69 9 124 22
43 2 78 17
34 30 96 17
36 3 76 19
51 0 94 8
73 62 186 19
42 7 80 18
68 47 163 23
75 60 188 6
47 38 122 14
31 44 102 13
37 38 106 9
23 1 48 1
39 44 114 24
81 7 138 5
23 4 52 23
22 30 77 12
32 4 65 12
27 38 92 8
63 42 150 16
84 71 215 22
58 47 153 8
29 42 100 20
78 62 190 14
27 0 58 13
35 30 98 19
15 20 62 19
42 47 122 24
54 50 147 10
80 58 196 15
40 5 80 14
17 7 48 2
69 54 174 12
89 66 218 15
55 42 140 10
58 41 143 11
81 1 132 21
54 55 149 17
46 51 130 2
39 1 70 24
76 6 130 21
29 32 90 17
43 40 122 14
87 70 220 22
57 48 144 21
26 34 86 1
19 32 80 7
81 52 190 11
68 52 165 13
21 32 80 11
77 9 136 9
79 58 188 8
48 53 135 21
20 8 49 8
45 42 126 10
87 66 210 13
56 38 134 11
81 1 136 15
26 35 92 15
35 0 68 5
35 7 78 13
68 50 169 23
37 44 118 3
75 48 178 20
33 26 94 4
41 44 118 12
51 6 94 12
61 44 146 4
79 7 140 9
72 60 182 22
73 1 128 3
77 1 128 9
70 56 176 13
74 56 179 22
29 24 78 22
23 38 82 6
35 1 64 23
34 36 102 13
76 5 132 10
18 31 77 18
84 66 210 24
51 7 96 7
24 27 75 15
66 8 126 7
40 2 77 8
17 26 66 18
49 48 136 1
67 0 116 24
59 50 154 10
30 44 100 6
78 5 293 7
71 8 274 10
64 5 243 21
49 0 186 21
89 7 336 14
40 46 198 10
23 24 118 21
77 52 334 17
89 70 396 17
43 38 204 3
33 42 170 15
82 56 356 7
17 8 80 2
58 3 216 7
17 8 80 19
45 2 174 5
31 44 168 23
44 49 214 16
85 60 372 23
75 6 282 9
81 66 364 11
18 37 116 18
35 42 182 21
85 70 386 20
33 42 168 17
51 9 204 12
89 6 330 21
30 40 155 15
41 42 200 23
88 3 322 10
58 3 222 4
75 62 342 5
61 6 232 17
31 9 134 24
46 43 217 22
27 38 150 19
83 52 356 20
26 24 133 14
20 23 105 17
32 26 156 10
48 42 220 20
61 7 238 11
37 5 148 6
49 2 186 4
47 5 184 13
56 1 208 11
52 55 254 10
69 7 260 3
62 52 284 16
79 54 348 21
15 7 76 8
32 36 163 17
33 42 176 4
47 1 178 24
48 52 231 8
64 0 234 3
61 58 284 16
42 2 165 19
24 0 94 10
51 52 244 4
46 4 178 19
39 40 196 5
52 43 236 3
47 46 220 17
76 8 287 9
29 40 160 8
73 48 314 7
43 36 196 18
56 45 256 20
43 32 194 18
26 7 113 4
27 9 116 14
79 62 352 18
25 34 136 2
34 9 145 4
74 50 319 7
27 36 146 21
42 7 166 5
56 1 216 14
25 9 116 8
17 7 78 19
52 6 201 6
31 42 166 7
70 49 308 12
23 2 100 6
86 55 374 21
39 44 198 13
82 60 358 13
44 6 177 24
42 50 208 22
39 40 188 10
89 72 398 10
74 64 333 2
45 40 214 7
21 26 112 7
86 54 374 13
41 42 204 16
50 53 244 16
43 44 208 17
54 45 246 7
75 48 328 23
79 4 298 6
55 56 260 18
17 36 110 10
48 5 184 1
52 55 253 3
61 3 228 9
38 29 172 6
56 3 210 24
77 66 348 17
23 34 126 16
72 62 332 12
78 0 287 22
71 50 314 9
20 24 110 2
29 34 150 8
19 24 110 20
59 42 264 17
30 3 125 4
29 44 164 17
70 6 263 23
46 51 224 7
35 8 144 24
88 9 330 21
75 9 288 11
83 70 372 7
53 4 208 2
61 2 234 6
63 50 282 18
62 41 268 23
18 4 84 3
75 1 276 15
73 9 280 24
53 42 244 1
70 57 321 6
76 48 332 15
30 3 123 9
25 24 128 24
22 39 127 4
86 0 313 3
22 28 121 19
46 46 224 15
35 4 138 20
51 38 226 11
60 0 222 8
83 62 364 2
85 66 376 14
82 3 303 5
86 3 321 11
57 56 272 21
15 32 96 9
64 42 285 3
29 3 120 3
59 6 224 15
51 52 242 20
85 56 370 20
37 34 178 5
30 38 154 5
15 36 108 3
83 62 366 1
71 3 264 22
71 58 322 23
49 52 236 6
43 34 204 24
20 39 119 16
73 48 320 14
23 34 126 24
21 30 120 2
85 4 316 18
74 59 334 4
75 64 338 18
28 0 111 13
18 7 85 18
24 3 98 14
35 5 142 19
83 62 372 6
80 69 368 12
79 50 344 7
21 24 116 7
66 62 304 6
23 34 132 14
78 3 292 15
36 47 183 11
39 4 156 4
59 42 268 19
49 50 234 5
74 5 282 4
47 52 228 15
44 9 178 1
88 0 318 22
51 36 226 23
23 38 132 2
40 31 183 14
19 20 104 13
58 6 226 1
78 7 297 18
76 56 337 24
47 44 224 12
43 40 202 2
