250
1 2 4 6
87 66 214 8
30 1 61 6
62 1 109 15
25 24 78 22
72 63 182 16
70 57 177 21
74 60 184 8
40 8 80 20
79 4 134 17
67 58 178 9
85 8 146 4
73 56 176 2
19 36 80 9
50 47 135 15
62 7 119 21
82 61 194 8
54 53 148 3
41 36 110 5
48 52 139 17
84 67 212 23
40 0 70 23
59 52 160 4
55 4 100 18
68 50 168 16
19 4 46 11
65 44 158 8
38 8 81 7
24 0 46 7
72 6 132 23
23 3 54 23
24 2 51 10
85 4 142 13
58 40 144 6
23 28 76 11
89 60 206 23
15 18 52 19
31 32 98 21
59 44 150 24
48 45 129 6
39 34 112 16
68 8 128 24
24 7 57 4
21 28 78 20
43 0 76 6
65 58 174 2
76 60 187 22
73 58 184 13
62 54 165 22
20 24 66 17
29 28 86 14
30 5 61 10
41 42 118 8
32 33 96 12
58 3 100 16
43 44 126 14
62 5 115 1
17 20 56 2
79 68 196 20
83 52 194 16
40 38 112 11
31 32 96 13
39 42 112 21
58 0 103 23
48 8 92 6
84 53 189 11
63 6 118 15
80 58 191 15
62 8 115 8
86 1 148 21
28 2 58 9
15 32 66 12
28 24 85 24
25 2 56 13
41 32 112 9
47 42 124 5
58 39 141 23
57 52 152 5
24 40 86 10
40 0 75 16
36 29 96 11
81 52 192 9
28 1 59 13
28 39 98 15
29 38 94 6
81 64 202 24
37 9 78 10
17 30 74 17
27 34 94 5
61 1 108 13
33 4 70 24
89 2 148 3
64 50 159 15
71 56 176 7
18 7 50 22
67 52 172 18
47 44 132 22
78 66 194 3
53 9 100 12
43 40 116 2
81 2 142 10
15 32 66 17
76 0 133 23
63 60 174 3
50 44 138 3
31 1 58 14
44 40 117 5
84 53 189 14
16 29 63 19
18 28 74 7
75 50 174 19
17 5 46 9
50 51 140 10
54 42 139 7
44 37 114 4
30 31 93 19
17 24 66 13
29 32 88 11
74 55 183 16
78 50 186 12
72 56 174 3
83 62 198 10
73 1 122 7
64 53 168 12
74 61 188 7
50 9 102 17
53 2 98 23
77 50 334 5
83 0 300 4
52 53 245 19
67 50 296 1
43 38 200 7
40 47 200 16
79 6 300 11
67 62 314 7
72 50 316 14
67 48 302 1
59 9 234 19
71 54 318 23
19 7 86 3
75 50 326 20
50 50 239 18
28 0 116 14
30 37 159 15
33 32 166 5
15 36 102 22
36 1 137 13
80 0 292 21
71 7 274 4
78 54 342 22
39 9 160 11
62 46 280 6
43 5 172 2
52 42 234 21
31 0 118 8
80 1 299 16
63 0 238 16
81 52 348 22
58 49 265 1
25 38 136 1
78 6 290 14
23 40 134 13
57 52 262 20
72 6 273 15
41 44 200 20
76 6 283 5
28 29 146 10
80 6 300 8
39 40 190 20
85 62 376 5
78 68 355 17
64 60 298 12
39 40 192 10
21 34 126 5
79 58 352 14
89 64 386 3
49 38 226 17
52 37 237 1
44 51 215 24
77 7 290 15
49 3 188 15
34 43 172 11
63 42 274 19
46 9 182 13
79 68 362 19
30 29 144 5
39 7 156 8
59 5 224 6
36 6 148 23
24 27 122 23
34 40 175 14
24 1 102 8
55 4 214 20
30 4 123 21
34 4 140 22
42 43 207 6
78 9 293 2
81 6 304 19
46 36 212 15
78 7 298 20
17 18 96 12
48 53 235 13
80 63 362 7
21 34 124 7
50 0 189 8
50 8 193 16
59 9 234 22
48 4 189 5
28 4 119 7
35 8 146 21
84 8 319 16
37 0 144 18
87 4 322 17
70 57 313 4
26 27 132 22
47 40 218 20
64 4 241 9
57 50 260 8
64 59 295 15
57 42 260 2
39 2 148 13
83 52 354 24
57 46 256 17
53 42 242 8
83 6 306 17
89 70 394 2
24 33 135 11
16 20 91 23
72 9 277 6
71 46 308 3
65 48 290 9
70 56 320 12
52 8 207 6
51 42 232 5
81 5 300 8
37 4 148 21
27 34 140 12
39 40 194 15
35 32 168 18
35 6 140 18
75 62 336 5
68 46 297 10
48 40 224 4
62 9 238 19
63 58 296 4
41 40 202 24
64 60 294 7
78 66 357 13
76 65 341 2
87 5 328 8
17 30 102 22
