350
1 2 4 6
68 49 166 11
44 8 92 10
88 7 155 21
79 58 188 22
52 54 149 1
33 46 106 1
79 8 138 24
31 44 108 20
36 40 110 6
21 30 78 24
89 7 158 6
46 36 115 22
31 28 92 1
62 47 155 24
81 50 190 3
63 0 110 19
19 34 78 18
67 6 118 11
30 27 86 8
52 7 102 14
25 9 58 18
52 47 138 12
15 22 58 23
15 2 42 16
15 5 40 19
80 54 191 17
40 42 117 7
67 0 114 24
35 6 76 22
17 6 44 9
63 5 118 9
76 8 134 18
41 38 114 2
75 52 182 17
53 48 138 22
37 36 110 18
55 56 154 7
21 8 50 19
18 21 63 1
17 3 48 13
83 62 202 20
18 29 73 8
61 58 168 20
56 44 140 1
71 60 184 7
25 38 92 19
81 9 148 2
73 58 182 20
28 35 96 12
19 7 52 13
65 44 156 12
75 9 138 16
55 56 156 4
77 56 190 10
67 44 158 12
64 9 119 21
81 60 196 17
79 60 190 9
15 20 58 19
56 49 147 17
24 32 81 10
69 8 124 12
69 50 166 12
24 0 55 12
85 64 202 18
89 2 146 4
74 57 184 9
30 35 99 12
24 5 58 2
87 64 212 9
70 8 127 18
57 42 138 11
56 5 101 5
17 9 54 12
68 6 127 12
28 33 94 8
71 62 184 3
68 48 160 20
72 51 176 9
85 56 200 16
29 5 64 10
19 38 80 17
71 2 124 4
39 3 76 3
74 66 189 15
24 0 50 6
81 9 142 12
84 55 191 20
87 3 148 21
52 52 140 5
65 60 172 13
52 50 143 6
54 55 149 11
35 34 100 2
53 0 90 9
42 3 76 9
17 22 64 24
54 45 143 4
70 9 129 21
73 50 176 16
37 40 106 15
77 58 192 24
79 1 132 15
32 8 73 12
81 5 146 24
63 52 160 9
30 3 66 11
40 1 79 23
36 35 108 21
39 36 106 12
49 50 136 24
57 5 106 14
15 9 50 13
59 48 148 10
60 58 167 11
34 1 64 2
69 58 176 22
49 9 98 21
80 63 200 9
47 34 124 14
79 6 136 11
36 47 113 11
50 0 88 2
31 4 70 12
80 63 193 2
55 6 104 3
20 30 74 7
89 54 202 4
37 0 68 22
78 7 142 15
33 44 104 9
76 9 133 16
70 0 121 16
55 52 146 7
44 44 129 19
47 40 120 17
89 56 202 5
51 44 136 8
71 4 124 9
55 2 100 13
54 6 103 1
29 5 62 8
34 4 69 9
41 38 116 17
26 1 52 5
37 6 72 7
74 58 181 3
57 3 106 2
76 50 180 3
72 7 127 24
60 40 145 17
17 28 72 12
51 1 90 15
34 30 92 21
37 32 106 12
29 34 90 1
31 42 102 18
76 48 176 13
67 60 180 3
82 4 142 17
21 32 82 20
28 33 91 11
89 7 158 16
34 42 108 22
41 48 126 8
60 40 147 24
71 50 176 14
34 6 74 20
54 6 102 22
86 55 199 19
75 5 132 17
51 50 138 23
76 6 135 7
83 66 210 1
56 43 145 2
61 48 152 20
18 25 106 4
50 39 224 18
64 61 303 20
87 60 378 5
79 58 346 21
36 3 140 12
61 60 288 10
60 41 263 21
44 9 174 2
87 66 386 18
83 0 310 3
84 60 372 13
50 52 237 12
88 0 320 13
58 5 219 13
43 38 200 18
57 42 254 17
26 0 108 18
33 6 132 11
31 34 154 10
38 41 186 7
41 44 198 8
56 6 219 21
74 59 337 19
67 4 250 15
77 0 282 24
69 58 312 24
83 54 358 14
18 1 76 5
69 54 312 7
84 0 309 3
40 4 163 7
53 38 238 22
45 36 210 19
18 20 99 19
25 28 128 11
69 54 312 21
38 40 185 10
89 68 396 3
67 62 310 18
42 37 200 16
72 2 268 15
38 31 182 19
61 48 272 13
39 36 186 6
72 46 314 13
57 52 268 16
31 36 162 2
68 53 307 14
35 42 178 9
76 50 327 7
63 7 238 1
39 40 192 21
46 5 185 5
22 28 119 2
68 50 300 17
88 65 387 9
52 9 201 24
71 48 308 8
40 5 164 4
54 48 251 20
48 43 227 17
75 52 330 5
22 35 131 10
48 9 195 1
35 32 164 12
33 7 138 19
55 6 210 5
55 40 248 4
62 3 237 17
31 38 156 18
28 37 151 16
21 34 118 18
58 57 272 7
24 26 121 8
24 9 108 4
88 72 395 17
44 34 204 11
47 4 188 19
87 72 388 1
35 30 166 16
81 52 350 17
82 5 305 15
23 28 122 6
84 58 367 23
23 2 94 18
24 30 131 14
57 2 214 19
64 4 241 16
38 48 194 22
39 8 162 19
61 48 278 6
58 48 266 4
45 3 172 4
42 3 163 17
48 44 225 8
25 5 112 22
85 0 310 22
43 8 172 5
53 9 208 16
55 40 244 4
41 40 198 8
68 52 306 3
15 9 76 24
58 4 220 13
82 70 374 4
65 56 294 15
86 8 327 10
75 50 326 5
39 38 190 6
58 44 261 11
74 59 331 5
38 29 172 14
84 4 315 9
39 32 184 4
31 6 128 3
67 44 290 11
22 39 127 18
76 63 344 11
16 9 77 3
87 3 322 5
59 54 272 19
23 24 116 7
19 22 104 16
48 53 236 9
41 3 166 6
28 33 142 7
74 54 329 5
53 40 240 15
69 0 258 9
42 46 205 17
37 34 180 4
36 30 166 11
45 46 222 7
28 31 140 9
86 0 320 2
43 48 212 6
37 32 172 22
37 9 156 9
30 41 163 3
46 42 217 17
40 8 162 7
78 0 288 22
15 22 84 22
66 2 244 3
51 4 194 18
43 7 168 17
79 66 362 7
31 40 166 1
34 27 162 6
69 56 310 11
52 38 238 3
83 56 364 19
73 66 340 24
84 3 307 20
29 7 120 5
17 5 78 2
59 4 226 23
51 44 236 5
48 38 223 19
78 59 343 14
89 0 330 9
83 56 366 19
65 42 286 6
84 61 372 10
88 1 323 13
60 3 230 15
26 28 129 14
44 38 205 2
16 2 71 24
69 60 316 12
72 55 318 11
47 44 218 10
38 36 182 15
