100
1 2 4 6
43 38 122 12
67 54 170 17
78 50 178 15
75 54 178 9
41 44 122 12
35 30 98 5
89 5 148 5
72 3 122 24
63 50 162 18
43 0 82 24
44 32 112 6
42 9 87 5
38 35 105 3
70 5 123 18
39 32 104 24
20 23 71 14
73 64 188 6
61 8 114 11
75 62 186 12
87 68 218 18
67 62 178 1
66 1 115 1
41 46 122 23
44 42 122 16
41 44 116 21
88 54 196 6
54 56 151 15
51 52 140 6
89 3 146 7
67 54 174 4
73 56 178 4
28 25 79 5
85 54 196 10
25 38 86 1
78 9 139 8
35 38 106 9
19 26 70 6
77 6 134 9
31 36 94 4
86 61 200 21
33 7 66 5
24 6 54 17
72 2 121 23
55 56 154 5
72 53 176 10
54 42 139 22
82 55 195 3
50 1 94 20
38 4 71 15
68 45 162 16
60 47 149 9
56 40 255 14
88 54 373 22
39 36 184 16
80 53 345 10
80 53 348 9
50 39 231 24
45 48 220 6
34 32 170 4
23 40 138 24
83 68 370 13
15 3 70 2
28 1 113 5
62 43 271 13
36 0 145 3
76 52 337 11
84 53 366 5
53 54 254 20
33 3 136 3
71 48 310 10
83 7 316 20
41 48 202 24
32 40 168 20
57 4 216 10
31 26 148 3
78 61 352 2
85 58 370 22
23 24 124 3
29 28 144 21
82 64 369 7
23 32 124 21
41 32 194 21
38 41 192 17
57 44 254 14
82 67 366 20
48 49 236 2
20 34 119 24
79 3 298 11
71 46 312 9
54 52 255 14
78 58 345 8
41 42 200 23
71 58 320 3
36 0 140 12
41 46 200 8
80 0 299 16
48 47 226 23
45 1 176 7
16 34 106 13
40 1 156 18
