150
1 2 4 6
85 6 144 2
80 8 141 12
43 0 80 15
18 28 73 13
63 46 158 2
88 0 142 7
30 31 94 24
46 52 136 6
81 60 200 18
41 42 118 24
37 40 112 16
69 50 164 11
48 43 125 14
40 37 113 4
52 44 141 7
30 36 91 22
25 32 82 15
60 47 147 6
64 42 156 4
39 2 72 2
52 1 94 2
83 5 140 2
49 9 102 7
50 35 124 14
88 60 211 10
74 63 188 2
54 3 98 9
16 22 59 6
82 53 190 10
67 9 126 13
88 66 211 5
64 4 119 22
40 35 105 10
56 1 101 12
50 40 126 19
89 6 150 24
58 4 102 22
83 54 190 20
47 44 130 14
66 51 168 14
84 61 197 19
24 35 89 20
52 52 142 17
63 42 146 10
52 54 142 5
38 30 98 16
67 52 170 8
56 5 100 15
56 39 137 2
37 38 108 8
75 1 128 17
72 2 126 10
43 5 86 10
84 8 147 9
66 3 119 23
47 2 92 24
38 5 76 5
80 3 138 21
81 54 186 23
76 0 133 20
23 34 86 5
51 0 86 3
70 4 124 13
81 7 144 14
70 63 181 5
85 2 144 24
36 35 99 17
24 3 50 15
57 42 138 23
34 43 112 17
22 37 80 5
69 9 124 13
89 6 150 8
45 44 124 4
41 1 74 10
41 34 108 14
30 43 163 1
30 38 157 23
51 9 198 24
88 69 388 11
62 8 237 18
44 40 211 17
83 62 366 1
29 24 140 21
64 3 238 4
39 32 184 21
53 48 244 24
42 3 163 7
40 38 191 17
31 44 164 10
22 21 117 7
53 50 254 8
79 60 352 9
58 0 213 8
17 30 102 2
82 66 364 17
86 72 389 23
18 3 84 1
65 50 296 2
16 18 89 11
88 68 387 19
47 1 178 23
49 6 188 16
60 43 263 13
37 44 184 24
87 68 384 23
57 58 272 7
60 7 230 24
75 56 334 6
34 39 168 2
49 40 228 18
36 43 185 9
26 32 133 18
74 50 321 2
62 1 233 1
56 53 263 19
20 5 89 21
41 48 204 21
47 44 226 17
78 63 347 13
36 6 150 19
74 7 281 12
62 6 239 7
61 50 274 5
82 65 363 10
84 70 377 18
86 2 320 15
33 44 178 2
54 37 243 23
34 29 166 6
86 6 326 18
21 38 122 12
58 4 219 15
66 9 252 11
79 58 346 2
43 6 172 5
21 22 108 12
89 60 390 11
15 32 98 2
76 53 334 16
25 2 108 23
15 5 74 23
62 1 233 3
53 1 202 22
87 5 328 9
61 2 228 7
73 46 314 3
66 55 305 2
60 40 266 16
38 44 191 24
