300
1 2 4 6
25 36 88 8
66 2 112 4
51 0 90 17
60 59 163 19
89 56 204 21
39 46 114 7
76 0 126 8
60 44 145 24
54 44 138 11
30 1 56 5
17 38 80 1
37 28 96 13
67 48 164 14
31 30 86 3
72 6 126 17
28 33 92 14
73 48 174 12
37 2 68 11
67 0 110 18
58 44 150 16
52 6 94 21
40 2 75 7
87 66 212 16
85 9 154 11
69 2 120 3
52 37 126 4
31 36 98 21
36 4 71 6
66 4 120 17
43 48 126 6
38 44 117 13
69 64 184 4
76 7 134 20
25 24 76 15
85 9 154 14
86 6 148 1
48 39 122 17
37 8 76 15
64 46 152 1
83 2 140 24
53 4 102 23
43 36 110 3
67 9 126 13
64 0 106 12
58 5 102 20
23 2 52 5
77 58 190 24
70 51 175 6
86 2 142 3
88 4 150 9
53 46 136 9
53 50 148 6
56 38 141 18
60 4 106 19
26 4 56 19
83 1 138 2
38 38 108 18
62 59 168 8
27 40 100 2
16 19 59 1
46 33 112 11
55 56 150 12
89 7 150 10
79 2 136 23
80 62 200 23
72 2 122 13
83 9 148 8
37 32 106 8
20 27 70 22
88 59 209 13
57 4 102 15
73 8 136 5
34 39 106 2
52 41 129 19
33 46 112 2
54 53 150 4
27 9 64 3
82 56 189 1
30 32 93 10
54 37 128 24
32 41 101 10
48 51 139 24
23 1 54 8
88 73 217 9
61 56 162 16
40 47 118 23
42 33 107 24
39 38 106 24
77 58 190 7
22 26 70 12
17 6 42 3
64 3 112 7
68 46 158 14
87 56 196 13
75 48 176 19
53 40 136 22
39 38 114 6
15 36 76 21
45 52 134 11
88 64 206 23
69 46 166 11
63 2 110 21
57 56 156 9
86 53 198 18
87 3 150 10
38 43 116 9
72 0 121 14
64 47 160 12
57 50 146 8
48 47 137 20
27 24 80 6
83 66 206 15
87 60 206 24
68 51 168 18
73 64 186 8
23 30 80 15
39 42 112 6
75 1 132 24
74 2 123 21
85 70 208 7
72 63 182 8
26 24 77 2
60 41 148 3
72 62 181 15
56 43 143 5
27 3 56 23
50 8 101 2
46 35 119 8
74 65 190 3
66 44 160 8
27 6 62 14
46 35 122 12
51 44 134 2
81 58 196 7
63 58 170 14
51 46 138 22
63 42 152 3
21 1 52 7
31 30 96 4
29 34 90 6
76 59 191 8
60 52 153 8
78 65 194 13
61 48 152 13
64 59 173 21
63 5 112 13
32 43 102 16
31 6 68 18
32 27 86 7
31 30 90 2
81 64 196 8
55 42 244 19
26 40 144 22
19 6 92 22
17 6 80 18
80 8 307 15
68 5 254 23
59 8 228 10
23 26 116 21
38 35 180 12
52 40 237 9
27 26 132 24
87 56 380 18
22 34 122 11
38 34 182 18
56 47 255 10
52 6 198 5
68 44 299 3
74 3 272 3
48 38 220 2
57 54 264 2
31 32 154 2
80 5 304 11
60 47 267 17
35 28 170 7
81 2 300 10
64 51 285 17
53 1 200 24
39 44 196 7
75 50 322 10
39 7 154 17
71 56 322 20
19 32 110 24
20 8 95 21
47 40 218 10
15 36 100 11
58 45 267 8
15 30 92 9
56 7 216 10
70 57 316 16
86 4 318 18
87 9 326 24
20 36 124 4
82 8 308 24
40 33 186 20
57 54 268 10
43 42 212 17
89 64 390 24
39 6 160 19
17 20 98 20
59 58 284 10
16 31 99 11
25 8 114 18
53 44 248 3
55 38 250 11
34 39 168 3
68 6 257 4
33 1 128 11
69 3 262 3
30 2 118 7
43 50 218 20
35 4 140 11
63 48 280 10
89 70 400 23
88 57 375 5
76 51 335 4
29 36 156 24
41 34 192 17
79 1 292 5
22 6 102 20
37 6 146 2
79 66 360 5
40 37 190 1
41 32 194 11
56 51 266 18
73 48 314 6
58 46 265 1
87 58 380 9
83 1 308 22
24 2 102 10
54 7 212 14
36 34 177 21
78 57 345 14
51 38 230 16
55 50 254 10
57 54 264 24
74 66 337 15
52 6 207 11
55 0 202 19
37 3 150 7
60 41 267 8
73 62 328 23
39 7 154 21
27 30 134 16
86 53 369 10
29 8 120 3
27 28 140 16
65 62 306 14
27 38 150 1
18 27 103 17
15 26 94 17
81 58 360 1
28 0 111 10
67 54 308 7
66 55 301 8
80 65 360 7
48 0 180 24
84 4 309 14
29 30 142 13
48 36 222 3
82 70 372 4
25 36 138 12
70 4 260 2
80 65 358 18
67 9 258 17
79 3 292 5
68 6 255 10
82 2 299 23
33 40 166 15
47 6 186 1
50 49 236 5
55 52 260 1
70 9 264 19
22 2 97 3
72 46 311 16
85 8 324 11
60 6 227 8
37 5 154 9
74 1 274 14
57 46 262 18
16 8 77 20
25 40 138 3
26 28 131 5
50 7 201 3
79 56 350 9
80 63 361 6
81 3 306 18
42 8 170 21
48 49 236 18
21 0 88 14
70 61 321 24
46 3 178 14
50 42 236 18
26 35 138 5
80 55 354 2
36 44 187 11
26 40 146 15
38 4 156 24
58 41 259 5
44 8 181 22
