50
1 2 4 6
63 48 156 19
17 32 76 21
53 44 142 16
33 9 72 8
56 7 110 17
23 0 54 1
60 43 147 11
48 41 126 1
88 57 204 11
84 71 209 11
44 38 114 11
20 1 43 12
75 1 126 3
66 46 163 22
82 65 206 2
40 0 78 15
86 64 208 20
44 46 123 21
89 2 152 18
77 9 136 12
66 62 171 1
60 49 153 8
72 49 169 1
81 58 196 2
46 33 121 16
75 0 130 11
61 52 278 7
85 0 308 5
32 33 156 23
41 34 192 8
66 43 287 9
52 3 200 7
52 39 233 11
34 42 172 23
52 1 199 18
56 4 216 4
69 52 304 22
44 7 180 12
27 36 146 17
64 7 246 13
78 64 347 22
28 28 141 12
48 1 179 2
69 5 264 15
17 20 92 12
80 4 301 14
87 72 388 17
69 6 264 22
74 8 280 6
61 48 276 7
