450
1 2 4 6
83 54 194 13
78 51 182 18
40 42 114 1
78 60 188 1
21 34 80 19
70 48 168 3
43 50 126 14
50 48 134 10
67 1 118 10
41 50 122 24
53 46 144 9
62 45 152 2
86 70 211 8
34 36 103 10
38 35 102 7
59 56 158 24
38 1 68 23
55 38 130 8
36 47 117 1
73 2 130 7
65 8 122 14
36 29 95 9
41 38 114 19
51 46 138 24
80 66 203 4
65 62 174 12
81 7 142 7
21 36 78 7
44 43 125 23
28 24 85 9
63 50 158 13
84 62 200 11
70 56 177 10
39 3 72 3
38 31 107 18
34 8 72 15
48 46 132 22
46 1 81 16
48 43 126 6
35 9 74 17
69 52 174 20
41 36 116 15
79 58 196 5
81 60 200 24
38 7 76 15
89 6 154 22
52 43 138 12
66 2 120 12
42 49 124 9
58 48 154 10
24 34 86 16
31 0 56 3
58 3 105 12
18 22 62 8
58 55 156 12
73 0 126 4
49 7 94 18
60 5 109 19
86 1 144 1
40 40 114 13
33 3 66 15
56 3 98 13
88 3 148 23
51 40 132 7
39 36 112 17
42 45 127 6
70 0 119 7
85 58 204 12
59 3 102 16
89 66 216 23
22 31 82 21
42 31 112 1
27 42 100 11
34 43 109 23
25 34 90 6
25 42 98 15
69 64 182 20
67 54 164 3
34 4 74 15
38 43 111 12
17 0 44 3
42 41 120 3
37 0 68 6
69 9 130 4
56 41 141 20
74 0 122 11
60 9 117 11
59 40 138 4
16 33 67 4
47 46 128 22
19 8 56 12
42 40 121 19
67 50 164 23
51 46 140 7
42 45 125 18
15 32 64 18
71 48 168 3
68 44 164 20
70 62 178 18
24 28 78 14
37 36 104 19
45 40 118 11
49 44 132 5
45 46 132 2
50 48 140 8
75 1 130 3
88 7 154 14
36 40 111 24
73 58 178 18
73 48 170 9
77 56 188 7
85 60 202 15
46 8 94 8
50 50 144 7
81 66 200 23
51 6 96 24
42 42 121 5
82 4 143 8
17 7 52 6
28 41 93 3
30 34 97 10
44 48 125 6
55 50 150 19
34 0 70 15
19 32 72 20
24 39 91 5
25 22 72 17
23 36 86 10
42 8 86 7
19 28 68 19
53 38 132 12
64 8 121 16
27 40 98 5
59 58 160 2
18 35 79 5
78 64 199 1
72 62 186 21
79 3 132 5
26 9 59 10
59 56 164 20
25 42 90 9
20 9 49 9
59 58 158 16
72 8 127 19
15 7 40 8
81 7 146 10
56 3 100 18
27 38 96 7
48 8 92 21
79 60 196 2
56 38 139 9
32 29 91 18
29 30 86 6
41 38 114 12
41 44 116 15
38 36 103 17
89 4 152 5
78 6 135 6
16 35 69 1
82 70 206 22
19 32 76 21
73 6 128 17
60 55 163 12
84 70 208 5
51 38 126 10
34 8 77 22
67 48 162 18
72 48 174 23
88 56 201 1
82 64 205 14
60 9 109 21
26 40 92 7
51 36 124 22
73 3 124 2
54 51 147 7
42 49 127 2
83 9 150 5
40 5 79 20
65 1 110 13
52 37 125 23
57 46 146 1
50 53 144 3
54 5 104 18
69 52 170 1
59 56 158 16
29 1 60 15
33 46 114 5
45 42 124 18
83 68 208 5
24 37 84 19
50 4 97 7
30 7 67 11
34 28 89 13
36 9 81 9
34 36 101 8
86 1 140 18
80 51 185 6
85 56 202 15
34 28 98 21
36 32 99 4
28 41 96 17
48 5 90 13
86 6 152 6
62 42 149 23
49 48 136 8
36 34 105 7
58 1 99 8
73 0 120 14
31 7 64 14
88 55 199 20
69 9 124 8
35 5 72 5
38 46 122 1
40 9 86 13
51 38 132 4
32 26 84 2
44 43 123 15
61 42 144 2
88 54 203 5
34 2 69 11
60 48 155 12
61 4 112 9
82 9 148 2
80 68 207 21
78 1 130 14
67 58 168 14
78 8 295 3
58 7 228 7
60 4 228 24
18 38 116 24
46 2 174 7
72 49 311 10
73 60 328 5
15 28 98 3
69 3 258 7
42 4 165 3
36 40 176 4
68 59 316 1
46 40 217 1
28 4 121 15
71 0 266 10
23 24 118 15
72 61 325 7
18 25 104 21
30 41 157 7
88 5 329 22
62 6 235 12
78 0 292 16
19 30 116 2
65 3 244 12
72 48 316 12
59 50 272 1
77 58 346 8
76 5 287 14
16 8 81 17
20 21 104 18
18 4 79 8
86 8 326 19
36 30 168 6
42 4 169 18
23 8 106 10
81 56 358 23
35 6 144 1
80 8 298 10
64 48 284 24
64 42 285 19
61 46 272 21
77 2 286 10
41 44 198 18
54 5 210 11
74 64 333 10
74 52 321 17
88 7 331 17
64 59 296 1
76 50 328 21
53 0 200 17
82 9 315 10
65 60 304 2
47 52 228 22
15 24 88 23
16 27 93 4
56 6 215 10
73 9 282 6
74 2 278 10
23 32 132 3
65 46 290 19
42 31 196 24
49 52 236 11
65 6 250 24
76 48 324 21
63 5 238 12
54 47 253 21
28 24 135 21
89 56 384 10
17 36 114 24
28 35 150 8
33 32 160 22
63 3 236 14
68 54 307 9
28 9 118 3
81 2 304 6
34 46 179 23
43 42 208 19
77 48 330 2
23 28 124 16
44 45 211 3
20 33 121 16
35 34 168 8
40 38 189 24
17 34 106 20
37 1 144 23
20 31 114 3
83 0 308 20
44 43 211 8
28 30 146 1
39 40 188 14
68 2 255 17
89 64 392 15
34 37 166 6
75 2 280 18
55 48 258 8
46 46 221 5
75 58 332 6
51 50 248 5
72 46 310 2
81 54 348 1
23 30 122 22
61 48 272 19
67 58 302 23
20 34 120 22
89 56 386 7
32 2 133 2
33 38 166 23
81 9 310 7
89 54 384 22
56 40 251 13
21 20 104 12
21 34 118 22
64 46 283 6
81 1 294 13
82 57 354 2
82 68 373 6
81 5 302 5
69 6 264 19
59 54 276 18
29 26 146 19
65 62 306 21
42 4 162 11
52 52 251 17
87 9 326 22
89 5 332 6
34 45 175 3
43 42 206 1
34 0 130 10
79 56 350 6
75 50 330 13
23 34 126 3
81 52 348 1
72 52 322 19
22 1 94 18
40 36 187 22
53 50 250 23
54 5 204 24
61 5 236 5
53 54 250 7
84 70 378 7
28 34 145 18
22 27 122 6
45 42 216 20
76 48 327 9
44 37 209 19
65 48 286 16
19 22 106 9
78 63 350 2
22 29 117 2
16 35 105 11
58 43 259 20
22 0 93 1
51 8 202 9
62 4 234 11
27 24 136 20
37 36 176 1
55 4 208 9
67 0 250 4
63 4 238 6
67 50 298 19
45 44 220 9
76 55 333 22
85 60 372 10
70 64 324 19
34 42 175 10
84 3 310 15
33 3 134 15
16 5 72 5
60 50 275 16
26 26 129 1
73 7 272 13
75 52 332 9
87 72 386 5
20 29 114 15
86 9 323 24
28 9 125 11
50 35 228 2
34 36 167 13
64 49 290 8
52 3 199 16
70 63 321 3
17 5 80 2
65 46 290 24
59 4 224 7
62 6 238 15
19 2 80 5
17 18 88 9
52 6 203 20
28 37 150 14
63 4 240 16
63 50 282 14
18 22 100 18
42 5 166 3
61 50 274 3
30 37 159 24
28 26 141 15
75 4 278 18
70 5 264 21
38 37 183 6
74 6 275 11
74 4 276 8
23 34 134 18
87 2 320 6
81 50 352 8
86 3 322 23
75 62 338 3
27 36 150 3
46 1 175 8
35 5 140 11
72 65 335 22
74 60 329 24
38 29 175 22
66 49 298 11
42 7 169 23
27 6 112 11
45 42 216 12
19 22 104 8
45 48 222 22
56 48 257 2
55 2 210 4
63 54 290 10
65 6 248 15
74 4 280 22
87 8 328 11
